0.00000000	-0.00618656
0.02000000	-0.00309691
0.04000000	-0.00160405
0.06000000	-0.00365159
0.08000000	-0.00797194
0.10000000	-0.01003380
0.12000000	-0.00737199
0.14000000	-0.00215096
0.16000000	0.00072744
0.18000000	-0.00274189
0.20000000	-0.00990284
0.22000000	-0.01206053
0.24000000	-0.00706032
0.26000000	-0.00262048
0.28000000	-0.00227422
0.30000000	-0.00233759
0.32000000	-0.00187974
0.34000000	-0.00281244
0.36000000	-0.00764229
0.38000000	-0.01584059
0.40000000	-0.01443810
0.42000000	0.00459680
0.44000000	0.01991779
0.46000000	0.01192012
0.48000000	-0.00306216
0.50000000	-0.00772000
0.52000000	-0.01398070
0.54000000	-0.02930533
0.56000000	-0.03630603
0.58000000	-0.02508291
0.60000000	-0.01055278
0.62000000	-0.00736824
0.64000000	-0.01102441
0.66000000	-0.00808417
0.68000000	0.00515608
0.70000000	0.01887391
0.72000000	0.02802050
0.74000000	0.03964535
0.76000000	0.05033359
0.78000000	0.04647853
0.80000000	0.03413413
0.82000000	0.02981422
0.84000000	0.03054930
0.86000000	0.02801267
0.88000000	0.02874305
0.90000000	0.03869443
0.92000000	0.05374211
0.94000000	0.06895774
0.96000000	0.07716096
0.98000000	0.06981614
1.00000000	0.05247400
1.02000000	0.04209599
1.04000000	0.04252324
1.06000000	0.04019717
1.08000000	0.02598419
1.10000000	0.00483912
1.12000000	-0.01456692
1.14000000	-0.03003839
1.16000000	-0.04899748
1.18000000	-0.07347892
1.20000000	-0.08067668
1.22000000	-0.04922227
1.24000000	0.00083778
1.26000000	0.04016405
1.28000000	0.08067086
1.30000000	0.13415049
1.32000000	0.16001392
1.34000000	0.12969011
1.36000000	0.08864608
1.38000000	0.08205500
1.40000000	0.09190794
1.42000000	0.09381725
1.44000000	0.09194398
1.46000000	0.08892373
1.48000000	0.09006762
1.50000000	0.10569839
1.52000000	0.11440698
1.54000000	0.08306990
1.56000000	0.02289454
1.58000000	-0.03178646
1.60000000	-0.07638567
1.62000000	-0.12934600
1.64000000	-0.18969303
1.66000000	-0.22575488
1.68000000	-0.22019968
1.70000000	-0.19800933
1.72000000	-0.17922083
1.74000000	-0.15793170
1.76000000	-0.14649144
1.78000000	-0.16008314
1.80000000	-0.16734176
1.82000000	-0.13572429
1.84000000	-0.08424273
1.86000000	-0.03924339
1.88000000	0.00199433
1.90000000	0.04623271
1.92000000	0.09265601
1.94000000	0.13753010
1.96000000	0.17731928
1.98000000	0.22301049
2.00000000	0.27791774
2.02000000	0.30000000
2.04000000	0.25453784
2.06000000	0.17647233
2.08000000	0.10945247
2.10000000	0.04529083
2.12000000	-0.02556279
2.14000000	-0.08907223
2.16000000	-0.15562308
2.18000000	-0.23610496
2.20000000	-0.27891172
2.22000000	-0.23744639
2.24000000	-0.15876470
2.26000000	-0.09857097
2.28000000	-0.03400211
2.30000000	0.04199275
2.32000000	0.08952772
2.34000000	0.15229320
2.36000000	0.26669962
2.38000000	0.25705637
2.40000000	0.00296031
2.42000000	-0.24765743
2.44000000	-0.25577209
2.46000000	-0.14641330
2.48000000	-0.07888014
2.50000000	-0.02076556
2.52000000	0.02734123
2.54000000	-0.00108466
2.56000000	-0.08281833
2.58000000	-0.15301445
2.60000000	-0.19099761
2.62000000	-0.19352814
2.64000000	-0.16758752
2.66000000	-0.13361386
2.68000000	-0.10161335
2.70000000	-0.07066266
2.72000000	-0.03648587
2.74000000	0.00170585
2.76000000	0.02380165
2.78000000	0.01001711
2.80000000	-0.02115297
2.82000000	-0.04283385
2.84000000	-0.06264618
2.86000000	-0.08825833
2.88000000	-0.09446957
2.90000000	-0.06442145
2.92000000	-0.01326488
2.94000000	0.03942368
2.96000000	0.06819831
2.98000000	0.04316841
3.00000000	-0.01571475
3.02000000	-0.04207491
3.04000000	-0.01429293
3.06000000	0.02946024
3.08000000	0.07098372
3.10000000	0.11581091
3.12000000	0.13963060
3.14000000	0.11927660
3.16000000	0.07245329
3.18000000	0.02405994
3.20000000	0.00325627
3.22000000	0.05150596
3.24000000	0.14579750
3.26000000	0.18554650
3.28000000	0.13121868
3.30000000	0.04529590
3.32000000	-0.03639229
3.34000000	-0.12222819
3.36000000	-0.17168949
3.38000000	-0.13784780
3.40000000	-0.04844437
3.42000000	0.03575835
3.44000000	0.07060595
3.46000000	0.03915154
3.48000000	-0.03744507
3.50000000	-0.11741538
3.52000000	-0.15548227
3.54000000	-0.12078255
3.56000000	-0.04474096
3.58000000	0.00076717
3.60000000	-0.00491564
3.62000000	-0.02910200
3.64000000	-0.05102537
3.66000000	-0.05805373
3.68000000	-0.02641398
3.70000000	0.03226149
3.72000000	0.06223557
3.74000000	0.04341681
3.76000000	0.01348542
3.78000000	-0.00536311
3.80000000	-0.02064586
3.82000000	-0.02059116
3.84000000	0.01353847
3.86000000	0.07497553
3.88000000	0.13898135
3.90000000	0.16908513
3.92000000	0.14674175
3.94000000	0.10132062
3.96000000	0.05847816
3.98000000	0.01290024
4.00000000	-0.01412048
4.02000000	0.00648064
4.04000000	0.03807142
4.06000000	0.02808148
4.08000000	-0.00624731
4.10000000	-0.01543822
4.12000000	0.01062041
4.14000000	0.05032065
4.16000000	0.08626146
4.18000000	0.11663327
4.20000000	0.15313939
4.22000000	0.19633336
4.24000000	0.21432773
4.26000000	0.18447759
4.28000000	0.13161537
4.30000000	0.08407370
4.32000000	0.04002839
4.34000000	-0.00466833
4.36000000	-0.05128333
4.38000000	-0.10370835
4.40000000	-0.13581831
4.42000000	-0.10560787
4.44000000	-0.03602009
4.46000000	-0.00864243
4.48000000	-0.04695742
4.50000000	-0.09974107
4.52000000	-0.15280503
4.54000000	-0.21887213
4.56000000	-0.24038700
4.58000000	-0.17407316
4.60000000	-0.07983218
4.62000000	0.01301258
4.64000000	0.12579230
4.66000000	0.17209839
4.68000000	0.07218851
4.70000000	-0.04567960
4.72000000	-0.03828370
4.74000000	0.03812411
4.76000000	0.08526121
4.78000000	0.11587833
4.80000000	0.17166087
4.82000000	0.23432228
4.84000000	0.24465454
4.86000000	0.17189589
4.88000000	0.04444205
4.90000000	-0.08281295
4.92000000	-0.15688711
4.94000000	-0.15477633
4.96000000	-0.10708213
4.98000000	-0.05997988
5.00000000	-0.04498409
5.02000000	-0.08632540
5.04000000	-0.16419980
5.06000000	-0.20738811
5.08000000	-0.18562951
5.10000000	-0.14182173
5.12000000	-0.10535056
5.14000000	-0.06597958
5.16000000	-0.03870297
5.18000000	-0.05762783
5.20000000	-0.10553718
5.22000000	-0.12619721
5.24000000	-0.10396082
5.26000000	-0.07130376
5.28000000	-0.04212563
5.30000000	-0.00572124
5.32000000	0.01175861
5.34000000	-0.03467174
5.36000000	-0.11825709
5.38000000	-0.15511653
5.40000000	-0.11387972
5.42000000	-0.03353178
5.44000000	0.04261859
5.46000000	0.08554936
5.48000000	0.08039873
5.50000000	0.04343592
5.52000000	0.00623537
5.54000000	-0.00658711
5.56000000	0.01573013
5.58000000	0.05557154
5.60000000	0.08844237
5.62000000	0.12217129
5.64000000	0.16419514
5.66000000	0.18244179
5.68000000	0.15303615
5.70000000	0.09725777
5.72000000	0.04402510
5.74000000	0.01107499
5.76000000	0.01310014
5.78000000	0.03870042
5.80000000	0.05073302
5.82000000	0.03961584
5.84000000	0.03191911
5.86000000	0.03202860
5.88000000	0.01588805
5.90000000	-0.01188248
5.92000000	-0.02456822
5.94000000	-0.02317211
5.96000000	-0.01994757
5.98000000	-0.00850462
6.00000000	0.01689152
6.02000000	0.04533686
6.04000000	0.05506844
6.06000000	0.02920848
6.08000000	-0.01876477
6.10000000	-0.04747116
6.12000000	-0.03021443
6.14000000	0.01177604
6.16000000	0.02858584
6.18000000	0.00484928
6.20000000	-0.01797681
6.22000000	-0.00967358
6.24000000	0.00888836
6.26000000	0.02388190
6.28000000	0.04498766
6.30000000	0.05079845
6.32000000	0.01776820
6.34000000	-0.01520427
6.36000000	-0.00791651
6.38000000	0.01015023
6.40000000	0.00449441
6.42000000	-0.00719072
6.44000000	-0.00613249
6.46000000	-0.00237793
6.48000000	-0.00023829
6.50000000	0.00578427
6.52000000	0.00876654
6.54000000	-0.00075652
6.56000000	-0.01898124
6.58000000	-0.03570985
6.60000000	-0.04265152
6.62000000	-0.03446508
6.64000000	-0.01154287
6.66000000	0.01195809
6.68000000	0.01385202
6.70000000	-0.00448177
6.72000000	-0.01495698
6.74000000	-0.00814741
6.76000000	-0.00378080
6.78000000	-0.00948065
6.80000000	-0.00937394
6.82000000	0.00573775
6.84000000	0.02536605
6.86000000	0.04044062
6.88000000	0.05816712
6.90000000	0.08042924
6.92000000	0.08727052
6.94000000	0.06554476
6.96000000	0.02831443
6.98000000	-0.00831864
7.00000000	-0.03168920
7.02000000	-0.02343973
7.04000000	0.00892838
7.06000000	0.01726313
7.08000000	-0.01866757
7.10000000	-0.05110876
7.12000000	-0.04190098
7.14000000	-0.01525183
7.16000000	0.00464647
7.18000000	0.02618242
7.20000000	0.04090052
7.22000000	0.02472780
7.24000000	-0.00876208
7.26000000	-0.02373379
7.28000000	-0.01900451
7.30000000	-0.01705194
7.32000000	-0.01824468
7.34000000	-0.00998878
7.36000000	0.00503029
7.38000000	0.01917310
7.40000000	0.02812695
7.42000000	0.02136070
7.44000000	0.00098168
7.46000000	-0.00242527
7.48000000	0.02529986
7.50000000	0.05070560
7.52000000	0.04493550
7.54000000	0.02242743
7.56000000	0.00453230
7.58000000	-0.00513906
7.60000000	-0.00577233
7.62000000	0.00125757
7.64000000	0.00728097
7.66000000	0.01098739
7.68000000	0.02371398
7.70000000	0.04455988
7.72000000	0.05104665
7.74000000	0.04003550
7.76000000	0.04084911
7.78000000	0.05797610
7.80000000	0.06040073
7.82000000	0.04270605
7.84000000	0.02718951
7.86000000	0.01686815
7.88000000	0.00318805
7.90000000	-0.01015709
7.92000000	-0.02234230
7.94000000	-0.03826972
7.96000000	-0.04604978
7.98000000	-0.02751491
8.00000000	0.00590388
8.02000000	0.02122621
8.04000000	0.00714826
8.06000000	-0.02085539
8.08000000	-0.04771709
8.10000000	-0.06318595
8.12000000	-0.05963738
8.14000000	-0.04466405
8.16000000	-0.03451575
8.18000000	-0.03266373
8.20000000	-0.03193210
8.22000000	-0.02997823
8.24000000	-0.03101688
8.26000000	-0.03558187
8.28000000	-0.03365150
8.30000000	-0.01525347
8.32000000	0.01170736
8.34000000	0.02872223
8.36000000	0.03165902
8.38000000	0.03037050
8.40000000	0.02947558
8.42000000	0.02688391
8.44000000	0.02039520
8.46000000	0.01090246
8.48000000	0.00857495
8.50000000	0.01739141
8.52000000	0.01560131
8.54000000	-0.01227485
8.56000000	-0.04977679
8.58000000	-0.08674459
8.60000000	-0.12720980
8.62000000	-0.15001594
8.64000000	-0.13307401
8.66000000	-0.09638795
8.68000000	-0.06461255
8.70000000	-0.03484349
8.72000000	-0.00848010
8.74000000	0.00013954
8.76000000	-0.00644019
8.78000000	0.00032503
8.80000000	0.05149348
8.82000000	0.13111044
8.84000000	0.16673664
8.86000000	0.12433415
8.88000000	0.05711187
8.90000000	-0.00244809
8.92000000	-0.07524814
8.94000000	-0.11998245
8.96000000	-0.08080043
8.98000000	-0.03935925
9.00000000	-0.07729592
9.02000000	-0.08527360
9.04000000	0.03241271
9.06000000	0.15274295
9.08000000	0.15423681
9.10000000	0.09614105
9.12000000	0.05801245
9.14000000	0.04108115
9.16000000	0.03661001
9.18000000	0.03211654
9.20000000	0.00888929
9.22000000	-0.02618088
9.24000000	-0.06534457
9.26000000	-0.10452428
9.28000000	-0.11390843
9.30000000	-0.07230467
9.32000000	0.01172665
9.34000000	0.10811768
9.36000000	0.13986795
9.38000000	0.06267065
9.40000000	-0.02685848
9.42000000	-0.02898647
9.44000000	0.01288936
9.46000000	0.03909064
9.48000000	0.06369652
9.50000000	0.07983026
9.52000000	0.05871355
9.54000000	0.01961716
9.56000000	-0.01573508
9.58000000	-0.05348428
9.60000000	-0.07440253
9.62000000	-0.05468092
9.64000000	-0.01617983
9.66000000	0.01915130
9.68000000	0.05518175
9.70000000	0.07784812
9.72000000	0.07069435
9.74000000	0.04943871
9.76000000	0.02691486
9.78000000	0.00624057
9.80000000	0.00162299
9.82000000	-0.00236246
9.84000000	-0.03458597
9.86000000	-0.05125745
9.88000000	-0.00049319
9.90000000	0.05873094
9.92000000	0.04970454
9.94000000	0.00662128
9.96000000	-0.00820325
9.98000000	-0.01006699
10.00000000	-0.03106033
10.02000000	-0.04700187
10.04000000	-0.02758494
10.06000000	0.00788451
10.08000000	0.03310942
10.10000000	0.05987485
10.12000000	0.09643459
10.14000000	0.11158618
10.16000000	0.08665630
10.18000000	0.04780020
10.20000000	0.01112920
10.22000000	-0.02975028
10.24000000	-0.05377224
10.26000000	-0.04100402
10.28000000	-0.02422605
10.30000000	-0.03706611
10.32000000	-0.06932272
10.34000000	-0.10121605
10.36000000	-0.11043985
10.38000000	-0.07001256
10.40000000	0.00187634
10.42000000	0.04475727
10.44000000	0.03637107
10.46000000	0.00805923
10.48000000	-0.01528024
10.50000000	-0.03052392
10.52000000	-0.03407029
10.54000000	-0.02939775
10.56000000	-0.03068863
10.58000000	-0.04229838
10.60000000	-0.05956606
10.62000000	-0.07867738
10.64000000	-0.08538342
10.66000000	-0.06153772
10.68000000	-0.01768526
10.70000000	0.00851226
10.72000000	-0.00298467
10.74000000	-0.03018561
10.76000000	-0.03888270
10.78000000	-0.02020135
10.80000000	0.01408245
10.82000000	0.04855745
10.84000000	0.06335576
10.86000000	0.04567386
10.88000000	0.00599807
10.90000000	-0.03273850
10.92000000	-0.05131092
10.94000000	-0.04175150
10.96000000	-0.01246504
10.98000000	0.01696561
11.00000000	0.02736816
11.02000000	0.01159556
11.04000000	-0.02126435
11.06000000	-0.05482167
11.08000000	-0.07313736
11.10000000	-0.07021934
11.12000000	-0.05784264
11.14000000	-0.04661663
11.16000000	-0.03425771
11.18000000	-0.02980174
11.20000000	-0.05271587
11.22000000	-0.09331922
11.24000000	-0.11466039
11.26000000	-0.10241868
11.28000000	-0.07713801
11.30000000	-0.05614783
11.32000000	-0.03700596
11.34000000	-0.01556950
11.36000000	0.00616099
11.38000000	0.02642541
11.40000000	0.04644195
11.42000000	0.06863302
11.44000000	0.09060025
11.46000000	0.10639700
11.48000000	0.11571356
11.50000000	0.11798591
11.52000000	0.11405883
11.54000000	0.12595375
11.56000000	0.16606356
11.58000000	0.19178811
11.60000000	0.16214946
11.62000000	0.10473702
11.64000000	0.05901079
11.66000000	0.01556306
11.68000000	-0.03766959
11.70000000	-0.07589406
11.72000000	-0.07908228
11.74000000	-0.06487919
11.76000000	-0.06283943
11.78000000	-0.08364467
11.80000000	-0.11409631
11.82000000	-0.13018619
11.84000000	-0.12258828
11.86000000	-0.10410761
11.88000000	-0.08708278
11.90000000	-0.07564738
11.92000000	-0.07651755
11.94000000	-0.08679414
11.96000000	-0.08523111
11.98000000	-0.06259475
12.00000000	-0.03377672
12.02000000	-0.00546829
12.04000000	0.02611730
12.06000000	0.04731292
12.08000000	0.04370279
12.10000000	0.02564446
12.12000000	0.01117992
12.14000000	0.01515577
12.16000000	0.03920708
12.18000000	0.05144827
12.20000000	0.03313410
12.22000000	0.02112812
12.24000000	0.03448534
12.26000000	0.03986507
12.28000000	0.02907956
12.30000000	0.02482477
12.32000000	0.02191704
12.34000000	0.00561077
12.36000000	-0.01442943
12.38000000	-0.02278708
12.40000000	-0.01561289
12.42000000	-0.00126171
12.44000000	0.00540808
12.46000000	-0.00184376
12.48000000	-0.01760539
12.50000000	-0.03325854
12.52000000	-0.03800440
12.54000000	-0.02485015
12.56000000	0.00047572
12.58000000	0.02536700
12.60000000	0.03935896
12.62000000	0.03849446
12.64000000	0.02787141
12.66000000	0.01713534
12.68000000	0.01443785
12.70000000	0.02254474
12.72000000	0.03634570
12.74000000	0.04904685
12.76000000	0.05840070
12.78000000	0.06558994
12.80000000	0.07529389
12.82000000	0.08781775
12.84000000	0.08868118
12.86000000	0.06547344
12.88000000	0.02864053
12.90000000	-0.00431486
12.92000000	-0.03011896
12.94000000	-0.04825183
12.96000000	-0.04859553
12.98000000	-0.03107467
13.00000000	-0.01204265
13.02000000	0.00869685
13.04000000	0.03876604
13.06000000	0.04490654
13.08000000	-0.00180243
13.10000000	-0.04832225
13.12000000	-0.02930862
13.14000000	0.02579099
13.16000000	0.04543110
13.18000000	0.01738601
13.20000000	-0.02957284
13.22000000	-0.07776756
13.24000000	-0.10389583
13.26000000	-0.07902078
13.28000000	-0.02247233
13.30000000	0.00690454
13.32000000	-0.00923219
13.34000000	-0.03429431
13.36000000	-0.03948084
13.38000000	-0.02925573
13.40000000	-0.01698997
13.42000000	-0.00865167
13.44000000	0.00127020
13.46000000	0.02036955
13.48000000	0.04452963
13.50000000	0.07088055
13.52000000	0.10042879
13.54000000	0.11314082
13.56000000	0.08724866
13.58000000	0.04082483
13.60000000	0.00327599
13.62000000	-0.03203946
13.64000000	-0.07839846
13.66000000	-0.10691779
13.68000000	-0.08231430
13.70000000	-0.03231521
13.72000000	-0.01084419
13.74000000	-0.00559029
13.76000000	0.01810373
13.78000000	0.02346952
13.80000000	-0.02129354
13.82000000	-0.06095986
13.84000000	-0.05828253
13.86000000	-0.05529999
13.88000000	-0.07090424
13.90000000	-0.06648145
13.92000000	-0.02838192
13.94000000	0.01685125
13.96000000	0.06116028
13.98000000	0.11040754
14.00000000	0.14125484
14.02000000	0.13009769
14.04000000	0.09630387
14.06000000	0.06927609
14.08000000	0.04842803
14.10000000	0.02043031
14.12000000	-0.01074736
14.14000000	-0.02516022
14.16000000	-0.01310426
14.18000000	0.01471293
14.20000000	0.04326471
14.22000000	0.05629037
14.24000000	0.03761783
14.26000000	-0.00131767
14.28000000	-0.02267929
14.30000000	-0.01312503
14.32000000	0.00119516
14.34000000	-0.00040910
14.36000000	-0.01067536
14.38000000	-0.01698428
14.40000000	-0.02100023
14.42000000	-0.03817608
14.44000000	-0.06858755
14.46000000	-0.07356867
14.48000000	-0.03322721
14.50000000	0.00597115
14.52000000	0.01372206
14.54000000	0.02300097
14.56000000	0.03962174
14.58000000	0.02989003
14.60000000	0.00066169
14.62000000	-0.02887011
14.64000000	-0.06356434
14.66000000	-0.07188108
14.68000000	-0.01903436
14.70000000	0.03922689
14.72000000	0.03171149
14.74000000	-0.01466914
14.76000000	-0.03060388
14.78000000	0.00149211
14.80000000	0.05041327
14.82000000	0.07828158
14.84000000	0.07255683
14.86000000	0.05143095
14.88000000	0.03414416
14.90000000	0.02079071
14.92000000	0.00409934
14.94000000	-0.01572879
14.96000000	-0.02609623
14.98000000	-0.01376907
15.00000000	0.01119492
15.02000000	0.02176367
15.04000000	0.00888042
15.06000000	-0.01508759
15.08000000	-0.03913528
15.10000000	-0.05135095
15.12000000	-0.03589647
15.14000000	-0.00120692
15.16000000	0.01632196
15.18000000	0.00206374
15.20000000	-0.01220549
15.22000000	0.00498063
15.24000000	0.04044719
15.26000000	0.05820116
15.28000000	0.04764672
15.30000000	0.03427324
15.32000000	0.04468814
15.34000000	0.06973469
15.36000000	0.07554013
15.38000000	0.05117892
15.40000000	0.01770181
15.42000000	-0.01414818
15.44000000	-0.04964208
15.46000000	-0.07126583
15.48000000	-0.05274710
15.50000000	-0.01078016
15.52000000	0.01130855
15.54000000	0.00317745
15.56000000	-0.01323519
15.58000000	-0.02777809
15.60000000	-0.04352955
15.62000000	-0.05164673
15.64000000	-0.04105167
15.66000000	-0.01768073
15.68000000	0.00383207
15.70000000	0.01352706
15.72000000	0.00831452
15.74000000	-0.01008115
15.76000000	-0.03123356
15.78000000	-0.03506030
15.80000000	-0.01800510
15.82000000	-0.00083630
15.84000000	0.01372842
15.86000000	0.03891964
15.88000000	0.05538003
15.90000000	0.03411403
15.92000000	-0.01457424
15.94000000	-0.06005477
15.96000000	-0.08055603
15.98000000	-0.06581727
16.00000000	-0.02362012
16.02000000	0.01820566
16.04000000	0.03177617
16.06000000	0.02037341
16.08000000	0.01465566
16.10000000	0.02566141
16.12000000	0.03390676
16.14000000	0.02678149
16.16000000	0.01248278
16.18000000	0.00651293
16.20000000	0.01286568
16.22000000	0.01060558
16.24000000	-0.01525521
16.26000000	-0.03928699
16.28000000	-0.03641501
16.30000000	-0.02102429
16.32000000	-0.00713535
16.34000000	0.00954036
16.36000000	0.01496417
16.38000000	-0.00629168
16.40000000	-0.03159240
16.42000000	-0.03687308
16.44000000	-0.03210209
16.46000000	-0.02894994
16.48000000	-0.02443344
16.50000000	-0.01780880
16.52000000	-0.00843128
16.54000000	0.00021051
16.56000000	-0.00483617
16.58000000	-0.01264591
16.60000000	0.01227460
16.62000000	0.06522778
16.64000000	0.09497034
16.66000000	0.08093075
16.68000000	0.05270869
16.70000000	0.02990899
16.72000000	0.00608850
16.74000000	-0.01447057
16.76000000	-0.02060829
16.78000000	-0.02114807
16.80000000	-0.02485240
16.82000000	-0.01790021
16.84000000	0.00442741
16.86000000	0.01737751
16.88000000	0.00581818
16.90000000	-0.01603811
16.92000000	-0.03666069
16.94000000	-0.05574738
16.96000000	-0.06760251
16.98000000	-0.06639421
17.00000000	-0.05005302
17.02000000	-0.02469006
17.04000000	-0.01539502
17.06000000	-0.03212170
17.08000000	-0.04454359
17.10000000	-0.03595561
17.12000000	-0.02875047
17.14000000	-0.03475677
17.16000000	-0.04247250
17.18000000	-0.04745451
17.20000000	-0.05140627
17.22000000	-0.05017651
17.24000000	-0.04346984
17.26000000	-0.03901459
17.28000000	-0.03776373
17.30000000	-0.02859119
17.32000000	-0.00687047
17.34000000	0.01827466
17.36000000	0.04387153
17.38000000	0.07230824
17.40000000	0.08918698
17.42000000	0.07968404
17.44000000	0.05690483
17.46000000	0.03922983
17.48000000	0.02273289
17.50000000	0.00178005
17.52000000	-0.01232151
17.54000000	-0.01157684
17.56000000	-0.00471758
17.58000000	-0.00006316
17.60000000	0.00413316
17.62000000	0.00891453
17.64000000	0.01190415
17.66000000	0.01459062
17.68000000	0.01902873
17.70000000	0.02016428
17.72000000	0.01131962
17.74000000	-0.00399919
17.76000000	-0.01230519
17.78000000	-0.00501239
17.80000000	0.00957131
17.82000000	0.01570638
17.84000000	0.00909507
17.86000000	-0.00368717
17.88000000	-0.01680132
17.90000000	-0.02287286
17.92000000	-0.01271471
17.94000000	0.00846619
17.96000000	0.01867269
17.98000000	0.00422982
18.00000000	-0.02228348
18.02000000	-0.03658918
18.04000000	-0.02996401
18.06000000	-0.01470159
18.08000000	-0.00478853
18.10000000	-0.00156698
18.12000000	0.00016373
18.14000000	0.00249516
18.16000000	0.00481813
18.18000000	0.00704145
18.20000000	0.00921264
18.22000000	0.01132350
18.24000000	0.01394855
18.26000000	0.01711289
18.28000000	0.02041954
18.30000000	0.02431441
18.32000000	0.02800244
18.34000000	0.03029485
18.36000000	0.03464955
18.38000000	0.04278113
18.40000000	0.04566249
18.42000000	0.03636322
18.44000000	0.02191621
18.46000000	0.00863948
18.48000000	-0.00531623
18.50000000	-0.01495905
18.52000000	-0.00973136
18.54000000	0.00591990
18.56000000	0.01086461
18.58000000	-0.00961183
18.60000000	-0.04359004
18.62000000	-0.06145511
18.64000000	-0.05035807
18.66000000	-0.02763439
18.68000000	-0.01020516
18.70000000	0.00729303
18.72000000	0.02936782
18.74000000	0.04171462
18.76000000	0.03385487
18.78000000	0.01592294
18.80000000	0.00096393
18.82000000	-0.01088575
18.84000000	-0.02591795
18.86000000	-0.04332927
18.88000000	-0.05030561
18.90000000	-0.03565472
18.92000000	-0.00734646
18.94000000	0.01297727
18.96000000	0.01458072
18.98000000	0.01167422
19.00000000	0.02176594
19.02000000	0.03462753
19.04000000	0.02973995
19.06000000	0.01177195
19.08000000	-0.00468950
19.10000000	-0.01932333
19.12000000	-0.03105968
19.14000000	-0.03253795
19.16000000	-0.02752336
19.18000000	-0.02718371
19.20000000	-0.03173523
19.22000000	-0.02839233
19.24000000	-0.00623379
19.26000000	0.02634070
19.28000000	0.04558977
19.30000000	0.04065935
19.32000000	0.02449017
19.34000000	0.01189153
19.36000000	0.00253030
19.38000000	-0.01105396
19.40000000	-0.02668528
19.42000000	-0.03042350
19.44000000	-0.01425283
19.46000000	0.01497697
19.48000000	0.04459001
19.50000000	0.06041071
19.52000000	0.05436925
19.54000000	0.03623212
19.56000000	0.02056959
19.58000000	0.00799017
19.60000000	-0.00709517
19.62000000	-0.02344407
19.64000000	-0.03530802
19.66000000	-0.04021011
19.68000000	-0.04159008
19.70000000	-0.04393610
19.72000000	-0.04726291
19.74000000	-0.04846413
19.76000000	-0.04556233
19.78000000	-0.03891143
19.80000000	-0.02920803
19.82000000	-0.01636711
19.84000000	-0.00304479
19.86000000	0.00454908
19.88000000	0.00329084
19.90000000	-0.00474472
19.92000000	-0.01388154
19.94000000	-0.01378992
19.96000000	0.00055523
19.98000000	0.02077438
20.00000000	0.04084828
20.02000000	0.06195558
20.04000000	0.07543795
20.06000000	0.07129970
20.08000000	0.05785217
20.10000000	0.04704130
20.12000000	0.03759528
20.14000000	0.02564236
20.16000000	0.01246440
20.18000000	0.00013167
20.20000000	-0.01082634
20.22000000	-0.02344187
20.24000000	-0.03862794
20.26000000	-0.04491873
20.28000000	-0.03172383
20.30000000	-0.00898276
20.32000000	0.00912221
20.34000000	0.02714556
20.36000000	0.05038171
20.38000000	0.06286504
20.40000000	0.05063845
20.42000000	0.02739859
20.44000000	0.01017114
20.46000000	-0.00774826
20.48000000	-0.03171155
20.50000000	-0.04217752
20.52000000	-0.02674021
20.54000000	-0.00162023
20.56000000	0.02179770
20.58000000	0.04700800
20.60000000	0.06229073
20.62000000	0.05243325
20.64000000	0.02982060
20.66000000	0.01181013
20.68000000	-0.00526329
20.70000000	-0.02490910
20.72000000	-0.04133261
20.74000000	-0.05964392
20.76000000	-0.08336550
20.78000000	-0.09081944
20.80000000	-0.06687831
20.82000000	-0.03003943
20.84000000	0.00474393
20.86000000	0.04070796
20.88000000	0.06573514
20.90000000	0.06328809
20.92000000	0.04546217
20.94000000	0.03300000
20.96000000	0.03070837
20.98000000	0.03293116
21.00000000	0.02551160
21.02000000	0.00201165
21.04000000	-0.01516980
21.06000000	-0.00648982
21.08000000	0.01391026
21.10000000	0.03135900
21.12000000	0.04921805
21.14000000	0.06066732
21.16000000	0.05335457
21.18000000	0.03574749
21.20000000	0.02150389
21.22000000	0.00891177
21.24000000	-0.00596628
21.26000000	-0.01932753
21.28000000	-0.02756225
21.30000000	-0.03227864
21.32000000	-0.03917568
21.34000000	-0.04918636
21.36000000	-0.05042764
21.38000000	-0.03530747
21.40000000	-0.01802568
21.42000000	-0.01363497
21.44000000	-0.01665355
21.46000000	-0.01553212
21.48000000	-0.00771107
21.50000000	0.00247098
21.52000000	0.00668452
21.54000000	0.00054774
21.56000000	-0.01019376
21.58000000	-0.02026317
21.60000000	-0.03029741
21.62000000	-0.03733178
21.64000000	-0.03590777
21.66000000	-0.02835523
21.68000000	-0.02411791
21.70000000	-0.02963430
21.72000000	-0.03834872
21.74000000	-0.04042419
21.76000000	-0.04608514
21.78000000	-0.06225691
21.80000000	-0.05305986
21.82000000	0.00545820
21.84000000	0.06293566
21.86000000	0.07004012
21.88000000	0.05154009
21.90000000	0.04247865
21.92000000	0.03844744
21.94000000	0.03511212
21.96000000	0.03725421
21.98000000	0.03425248
22.00000000	0.01819915
22.02000000	-0.00084348
22.04000000	-0.01986067
22.06000000	-0.04219132
22.08000000	-0.05256607
22.10000000	-0.03789645
22.12000000	-0.01247593
22.14000000	0.01103502
22.16000000	0.03537187
22.18000000	0.05153478
22.20000000	0.04719284
22.22000000	0.03240806
22.24000000	0.02007835
22.26000000	0.00867073
22.28000000	-0.00015573
22.30000000	0.00014246
22.32000000	0.00659216
22.34000000	0.01203708
22.36000000	0.01392818
22.38000000	0.01217702
22.40000000	0.00856796
22.42000000	0.00496821
22.44000000	0.00096668
22.46000000	-0.00153799
22.48000000	-0.00001049
22.50000000	-0.00025987
22.52000000	-0.00991981
22.54000000	-0.02425289
22.56000000	-0.03471572
22.58000000	-0.04611279
22.60000000	-0.06303415
22.62000000	-0.06618699
22.64000000	-0.03317810
22.66000000	0.02050864
22.68000000	0.05413460
22.70000000	0.05329864
22.72000000	0.03918129
22.74000000	0.03144728
22.76000000	0.03059385
22.78000000	0.03106844
22.80000000	0.02835139
22.82000000	0.01913279
22.84000000	0.00653154
22.86000000	-0.00394212
22.88000000	-0.01475918
22.90000000	-0.02853250
22.92000000	-0.03581975
22.94000000	-0.02977742
22.96000000	-0.02154901
22.98000000	-0.02184626
23.00000000	-0.02545525
23.02000000	-0.02762228
23.04000000	-0.03109546
23.06000000	-0.03047252
23.08000000	-0.01563197
23.10000000	0.00768858
23.12000000	0.02235400
23.14000000	0.02311773
23.16000000	0.01869465
23.18000000	0.01544615
23.20000000	0.01362977
23.22000000	0.01290481
23.24000000	0.01048722
23.26000000	0.00246362
23.28000000	-0.00863078
23.30000000	-0.01785110
23.32000000	-0.02730880
23.34000000	-0.03921816
23.36000000	-0.04541664
23.38000000	-0.03840628
23.40000000	-0.02530693
23.42000000	-0.01559151
23.44000000	-0.00555001
23.46000000	0.00808161
23.48000000	0.01441760
23.50000000	0.00809226
23.52000000	-0.00035719
23.54000000	-0.00951366
23.56000000	-0.02374357
23.58000000	-0.02355338
23.60000000	0.00514930
23.62000000	0.03247252
23.64000000	0.02898931
23.66000000	0.00682422
23.68000000	-0.01172290
23.70000000	-0.01750083
23.72000000	-0.00888336
23.74000000	0.00743296
23.76000000	0.02540892
23.78000000	0.04327923
23.80000000	0.04974038
23.82000000	0.03372917
23.84000000	0.00146051
23.86000000	-0.03122224
23.88000000	-0.04697716
23.90000000	-0.03820884
23.92000000	-0.01786359
23.94000000	0.00177534
23.96000000	0.02125307
23.98000000	0.03268208
24.00000000	0.02544183
24.02000000	0.00776969
24.04000000	-0.00838594
24.06000000	-0.02185135
24.08000000	-0.03451909
24.10000000	-0.05132640
24.12000000	-0.07063139
24.14000000	-0.07144980
24.16000000	-0.03784042
24.18000000	0.02008962
24.20000000	0.07835459
24.22000000	0.10843432
24.24000000	0.09318149
24.26000000	0.04873587
24.28000000	0.00863931
24.30000000	-0.01674908
24.32000000	-0.05288105
24.34000000	-0.10618461
24.36000000	-0.11393312
24.38000000	-0.03685559
24.40000000	0.04613806
24.42000000	0.05777027
24.44000000	0.03510848
24.46000000	0.02573434
24.48000000	0.01730084
24.50000000	0.01256771
24.52000000	0.03358729
24.54000000	0.06100986
24.56000000	0.06483178
24.58000000	0.05520122
24.60000000	0.05483086
24.62000000	0.06211839
24.64000000	0.06125578
24.66000000	0.04682874
24.68000000	0.02705556
24.70000000	0.00774681
24.72000000	-0.01160097
24.74000000	-0.02680715
24.76000000	-0.03266093
24.78000000	-0.03245596
24.80000000	-0.03263951
24.82000000	-0.03697281
24.84000000	-0.04515474
24.86000000	-0.05315016
24.88000000	-0.06244495
24.90000000	-0.07596735
24.92000000	-0.07634882
24.94000000	-0.04056328
24.96000000	0.01613204
24.98000000	0.05103686
25.00000000	0.05030580
25.02000000	0.03494993
25.04000000	0.02172927
25.06000000	0.01758092
25.08000000	0.03187273
25.10000000	0.05906444
25.12000000	0.07375726
25.14000000	0.06444894
25.16000000	0.04591822
25.18000000	0.03090485
25.20000000	0.01672101
25.22000000	0.00131025
25.24000000	-0.01019910
25.26000000	-0.01781950
25.28000000	-0.02903883
25.30000000	-0.04167892
25.32000000	-0.04679399
25.34000000	-0.05651575
25.36000000	-0.07895494
25.38000000	-0.06996247
25.40000000	0.00171507
25.42000000	0.07382850
25.44000000	0.07954906
25.46000000	0.04960004
25.48000000	0.04128057
25.50000000	0.05302297
25.52000000	0.06256404
25.54000000	0.07347981
25.56000000	0.08945818
25.58000000	0.09202135
25.60000000	0.06990872
25.62000000	0.03663982
25.64000000	0.00464923
25.66000000	-0.02477900
25.68000000	-0.05196823
25.70000000	-0.08472725
25.72000000	-0.12223587
25.74000000	-0.13322964
25.76000000	-0.09497746
25.78000000	-0.02575266
25.80000000	0.04318695
25.82000000	0.08311949
25.84000000	0.07626601
25.86000000	0.04389867
25.88000000	0.01991717
25.90000000	-0.00101777
25.92000000	-0.03272376
25.94000000	-0.04522943
25.96000000	-0.00304617
25.98000000	0.06921103
26.00000000	0.11091447
26.02000000	0.10269124
26.04000000	0.07609837
26.06000000	0.05571937
26.08000000	0.03718632
26.10000000	0.01574827
26.12000000	-0.00483713
26.14000000	-0.02518372
26.16000000	-0.04620288
26.18000000	-0.06534493
26.20000000	-0.08626588
26.22000000	-0.11042686
26.24000000	-0.12276014
26.26000000	-0.11151854
26.28000000	-0.08781512
26.30000000	-0.06653804
26.32000000	-0.05047069
26.34000000	-0.03876304
26.36000000	-0.02981154
26.38000000	-0.02055219
26.40000000	-0.01207809
26.42000000	-0.00702245
26.44000000	-0.00393584
26.46000000	-0.00063408
26.48000000	0.00347463
26.50000000	0.00795802
26.52000000	0.00993355
26.54000000	0.00791193
26.56000000	0.00483809
26.58000000	0.00127393
26.60000000	-0.00356905
26.62000000	-0.00319199
26.64000000	0.00715838
26.66000000	0.02121035
26.68000000	0.03516959
26.70000000	0.05046252
26.72000000	0.05887315
26.74000000	0.05174174
26.76000000	0.03678694
26.78000000	0.02394521
26.80000000	0.01200026
26.82000000	0.00050406
26.84000000	-0.00589985
26.86000000	-0.00835399
26.88000000	-0.01297479
26.90000000	-0.01917418
26.92000000	-0.01947097
26.94000000	-0.01049589
26.96000000	0.00441122
26.98000000	0.01988716
27.00000000	0.02820755
27.02000000	0.02406112
27.04000000	0.01339099
27.06000000	0.00486202
27.08000000	-0.00289401
27.10000000	-0.01296726
27.12000000	-0.01928099
27.14000000	-0.01549642
27.16000000	-0.00636506
27.18000000	-0.00219737
27.20000000	-0.00702123
27.22000000	-0.01605596
27.24000000	-0.02118646
27.26000000	-0.01786494
27.28000000	-0.01019280
27.30000000	-0.00756037
27.32000000	-0.01290935
27.34000000	-0.02059510
27.36000000	-0.02795858
27.38000000	-0.03633425
27.40000000	-0.04075701
27.42000000	-0.03527993
27.44000000	-0.02488371
27.46000000	-0.01682642
27.48000000	-0.00878487
27.50000000	0.00155293
27.52000000	0.00704370
27.54000000	0.00250956
27.56000000	-0.00657963
27.58000000	-0.01414701
27.60000000	-0.02011280
27.62000000	-0.02568337
27.64000000	-0.03215858
27.66000000	-0.03956569
27.68000000	-0.04256715
27.70000000	-0.03698222
27.72000000	-0.02696036
27.74000000	-0.01772582
27.76000000	-0.00973709
27.78000000	-0.00102031
27.80000000	0.01239289
27.82000000	0.02949267
27.84000000	0.03769469
27.86000000	0.02947166
27.88000000	0.01443140
27.90000000	0.00051013
27.92000000	-0.01373314
27.94000000	-0.02291903
27.96000000	-0.01894586
27.98000000	-0.00696623
28.00000000	0.00284319
28.02000000	0.00978980
28.04000000	0.01958907
28.06000000	0.03169927
28.08000000	0.03541640
28.10000000	0.02532090
28.12000000	0.01006229
28.14000000	-0.00502486
28.16000000	-0.02143419
28.18000000	-0.03020391
28.20000000	-0.02234489
28.22000000	-0.00673273
28.24000000	0.00746467
28.26000000	0.02168949
28.28000000	0.03127884
28.30000000	0.02837121
28.32000000	0.01793957
28.34000000	0.00923684
28.36000000	0.00374671
28.38000000	0.00015522
28.40000000	-0.00159576
28.42000000	-0.00257004
28.44000000	-0.00515813
28.46000000	-0.01028768
28.48000000	-0.01367586
28.50000000	-0.00905458
28.52000000	0.00079196
28.54000000	0.00426766
28.56000000	-0.00262259
28.58000000	-0.01238968
28.60000000	-0.02184354
28.62000000	-0.03285951
28.64000000	-0.03794057
28.66000000	-0.02852967
28.68000000	-0.01193447
28.70000000	0.00139249
28.72000000	0.01456924
28.74000000	0.03087449
28.76000000	0.04080226
28.78000000	0.03724700
28.80000000	0.02734874
28.82000000	0.01949746
28.84000000	0.01295159
28.86000000	0.00474547
28.88000000	-0.00384981
28.90000000	-0.00948829
28.92000000	-0.01060093
28.94000000	-0.00853702
28.96000000	-0.00661774
28.98000000	-0.00774942
29.00000000	-0.01161318
29.02000000	-0.01698495
29.04000000	-0.02425301
29.06000000	-0.03010381
29.08000000	-0.03096639
29.10000000	-0.03018534
29.12000000	-0.02339211
29.14000000	-0.00136196
29.16000000	0.01909232
29.18000000	0.01593818
29.20000000	0.00395465
29.22000000	0.00392182
29.24000000	0.00767802
29.26000000	0.00611696
29.28000000	0.00498446
29.30000000	0.00608056
29.32000000	0.00599861
29.34000000	0.00540500
29.36000000	0.00559316
29.38000000	0.00566477
29.40000000	0.00542495
29.42000000	0.00538215
29.44000000	0.00539386
29.46000000	0.00528579
29.48000000	0.00520673
29.50000000	0.00517329
29.52000000	0.00510630
29.54000000	0.00503243
29.56000000	0.00497805
29.58000000	0.00491803
29.60000000	0.00485076
29.62000000	0.00479014
29.64000000	0.00472987
29.66000000	0.00466563
29.68000000	0.00460376
29.70000000	0.00454265
29.72000000	0.00447936
29.74000000	0.00441745
29.76000000	0.00435591
29.78000000	0.00429284
29.80000000	0.00423103
29.82000000	0.00416934
29.84000000	0.00410630
29.86000000	0.00404454
29.88000000	0.00398282
29.90000000	0.00391976
29.92000000	0.00385803
29.94000000	0.00379630
29.96000000	0.00373324
29.98000000	0.00367151
30.00000000	0.00360978
30.02000000	0.00354671
30.04000000	0.00348499
30.06000000	0.00342326
30.08000000	0.00336019
30.10000000	0.00329847
30.12000000	0.00323674
30.14000000	0.00317367
30.16000000	0.00311195
30.18000000	0.00305022
30.20000000	0.00298715
30.22000000	0.00292543
30.24000000	0.00286370
30.26000000	0.00280063
30.28000000	0.00273891
30.30000000	0.00267718
30.32000000	0.00261411
30.34000000	0.00255239
30.36000000	0.00249066
30.38000000	0.00242757
30.40000000	0.00236588
30.42000000	0.00230416
30.44000000	0.00224102
30.46000000	0.00217935
30.48000000	0.00211772
30.50000000	0.00205444
30.52000000	0.00199273
30.54000000	0.00193144
30.56000000	0.00186792
30.58000000	0.00180568
30.60000000	0.00174543
30.62000000	0.00168223
30.64000000	0.00161624
30.66000000	0.00155304
30.68000000	0.00149279
30.70000000	0.00143055
30.72000000	0.00136703
30.74000000	0.00130574
30.76000000	0.00124403
30.78000000	0.00118076
30.80000000	0.00111911
30.82000000	0.00105744
30.84000000	0.00099432
30.86000000	0.00093260
30.88000000	0.00087085
30.90000000	0.00080782
30.92000000	0.00074614
30.94000000	0.00068426
30.96000000	0.00062125
30.98000000	0.00055982
31.00000000	0.00049768
31.02000000	0.00043436
31.04000000	0.00037378
31.06000000	0.00031147
31.08000000	0.00024650
31.10000000	0.00018793
31.12000000	0.00012728
31.14000000	0.00005525
31.16000000	0.00000462
31.18000000	-0.00000005
