0.00000000	-0.00201263
0.01000000	-0.00201946
0.02000000	-0.00201360
0.03000000	-0.00198899
0.04000000	-0.00195014
0.05000000	-0.00191010
0.06000000	-0.00188312
0.07000000	-0.00187643
0.08000000	-0.00188648
0.09000000	-0.00190138
0.10000000	-0.00190602
0.11000000	-0.00188665
0.12000000	-0.00183620
0.13000000	-0.00176232
0.14000000	-0.00169151
0.15000000	-0.00165891
0.16000000	-0.00168424
0.17000000	-0.00175185
0.18000000	-0.00181483
0.19000000	-0.00182478
0.20000000	-0.00176644
0.21000000	-0.00167169
0.22000000	-0.00160080
0.23000000	-0.00160038
0.24000000	-0.00166434
0.25000000	-0.00172755
0.26000000	-0.00170589
0.27000000	-0.00156356
0.28000000	-0.00135941
0.29000000	-0.00122602
0.30000000	-0.00127967
0.31000000	-0.00152031
0.32000000	-0.00180633
0.33000000	-0.00194169
0.34000000	-0.00181924
0.35000000	-0.00150815
0.36000000	-0.00121295
0.37000000	-0.00113288
0.38000000	-0.00132487
0.39000000	-0.00166810
0.40000000	-0.00195493
0.41000000	-0.00203763
0.42000000	-0.00191117
0.43000000	-0.00166990
0.44000000	-0.00140371
0.45000000	-0.00115598
0.46000000	-0.00097016
0.47000000	-0.00092481
0.48000000	-0.00107547
0.49000000	-0.00136386
0.50000000	-0.00161781
0.51000000	-0.00166390
0.52000000	-0.00145191
0.53000000	-0.00108958
0.54000000	-0.00077069
0.55000000	-0.00064643
0.56000000	-0.00072311
0.57000000	-0.00086665
0.58000000	-0.00092182
0.59000000	-0.00084579
0.60000000	-0.00073553
0.61000000	-0.00073297
0.62000000	-0.00090174
0.63000000	-0.00117606
0.64000000	-0.00141137
0.65000000	-0.00149183
0.66000000	-0.00140698
0.67000000	-0.00122911
0.68000000	-0.00101404
0.69000000	-0.00073951
0.70000000	-0.00036742
0.71000000	0.00003449
0.72000000	0.00027779
0.73000000	0.00020958
0.74000000	-0.00010476
0.75000000	-0.00037612
0.76000000	-0.00029314
0.77000000	0.00024087
0.78000000	0.00102042
0.79000000	0.00164276
0.80000000	0.00172399
0.81000000	0.00110708
0.82000000	-0.00004182
0.83000000	-0.00129084
0.84000000	-0.00210742
0.85000000	-0.00205743
0.86000000	-0.00101696
0.87000000	0.00064296
0.88000000	0.00208215
0.89000000	0.00241115
0.90000000	0.00132223
0.91000000	-0.00063704
0.92000000	-0.00250066
0.93000000	-0.00362419
0.94000000	-0.00393050
0.95000000	-0.00347002
0.96000000	-0.00203034
0.97000000	0.00048879
0.98000000	0.00332635
0.99000000	0.00490936
1.00000000	0.00410134
1.01000000	0.00148727
1.02000000	-0.00081714
1.03000000	-0.00086067
1.04000000	0.00152602
1.05000000	0.00465603
1.06000000	0.00637949
1.07000000	0.00568722
1.08000000	0.00334939
1.09000000	0.00122105
1.10000000	0.00071714
1.11000000	0.00162444
1.12000000	0.00234994
1.13000000	0.00149514
1.14000000	-0.00075473
1.15000000	-0.00282341
1.16000000	-0.00321090
1.17000000	-0.00165702
1.18000000	0.00095338
1.19000000	0.00341679
1.20000000	0.00478847
1.21000000	0.00450960
1.22000000	0.00255025
1.23000000	-0.00027850
1.24000000	-0.00238862
1.25000000	-0.00235593
1.26000000	-0.00023982
1.27000000	0.00206449
1.28000000	0.00222071
1.29000000	-0.00038290
1.30000000	-0.00377457
1.31000000	-0.00491748
1.32000000	-0.00238383
1.33000000	0.00225131
1.34000000	0.00558304
1.35000000	0.00508293
1.36000000	0.00107390
1.37000000	-0.00351683
1.38000000	-0.00534329
1.39000000	-0.00315109
1.40000000	0.00122112
1.41000000	0.00423422
1.42000000	0.00353168
1.43000000	-0.00007227
1.44000000	-0.00345383
1.45000000	-0.00426306
1.46000000	-0.00317859
1.47000000	-0.00289244
1.48000000	-0.00482462
1.49000000	-0.00713421
1.50000000	-0.00629980
1.51000000	-0.00078732
1.52000000	0.00680768
1.53000000	0.01124897
1.54000000	0.00861595
1.55000000	-0.00037860
1.56000000	-0.01024806
1.57000000	-0.01410616
1.58000000	-0.00847561
1.59000000	0.00386284
1.60000000	0.01541459
1.61000000	0.01915316
1.62000000	0.01346835
1.63000000	0.00298668
1.64000000	-0.00519185
1.65000000	-0.00658521
1.66000000	-0.00189074
1.67000000	0.00433243
1.68000000	0.00732976
1.69000000	0.00549715
1.70000000	0.00132314
1.71000000	-0.00064920
1.72000000	0.00249771
1.73000000	0.00953266
1.74000000	0.01601643
1.75000000	0.01814881
1.76000000	0.01601031
1.77000000	0.01295573
1.78000000	0.01174732
1.79000000	0.01156219
1.80000000	0.00920365
1.81000000	0.00323276
1.82000000	-0.00366169
1.83000000	-0.00690414
1.84000000	-0.00456792
1.85000000	0.00067400
1.86000000	0.00414127
1.87000000	0.00343004
1.88000000	0.00021952
1.89000000	-0.00158691
1.90000000	0.00083076
1.91000000	0.00716370
1.92000000	0.01413304
1.93000000	0.01737399
1.94000000	0.01422631
1.95000000	0.00611651
1.96000000	-0.00153162
1.97000000	-0.00298016
1.98000000	0.00274714
1.99000000	0.01013811
2.00000000	0.01141287
2.01000000	0.00356410
2.02000000	-0.00823127
2.03000000	-0.01432919
2.04000000	-0.00859985
2.05000000	0.00598588
2.06000000	0.01901485
2.07000000	0.02060269
2.08000000	0.00936960
2.09000000	-0.00637649
2.10000000	-0.01545505
2.11000000	-0.01267724
2.12000000	-0.00208819
2.13000000	0.00753857
2.14000000	0.01012382
2.15000000	0.00620069
2.16000000	0.00105623
2.17000000	-0.00026842
2.18000000	0.00309463
2.19000000	0.00745583
2.20000000	0.00745442
2.21000000	0.00008181
2.22000000	-0.01271174
2.23000000	-0.02452760
2.24000000	-0.02810965
2.25000000	-0.02006157
2.26000000	-0.00367661
2.27000000	0.01244980
2.28000000	0.01983314
2.29000000	0.01617586
2.30000000	0.00732105
2.31000000	0.00272900
2.32000000	0.00751188
2.33000000	0.01778266
2.34000000	0.02378040
2.35000000	0.01826527
2.36000000	0.00273242
2.37000000	-0.01385221
2.38000000	-0.02215679
2.39000000	-0.01914951
2.40000000	-0.00950930
2.41000000	-0.00169847
2.42000000	-0.00188713
2.43000000	-0.00946118
2.44000000	-0.01696231
2.45000000	-0.01524455
2.46000000	-0.00099367
2.47000000	0.01924915
2.48000000	0.03286468
2.49000000	0.03072864
2.50000000	0.01493319
2.51000000	-0.00227550
2.52000000	-0.00822453
2.53000000	-0.00046589
2.54000000	0.01092194
2.55000000	0.01204598
2.56000000	-0.00217271
2.57000000	-0.02270045
2.58000000	-0.03351882
2.59000000	-0.02487597
2.60000000	-0.00085032
2.61000000	0.02454090
2.62000000	0.03766722
2.63000000	0.03301097
2.64000000	0.01442296
2.65000000	-0.00782392
2.66000000	-0.02141604
2.67000000	-0.01742782
2.68000000	0.00404291
2.69000000	0.03175197
2.70000000	0.04846280
2.71000000	0.04202709
2.72000000	0.01476055
2.73000000	-0.01723564
2.74000000	-0.03552506
2.75000000	-0.03221973
2.76000000	-0.01320803
2.77000000	0.00971834
2.78000000	0.02854897
2.79000000	0.04134374
2.80000000	0.04758732
2.81000000	0.04444051
2.82000000	0.02915988
2.83000000	0.00463338
2.84000000	-0.01934354
2.85000000	-0.03197539
2.86000000	-0.02926295
2.87000000	-0.01592571
2.88000000	-0.00001711
2.89000000	0.01357725
2.90000000	0.02443087
2.91000000	0.03291750
2.92000000	0.03692490
2.93000000	0.03281653
2.94000000	0.01940331
2.95000000	0.00046979
2.96000000	-0.01726947
2.97000000	-0.02926960
2.98000000	-0.03607754
2.99000000	-0.04061220
3.00000000	-0.04286472
3.01000000	-0.03877931
3.02000000	-0.02536181
3.03000000	-0.00617294
3.04000000	0.00953256
3.05000000	0.01350654
3.06000000	0.00447011
3.07000000	-0.01145364
3.08000000	-0.02490952
3.09000000	-0.02849127
3.10000000	-0.02051156
3.11000000	-0.00620948
3.12000000	0.00474916
3.13000000	0.00452615
3.14000000	-0.00643027
3.15000000	-0.01887348
3.16000000	-0.02259423
3.17000000	-0.01631267
3.18000000	-0.00958858
3.19000000	-0.01407352
3.20000000	-0.03235431
3.21000000	-0.05487833
3.22000000	-0.06736244
3.23000000	-0.06178711
3.24000000	-0.04186975
3.25000000	-0.01930569
3.26000000	-0.00463947
3.27000000	-0.00030660
3.28000000	-0.00084271
3.29000000	0.00079745
3.30000000	0.00645876
3.31000000	0.01117518
3.32000000	0.00805380
3.33000000	-0.00455837
3.34000000	-0.02019454
3.35000000	-0.02877923
3.36000000	-0.02487357
3.37000000	-0.01233205
3.38000000	-0.00133109
3.39000000	-0.00074488
3.40000000	-0.01246494
3.41000000	-0.03130621
3.42000000	-0.04869518
3.43000000	-0.05639111
3.44000000	-0.04891314
3.45000000	-0.02575983
3.46000000	0.00656903
3.47000000	0.03539479
3.48000000	0.04763975
3.49000000	0.03796670
3.50000000	0.01289488
3.51000000	-0.01309321
3.52000000	-0.02659856
3.53000000	-0.02258389
3.54000000	-0.00547541
3.55000000	0.01503471
3.56000000	0.02994539
3.57000000	0.03541749
3.58000000	0.03344459
3.59000000	0.02830333
3.60000000	0.02193600
3.61000000	0.01304258
3.62000000	0.00060739
3.63000000	-0.01312365
3.64000000	-0.02456369
3.65000000	-0.03310042
3.66000000	-0.04163887
3.67000000	-0.05213236
3.68000000	-0.06170582
3.69000000	-0.06441062
3.70000000	-0.05673855
3.71000000	-0.04100548
3.72000000	-0.02383647
3.73000000	-0.01196262
3.74000000	-0.00855160
3.75000000	-0.01143016
3.76000000	-0.01373591
3.77000000	-0.00756567
3.78000000	0.01063877
3.79000000	0.03690326
3.80000000	0.06198327
3.81000000	0.07766513
3.82000000	0.08194991
3.83000000	0.07927618
3.84000000	0.07652476
3.85000000	0.07846838
3.86000000	0.08551320
3.87000000	0.09413454
3.88000000	0.09893986
3.89000000	0.09515745
3.90000000	0.08065756
3.91000000	0.05697663
3.92000000	0.02922107
3.93000000	0.00484459
3.94000000	-0.00890206
3.95000000	-0.00857920
3.96000000	0.00268085
3.97000000	0.01609887
3.98000000	0.02245982
3.99000000	0.01800310
4.00000000	0.00612846
4.01000000	-0.00590488
4.02000000	-0.01133891
4.03000000	-0.00587389
4.04000000	0.01185054
4.05000000	0.03893789
4.06000000	0.06727509
4.07000000	0.08643290
4.08000000	0.09040334
4.09000000	0.08276857
4.10000000	0.07487849
4.11000000	0.07780823
4.12000000	0.09466859
4.13000000	0.11919562
4.14000000	0.14067607
4.15000000	0.15049395
4.16000000	0.14587751
4.17000000	0.12992256
4.18000000	0.10948516
4.19000000	0.09250990
4.20000000	0.08542078
4.21000000	0.09106338
4.22000000	0.10801735
4.23000000	0.13168176
4.24000000	0.15637726
4.25000000	0.17707560
4.26000000	0.18999231
4.27000000	0.19243183
4.28000000	0.18275432
4.29000000	0.16084412
4.30000000	0.12868199
4.31000000	0.09028843
4.32000000	0.05062214
4.33000000	0.01382542
4.34000000	-0.01796786
4.35000000	-0.04411605
4.36000000	-0.06358350
4.37000000	-0.07375016
4.38000000	-0.07178201
4.39000000	-0.05786179
4.40000000	-0.03714524
4.41000000	-0.01788706
4.42000000	-0.00658030
4.43000000	-0.00390444
4.44000000	-0.00490127
4.45000000	-0.00337597
4.46000000	0.00297531
4.47000000	0.01077542
4.48000000	0.01374315
4.49000000	0.00756923
4.50000000	-0.00696247
4.51000000	-0.02470022
4.52000000	-0.03978848
4.53000000	-0.04954402
4.54000000	-0.05604621
4.55000000	-0.06452209
4.56000000	-0.07947717
4.57000000	-0.10094677
4.58000000	-0.12356612
4.59000000	-0.13973177
4.60000000	-0.14520110
4.61000000	-0.14300562
4.62000000	-0.14208795
4.63000000	-0.15104393
4.64000000	-0.17168911
4.65000000	-0.19764442
4.66000000	-0.21885013
4.67000000	-0.22790602
4.68000000	-0.22327548
4.69000000	-0.20800684
4.70000000	-0.18649415
4.71000000	-0.16229980
4.72000000	-0.13774653
4.73000000	-0.11405656
4.74000000	-0.09127329
4.75000000	-0.06885033
4.76000000	-0.04779007
4.77000000	-0.03277521
4.78000000	-0.03086665
4.79000000	-0.04554717
4.80000000	-0.07017523
4.81000000	-0.08779476
4.82000000	-0.08043149
4.83000000	-0.04245508
4.84000000	0.01296767
4.85000000	0.06096473
4.86000000	0.08046344
4.87000000	0.06554610
4.88000000	0.02502667
4.89000000	-0.02626085
4.90000000	-0.07577739
4.91000000	-0.11629193
4.92000000	-0.14478013
4.93000000	-0.16073792
4.94000000	-0.16575147
4.95000000	-0.16352341
4.96000000	-0.15872451
4.97000000	-0.15449449
4.98000000	-0.15037025
4.99000000	-0.14271145
5.00000000	-0.12785756
5.01000000	-0.10587095
5.02000000	-0.08188685
5.03000000	-0.06356655
5.04000000	-0.05586877
5.05000000	-0.05641157
5.06000000	-0.05483700
5.07000000	-0.03779735
5.08000000	0.00195615
5.09000000	0.05752344
5.10000000	0.10779793
5.11000000	0.12866687
5.12000000	0.10928077
5.13000000	0.06013293
5.14000000	0.00514226
5.15000000	-0.03520808
5.16000000	-0.05488451
5.17000000	-0.06055794
5.18000000	-0.06274262
5.19000000	-0.06883085
5.20000000	-0.08137676
5.21000000	-0.09928297
5.22000000	-0.11885957
5.23000000	-0.13430476
5.24000000	-0.13902771
5.25000000	-0.12838403
5.26000000	-0.10206407
5.27000000	-0.06366715
5.28000000	-0.01753775
5.29000000	0.03357662
5.30000000	0.08650210
5.31000000	0.13258798
5.32000000	0.15614524
5.33000000	0.14168676
5.34000000	0.08674213
5.35000000	0.00923983
5.36000000	-0.05896315
5.37000000	-0.08893397
5.38000000	-0.06946169
5.39000000	-0.01013376
5.40000000	0.06704458
5.41000000	0.14023590
5.42000000	0.19698633
5.43000000	0.23598920
5.44000000	0.26159579
5.45000000	0.27525634
5.46000000	0.27037752
5.47000000	0.23539296
5.48000000	0.16380845
5.49000000	0.06360397
5.50000000	-0.04251854
5.51000000	-0.12798847
5.52000000	-0.17692740
5.53000000	-0.19116770
5.54000000	-0.18468390
5.55000000	-0.17148663
5.56000000	-0.15776479
5.57000000	-0.14307153
5.58000000	-0.12644890
5.59000000	-0.11068316
5.60000000	-0.10149420
5.61000000	-0.10307265
5.62000000	-0.11370903
5.63000000	-0.12491457
5.64000000	-0.12496381
5.65000000	-0.10470103
5.66000000	-0.06197569
5.67000000	-0.00222071
5.68000000	0.06464231
5.69000000	0.12853195
5.70000000	0.18191656
5.71000000	0.21978618
5.72000000	0.23831236
5.73000000	0.23460257
5.74000000	0.20832048
5.75000000	0.16344712
5.76000000	0.10790324
5.77000000	0.05076882
5.78000000	-0.00080922
5.79000000	-0.04271240
5.80000000	-0.07265306
5.81000000	-0.08847892
5.82000000	-0.08786061
5.83000000	-0.06946522
5.84000000	-0.03427783
5.85000000	0.01387559
5.86000000	0.06847469
5.87000000	0.12101985
5.88000000	0.16284216
5.89000000	0.18799849
5.90000000	0.19573066
5.91000000	0.19052482
5.92000000	0.17928878
5.93000000	0.16721461
5.94000000	0.15485158
5.95000000	0.13826481
5.96000000	0.11226467
5.97000000	0.07456403
5.98000000	0.02794191
5.99000000	-0.02097691
6.00000000	-0.06502477
6.01000000	-0.09918054
6.02000000	-0.12098122
6.03000000	-0.12920387
6.04000000	-0.12275130
6.05000000	-0.10119159
6.06000000	-0.06649720
6.07000000	-0.02399540
6.08000000	0.01886959
6.09000000	0.05518920
6.10000000	0.08061014
6.11000000	0.09351754
6.12000000	0.09382227
6.13000000	0.08161895
6.14000000	0.05681752
6.15000000	0.02021421
6.16000000	-0.02451711
6.17000000	-0.06962046
6.18000000	-0.10488904
6.19000000	-0.12239299
6.20000000	-0.12140264
6.21000000	-0.10934667
6.22000000	-0.09741533
6.23000000	-0.09377933
6.24000000	-0.09900646
6.25000000	-0.10615503
6.26000000	-0.10481476
6.27000000	-0.08641513
6.28000000	-0.04795330
6.29000000	0.00744109
6.30000000	0.07273926
6.31000000	0.14015709
6.32000000	0.20305204
6.33000000	0.25552466
6.34000000	0.29065988
6.35000000	0.30000000
6.36000000	0.27650185
6.37000000	0.22028962
6.38000000	0.14302257
6.39000000	0.06620004
6.40000000	0.01259969
6.41000000	-0.00449396
6.42000000	0.01275607
6.43000000	0.04953312
6.44000000	0.08758132
6.45000000	0.11433543
6.46000000	0.12661023
6.47000000	0.12813641
6.48000000	0.12406574
6.49000000	0.11640735
6.50000000	0.10296530
6.51000000	0.08012559
6.52000000	0.04753381
6.53000000	0.01113402
6.54000000	-0.01842417
6.55000000	-0.03178899
6.56000000	-0.02713572
6.57000000	-0.01142562
6.58000000	0.00471306
6.59000000	0.01426393
6.60000000	0.01718346
6.61000000	0.01769505
6.62000000	0.01890807
6.63000000	0.01983875
6.64000000	0.01690214
6.65000000	0.00779592
6.66000000	-0.00598743
6.67000000	-0.02014582
6.68000000	-0.03098949
6.69000000	-0.03823272
6.70000000	-0.04486893
6.71000000	-0.05456067
6.72000000	-0.06900102
6.73000000	-0.08720969
6.74000000	-0.10660380
6.75000000	-0.12430219
6.76000000	-0.13755751
6.77000000	-0.14352266
6.78000000	-0.13934058
6.79000000	-0.12320341
6.80000000	-0.09591536
6.81000000	-0.06162312
6.82000000	-0.02671606
6.83000000	0.00264191
6.84000000	0.02263995
6.85000000	0.03214864
6.86000000	0.03135491
6.87000000	0.02023209
6.88000000	-0.00158589
6.89000000	-0.03326444
6.90000000	-0.07085057
6.91000000	-0.10686206
6.92000000	-0.13245135
6.93000000	-0.14144208
6.94000000	-0.13390031
6.95000000	-0.11661032
6.96000000	-0.09947745
6.97000000	-0.08972310
6.98000000	-0.08771513
6.99000000	-0.08747284
7.00000000	-0.08149164
7.01000000	-0.06625144
7.02000000	-0.04451928
7.03000000	-0.02341696
7.04000000	-0.01032524
7.05000000	-0.00941483
7.06000000	-0.02017261
7.07000000	-0.03781790
7.08000000	-0.05511177
7.09000000	-0.06505620
7.10000000	-0.06353022
7.11000000	-0.05053347
7.12000000	-0.02939074
7.13000000	-0.00470927
7.14000000	0.01939838
7.15000000	0.04001669
7.16000000	0.05540501
7.17000000	0.06492211
7.18000000	0.06902567
7.19000000	0.06903804
7.20000000	0.06659341
7.21000000	0.06311311
7.22000000	0.05959257
7.23000000	0.05647748
7.24000000	0.05324634
7.25000000	0.04792977
7.26000000	0.03749756
7.27000000	0.01972567
7.28000000	-0.00430346
7.29000000	-0.02916535
7.30000000	-0.04703791
7.31000000	-0.05174239
7.32000000	-0.04195551
7.33000000	-0.02122811
7.34000000	0.00476037
7.35000000	0.03110062
7.36000000	0.05464033
7.37000000	0.07328576
7.38000000	0.08525386
7.39000000	0.08930156
7.40000000	0.08551122
7.41000000	0.07557922
7.42000000	0.06213329
7.43000000	0.04754622
7.44000000	0.03306510
7.45000000	0.01869992
7.46000000	0.00378011
7.47000000	-0.01215637
7.48000000	-0.02853716
7.49000000	-0.04345761
7.50000000	-0.05424734
7.51000000	-0.05869015
7.52000000	-0.05608338
7.53000000	-0.04733655
7.54000000	-0.03407441
7.55000000	-0.01756830
7.56000000	0.00152707
7.57000000	0.02235764
7.58000000	0.04268202
7.59000000	0.05851379
7.60000000	0.06536231
7.61000000	0.06060547
7.62000000	0.04532580
7.63000000	0.02394700
7.64000000	0.00163290
7.65000000	-0.01856510
7.66000000	-0.03643275
7.67000000	-0.05271682
7.68000000	-0.06662147
7.69000000	-0.07516139
7.70000000	-0.07492727
7.71000000	-0.06447350
7.72000000	-0.04514385
7.73000000	-0.01994595
7.74000000	0.00797086
7.75000000	0.03562760
7.76000000	0.05944862
7.77000000	0.07509746
7.78000000	0.07920111
7.79000000	0.07209714
7.80000000	0.05897049
7.81000000	0.04753753
7.82000000	0.04351547
7.83000000	0.04746609
7.84000000	0.05555267
7.85000000	0.06320189
7.86000000	0.06824839
7.87000000	0.07111482
7.88000000	0.07256872
7.89000000	0.07154428
7.90000000	0.06498366
7.91000000	0.04973026
7.92000000	0.02504344
7.93000000	-0.00593871
7.94000000	-0.03680315
7.95000000	-0.06042232
7.96000000	-0.07214126
7.97000000	-0.07165552
7.98000000	-0.06238598
7.99000000	-0.04897503
8.00000000	-0.03492142
8.01000000	-0.02199848
8.02000000	-0.01131033
8.03000000	-0.00439739
8.04000000	-0.00302783
8.05000000	-0.00782275
8.06000000	-0.01712087
8.07000000	-0.02735490
8.08000000	-0.03491139
8.09000000	-0.03818064
8.10000000	-0.03830919
8.11000000	-0.03810779
8.12000000	-0.03984964
8.13000000	-0.04342013
8.14000000	-0.04606519
8.15000000	-0.04399937
8.16000000	-0.03490164
8.17000000	-0.01962835
8.18000000	-0.00193754
8.19000000	0.01356761
8.20000000	0.02380520
8.21000000	0.02832427
8.22000000	0.02865206
8.23000000	0.02663268
8.24000000	0.02298576
8.25000000	0.01686088
8.26000000	0.00646011
8.27000000	-0.00959745
8.28000000	-0.03075577
8.29000000	-0.05378349
8.30000000	-0.07369537
8.31000000	-0.08616354
8.32000000	-0.08984690
8.33000000	-0.08686198
8.34000000	-0.08112660
8.35000000	-0.07605076
8.36000000	-0.07323191
8.37000000	-0.07251582
8.38000000	-0.07267630
8.39000000	-0.07206248
8.40000000	-0.06920546
8.41000000	-0.06349955
8.42000000	-0.05566361
8.43000000	-0.04754280
8.44000000	-0.04126984
8.45000000	-0.03833846
8.46000000	-0.03915772
8.47000000	-0.04320689
8.48000000	-0.04947454
8.49000000	-0.05677638
8.50000000	-0.06378554
8.51000000	-0.06892429
8.52000000	-0.07039338
8.53000000	-0.06647633
8.54000000	-0.05602598
8.55000000	-0.03896158
8.56000000	-0.01666559
8.57000000	0.00787260
8.58000000	0.03051327
8.59000000	0.04732536
8.60000000	0.05649535
8.61000000	0.05955247
8.62000000	0.06064592
8.63000000	0.06397792
8.64000000	0.07121397
8.65000000	0.08090331
8.66000000	0.09019098
8.67000000	0.09710636
8.68000000	0.10147299
8.69000000	0.10406156
8.70000000	0.10526112
8.71000000	0.10471019
8.72000000	0.10208863
8.73000000	0.09802305
8.74000000	0.09403463
8.75000000	0.09152884
8.76000000	0.09077223
8.77000000	0.09069411
8.78000000	0.08948952
8.79000000	0.08540096
8.80000000	0.07723793
8.81000000	0.06471514
8.82000000	0.04882867
8.83000000	0.03209031
8.84000000	0.01805403
8.85000000	0.00984947
8.86000000	0.00838195
8.87000000	0.01158309
8.88000000	0.01559726
8.89000000	0.01720457
8.90000000	0.01564101
8.91000000	0.01255614
8.92000000	0.01048900
8.93000000	0.01117462
8.94000000	0.01462384
8.95000000	0.01916953
8.96000000	0.02230488
8.97000000	0.02195398
8.98000000	0.01756257
8.99000000	0.01038841
9.00000000	0.00285562
9.01000000	-0.00257895
9.02000000	-0.00446119
9.03000000	-0.00293498
9.04000000	0.00029344
9.05000000	0.00276338
9.06000000	0.00256736
9.07000000	-0.00077314
9.08000000	-0.00670875
9.09000000	-0.01492300
9.10000000	-0.02584181
9.11000000	-0.03935184
9.12000000	-0.05285104
9.13000000	-0.06108871
9.14000000	-0.05878498
9.15000000	-0.04408972
9.16000000	-0.01996049
9.17000000	0.00740519
9.18000000	0.03144158
9.19000000	0.04737274
9.20000000	0.05296562
9.21000000	0.04830554
9.22000000	0.03516831
9.23000000	0.01628581
9.24000000	-0.00532615
9.25000000	-0.02679462
9.26000000	-0.04551789
9.27000000	-0.05923643
9.28000000	-0.06637922
9.29000000	-0.06665709
9.30000000	-0.06139429
9.31000000	-0.05309094
9.32000000	-0.04430140
9.33000000	-0.03653324
9.34000000	-0.02990847
9.35000000	-0.02374635
9.36000000	-0.01753906
9.37000000	-0.01155015
9.38000000	-0.00661568
9.39000000	-0.00336060
9.40000000	-0.00150041
9.41000000	0.00012545
9.42000000	0.00266402
9.43000000	0.00607897
9.44000000	0.00862078
9.45000000	0.00749882
9.46000000	0.00048335
9.47000000	-0.01251739
9.48000000	-0.02893690
9.49000000	-0.04456826
9.50000000	-0.05566657
9.51000000	-0.06084177
9.52000000	-0.06141144
9.53000000	-0.05996304
9.54000000	-0.05828366
9.55000000	-0.05624053
9.56000000	-0.05226582
9.57000000	-0.04480033
9.58000000	-0.03355986
9.59000000	-0.01997110
9.60000000	-0.00682482
9.61000000	0.00255444
9.62000000	0.00544295
9.63000000	0.00095267
9.64000000	-0.00917600
9.65000000	-0.02092301
9.66000000	-0.02962610
9.67000000	-0.03207487
9.68000000	-0.02776365
9.69000000	-0.01857291
9.70000000	-0.00726918
9.71000000	0.00402621
9.72000000	0.01436066
9.73000000	0.02327746
9.74000000	0.02973836
9.75000000	0.03178521
9.76000000	0.02743540
9.77000000	0.01614670
9.78000000	-0.00039063
9.79000000	-0.01876990
9.80000000	-0.03519713
9.81000000	-0.04668844
9.82000000	-0.05168135
9.83000000	-0.05017625
9.84000000	-0.04353893
9.85000000	-0.03391922
9.86000000	-0.02343021
9.87000000	-0.01355789
9.88000000	-0.00511126
9.89000000	0.00155172
9.90000000	0.00649210
9.91000000	0.01033791
9.92000000	0.01412880
9.93000000	0.01863129
9.94000000	0.02355989
9.95000000	0.02738241
9.96000000	0.02802354
9.97000000	0.02421721
9.98000000	0.01678928
9.99000000	0.00894508
10.00000000	0.00502296
10.01000000	0.00819522
10.02000000	0.01851999
10.03000000	0.03268159
10.04000000	0.04567784
10.05000000	0.05348146
10.06000000	0.05517407
10.07000000	0.05341038
10.08000000	0.05294773
10.09000000	0.05792372
10.10000000	0.06926278
10.11000000	0.08370494
10.12000000	0.09518297
10.13000000	0.09784722
10.14000000	0.08890129
10.15000000	0.06955846
10.16000000	0.04385575
10.17000000	0.01657314
10.18000000	-0.00821145
10.19000000	-0.02744937
10.20000000	-0.03901553
10.21000000	-0.04194726
10.22000000	-0.03694343
10.23000000	-0.02638003
10.24000000	-0.01340699
10.25000000	-0.00057877
10.26000000	0.01102003
10.27000000	0.02154752
10.28000000	0.03134437
10.29000000	0.03996068
10.30000000	0.04610904
10.31000000	0.04861947
10.32000000	0.04758385
10.33000000	0.04461151
10.34000000	0.04184257
10.35000000	0.04054725
10.36000000	0.04060317
10.37000000	0.04127567
10.38000000	0.04237398
10.39000000	0.04451384
10.40000000	0.04826367
10.41000000	0.05316986
10.42000000	0.05770930
10.43000000	0.06017249
10.44000000	0.05957406
10.45000000	0.05582080
10.46000000	0.04922210
10.47000000	0.04002652
10.48000000	0.02845937
10.49000000	0.01506525
10.50000000	0.00081640
10.51000000	-0.01319604
10.52000000	-0.02609298
10.53000000	-0.03711920
10.54000000	-0.04525687
10.55000000	-0.04913152
10.56000000	-0.04758121
10.57000000	-0.04055598
10.58000000	-0.02958077
10.59000000	-0.01729712
10.60000000	-0.00630635
10.61000000	0.00197069
10.62000000	0.00775223
10.63000000	0.01244070
10.64000000	0.01750778
10.65000000	0.02330097
10.66000000	0.02845202
10.67000000	0.03034792
10.68000000	0.02655166
10.69000000	0.01638932
10.70000000	0.00166010
10.71000000	-0.01410567
10.72000000	-0.02745437
10.73000000	-0.03670895
10.74000000	-0.04239459
10.75000000	-0.04612152
10.76000000	-0.04884568
10.77000000	-0.04994314
10.78000000	-0.04784827
10.79000000	-0.04167022
10.80000000	-0.03241618
10.81000000	-0.02283633
10.82000000	-0.01599054
10.83000000	-0.01353581
10.84000000	-0.01491375
10.85000000	-0.01801675
10.86000000	-0.02086593
10.87000000	-0.02303208
10.88000000	-0.02564579
10.89000000	-0.02992002
10.90000000	-0.03535896
10.91000000	-0.03919335
10.92000000	-0.03767343
10.93000000	-0.02838027
10.94000000	-0.01193051
10.95000000	0.00801245
10.96000000	0.02623841
10.97000000	0.03798129
10.98000000	0.04047897
10.99000000	0.03370673
11.00000000	0.02019543
11.01000000	0.00394887
11.02000000	-0.01121791
11.03000000	-0.02311447
11.04000000	-0.03152455
11.05000000	-0.03734129
11.06000000	-0.04131820
11.07000000	-0.04348712
11.08000000	-0.04355528
11.09000000	-0.04167106
11.10000000	-0.03872593
11.11000000	-0.03592166
11.12000000	-0.03402451
11.13000000	-0.03292982
11.14000000	-0.03182082
11.15000000	-0.02971984
11.16000000	-0.02600599
11.17000000	-0.02063968
11.18000000	-0.01417271
11.19000000	-0.00774342
11.20000000	-0.00300343
11.21000000	-0.00165238
11.22000000	-0.00449741
11.23000000	-0.01061157
11.24000000	-0.01741283
11.25000000	-0.02180931
11.26000000	-0.02161875
11.27000000	-0.01634757
11.28000000	-0.00714472
11.29000000	0.00367709
11.30000000	0.01330272
11.31000000	0.01928536
11.32000000	0.02042503
11.33000000	0.01709195
11.34000000	0.01069102
11.35000000	0.00270735
11.36000000	-0.00590495
11.37000000	-0.01470845
11.38000000	-0.02346397
11.39000000	-0.03185698
11.40000000	-0.03930216
11.41000000	-0.04482814
11.42000000	-0.04725018
11.43000000	-0.04571299
11.44000000	-0.04022046
11.45000000	-0.03165673
11.46000000	-0.02132244
11.47000000	-0.01048271
11.48000000	-0.00022947
11.49000000	0.00852530
11.50000000	0.01518509
11.51000000	0.01968109
11.52000000	0.02254162
11.53000000	0.02473908
11.54000000	0.02738341
11.55000000	0.03131488
11.56000000	0.03664857
11.57000000	0.04247470
11.58000000	0.04703027
11.59000000	0.04844519
11.60000000	0.04570188
11.61000000	0.03918496
11.62000000	0.03048056
11.63000000	0.02168791
11.64000000	0.01480516
11.65000000	0.01144498
11.66000000	0.01264198
11.67000000	0.01846605
11.68000000	0.02760232
11.69000000	0.03741596
11.70000000	0.04479902
11.71000000	0.04745543
11.72000000	0.04484222
11.73000000	0.03820307
11.74000000	0.02981072
11.75000000	0.02201005
11.76000000	0.01653056
11.77000000	0.01412538
11.78000000	0.01443985
11.79000000	0.01617299
11.80000000	0.01765874
11.81000000	0.01771408
11.82000000	0.01624862
11.83000000	0.01417297
11.84000000	0.01267792
11.85000000	0.01250998
11.86000000	0.01383538
11.87000000	0.01663155
11.88000000	0.02097634
11.89000000	0.02679724
11.90000000	0.03337074
11.91000000	0.03922431
11.92000000	0.04265911
11.93000000	0.04247394
11.94000000	0.03839244
11.95000000	0.03109950
11.96000000	0.02204457
11.97000000	0.01307669
11.98000000	0.00591490
11.99000000	0.00161393
12.00000000	0.00028371
12.01000000	0.00115615
12.02000000	0.00287991
12.03000000	0.00392604
12.04000000	0.00307978
12.05000000	-0.00010209
12.06000000	-0.00516873
12.07000000	-0.01116154
12.08000000	-0.01723149
12.09000000	-0.02294527
12.10000000	-0.02803496
12.11000000	-0.03193588
12.12000000	-0.03371582
12.13000000	-0.03261535
12.14000000	-0.02873867
12.15000000	-0.02318339
12.16000000	-0.01741542
12.17000000	-0.01245905
12.18000000	-0.00862742
12.19000000	-0.00589115
12.20000000	-0.00430112
12.21000000	-0.00392134
12.22000000	-0.00441723
12.23000000	-0.00495149
12.24000000	-0.00473613
12.25000000	-0.00379579
12.26000000	-0.00312143
12.27000000	-0.00389516
12.28000000	-0.00635759
12.29000000	-0.00928644
12.30000000	-0.01058393
12.31000000	-0.00856335
12.32000000	-0.00295757
12.33000000	0.00509523
12.34000000	0.01398734
12.35000000	0.02264017
12.36000000	0.03070896
12.37000000	0.03791777
12.38000000	0.04328785
12.39000000	0.04514156
12.40000000	0.04206853
12.41000000	0.03414620
12.42000000	0.02338432
12.43000000	0.01290984
12.44000000	0.00539052
12.45000000	0.00178318
12.46000000	0.00121123
12.47000000	0.00191515
12.48000000	0.00249665
12.49000000	0.00260159
12.50000000	0.00272237
12.51000000	0.00347185
12.52000000	0.00496611
12.53000000	0.00670714
12.54000000	0.00789462
12.55000000	0.00783439
12.56000000	0.00616954
12.57000000	0.00286879
12.58000000	-0.00191588
12.59000000	-0.00792937
12.60000000	-0.01469689
12.61000000	-0.02130508
12.62000000	-0.02640449
12.63000000	-0.02867092
12.64000000	-0.02750344
12.65000000	-0.02335385
12.66000000	-0.01731290
12.67000000	-0.01031370
12.68000000	-0.00274739
12.69000000	0.00515426
12.70000000	0.01267162
12.71000000	0.01847319
12.72000000	0.02121188
12.73000000	0.02028241
12.74000000	0.01607220
12.75000000	0.00958260
12.76000000	0.00184143
12.77000000	-0.00641849
12.78000000	-0.01469117
12.79000000	-0.02247717
12.80000000	-0.02922446
12.81000000	-0.03450172
12.82000000	-0.03816082
12.83000000	-0.04023071
12.84000000	-0.04067030
12.85000000	-0.03941982
12.86000000	-0.03688345
12.87000000	-0.03428797
12.88000000	-0.03322270
12.89000000	-0.03448256
12.90000000	-0.03727453
12.91000000	-0.03972971
12.92000000	-0.04044459
12.93000000	-0.03970627
12.94000000	-0.03929148
12.95000000	-0.04103279
12.96000000	-0.04538926
12.97000000	-0.05109415
12.98000000	-0.05591903
12.99000000	-0.05776645
13.00000000	-0.05532312
13.01000000	-0.04811524
13.02000000	-0.03631092
13.03000000	-0.02061652
13.04000000	-0.00231089
13.05000000	0.01672961
13.06000000	0.03413669
13.07000000	0.04735822
13.08000000	0.05423151
13.09000000	0.05374153
13.10000000	0.04657760
13.11000000	0.03497627
13.12000000	0.02173638
13.13000000	0.00899400
13.14000000	-0.00236315
13.15000000	-0.01228463
13.16000000	-0.02065636
13.17000000	-0.02676440
13.18000000	-0.02952064
13.19000000	-0.02813317
13.20000000	-0.02262492
13.21000000	-0.01388426
13.22000000	-0.00335737
13.23000000	0.00733136
13.24000000	0.01664894
13.25000000	0.02331656
13.26000000	0.02646443
13.27000000	0.02583768
13.28000000	0.02197793
13.29000000	0.01619305
13.30000000	0.01017398
13.31000000	0.00533727
13.32000000	0.00221366
13.33000000	0.00027001
13.34000000	-0.00165430
13.35000000	-0.00451698
13.36000000	-0.00838652
13.37000000	-0.01236084
13.38000000	-0.01508905
13.39000000	-0.01548185
13.40000000	-0.01320909
13.41000000	-0.00885264
13.42000000	-0.00370724
13.43000000	0.00078014
13.44000000	0.00375612
13.45000000	0.00541544
13.46000000	0.00674038
13.47000000	0.00863889
13.48000000	0.01112865
13.49000000	0.01320990
13.50000000	0.01353955
13.51000000	0.01142956
13.52000000	0.00746764
13.53000000	0.00330668
13.54000000	0.00072992
13.55000000	0.00063236
13.56000000	0.00264651
13.57000000	0.00563843
13.58000000	0.00862068
13.59000000	0.01137334
13.60000000	0.01438658
13.61000000	0.01827445
13.62000000	0.02313329
13.63000000	0.02827714
13.64000000	0.03249224
13.65000000	0.03462152
13.66000000	0.03409538
13.67000000	0.03107817
13.68000000	0.02619067
13.69000000	0.02009381
13.70000000	0.01329882
13.71000000	0.00632034
13.72000000	-0.00006344
13.73000000	-0.00481268
13.74000000	-0.00704417
13.75000000	-0.00661994
13.76000000	-0.00440984
13.77000000	-0.00189490
13.78000000	-0.00028286
13.79000000	0.00026973
13.80000000	0.00078275
13.81000000	0.00286040
13.82000000	0.00778811
13.83000000	0.01579695
13.84000000	0.02572419
13.85000000	0.03511024
13.86000000	0.04079287
13.87000000	0.04002525
13.88000000	0.03181874
13.89000000	0.01780540
13.90000000	0.00193356
13.91000000	-0.01105266
13.92000000	-0.01758183
13.93000000	-0.01659441
13.94000000	-0.00962174
13.95000000	0.00022163
13.96000000	0.00961754
13.97000000	0.01611487
13.98000000	0.01864565
13.99000000	0.01762678
14.00000000	0.01479134
14.01000000	0.01263309
14.02000000	0.01331056
14.03000000	0.01733192
14.04000000	0.02291022
14.05000000	0.02674626
14.06000000	0.02598053
14.07000000	0.02001829
14.08000000	0.01092028
14.09000000	0.00211902
14.10000000	-0.00359813
14.11000000	-0.00553067
14.12000000	-0.00515595
14.13000000	-0.00497639
14.14000000	-0.00689738
14.15000000	-0.01110194
14.16000000	-0.01608052
14.17000000	-0.01978557
14.18000000	-0.02112193
14.19000000	-0.02067711
14.20000000	-0.02010975
14.21000000	-0.02066290
14.22000000	-0.02199128
14.23000000	-0.02224550
14.24000000	-0.01936651
14.25000000	-0.01264868
14.26000000	-0.00348558
14.27000000	0.00518156
14.28000000	0.01033508
14.29000000	0.01035819
14.30000000	0.00568609
14.31000000	-0.00162859
14.32000000	-0.00905732
14.33000000	-0.01475141
14.34000000	-0.01814029
14.35000000	-0.01980112
14.36000000	-0.02083095
14.37000000	-0.02212937
14.38000000	-0.02391702
14.39000000	-0.02563799
14.40000000	-0.02625646
14.41000000	-0.02482935
14.42000000	-0.02109228
14.43000000	-0.01575730
14.44000000	-0.01037085
14.45000000	-0.00680172
14.46000000	-0.00654948
14.47000000	-0.01008208
14.48000000	-0.01643719
14.49000000	-0.02335405
14.50000000	-0.02807748
14.51000000	-0.02859921
14.52000000	-0.02469860
14.53000000	-0.01812931
14.54000000	-0.01179890
14.55000000	-0.00841545
14.56000000	-0.00932496
14.57000000	-0.01403961
14.58000000	-0.02055994
14.59000000	-0.02629106
14.60000000	-0.02917144
14.61000000	-0.02853317
14.62000000	-0.02526973
14.63000000	-0.02119819
14.64000000	-0.01796239
14.65000000	-0.01613095
14.66000000	-0.01505081
14.67000000	-0.01353429
14.68000000	-0.01086672
14.69000000	-0.00736776
14.70000000	-0.00409772
14.71000000	-0.00202196
14.72000000	-0.00138407
14.73000000	-0.00176756
14.74000000	-0.00261531
14.75000000	-0.00356863
14.76000000	-0.00431488
14.77000000	-0.00428935
14.78000000	-0.00276459
14.79000000	0.00062154
14.80000000	0.00537871
14.81000000	0.01018174
14.82000000	0.01341585
14.83000000	0.01391785
14.84000000	0.01153374
14.85000000	0.00722488
14.86000000	0.00262097
14.87000000	-0.00079118
14.88000000	-0.00233626
14.89000000	-0.00219839
14.90000000	-0.00088570
14.91000000	0.00132287
14.92000000	0.00443650
14.93000000	0.00837969
14.94000000	0.01266792
14.95000000	0.01643145
14.96000000	0.01864830
14.97000000	0.01836170
14.98000000	0.01492972
14.99000000	0.00842385
15.00000000	-0.00005379
15.01000000	-0.00860166
15.02000000	-0.01540310
15.03000000	-0.01971263
15.04000000	-0.02218106
15.05000000	-0.02425033
15.06000000	-0.02706441
15.07000000	-0.03064245
15.08000000	-0.03380287
15.09000000	-0.03484110
15.10000000	-0.03256139
15.11000000	-0.02704661
15.12000000	-0.01961664
15.13000000	-0.01190241
15.14000000	-0.00466873
15.15000000	0.00264645
15.16000000	0.01121505
15.17000000	0.02148383
15.18000000	0.03235619
15.19000000	0.04156257
15.20000000	0.04686707
15.21000000	0.04718619
15.22000000	0.04299200
15.23000000	0.03601829
15.24000000	0.02860708
15.25000000	0.02294519
15.26000000	0.02033144
15.27000000	0.02069542
15.28000000	0.02265924
15.29000000	0.02423895
15.30000000	0.02387217
15.31000000	0.02116578
15.32000000	0.01688494
15.33000000	0.01223412
15.34000000	0.00800560
15.35000000	0.00422270
15.36000000	0.00043601
15.37000000	-0.00371235
15.38000000	-0.00816415
15.39000000	-0.01252584
15.40000000	-0.01632649
15.41000000	-0.01917186
15.42000000	-0.02074959
15.43000000	-0.02081434
15.44000000	-0.01922929
15.45000000	-0.01601923
15.46000000	-0.01137703
15.47000000	-0.00564013
15.48000000	0.00070090
15.49000000	0.00694501
15.50000000	0.01215167
15.51000000	0.01525637
15.52000000	0.01536597
15.53000000	0.01212130
15.54000000	0.00591193
15.55000000	-0.00223049
15.56000000	-0.01103252
15.57000000	-0.01941888
15.58000000	-0.02670665
15.59000000	-0.03248796
15.60000000	-0.03641069
15.61000000	-0.03814299
15.62000000	-0.03759606
15.63000000	-0.03516352
15.64000000	-0.03165153
15.65000000	-0.02785722
15.66000000	-0.02411837
15.67000000	-0.02021260
15.68000000	-0.01567969
15.69000000	-0.01029361
15.70000000	-0.00434186
15.71000000	0.00141709
15.72000000	0.00602738
15.73000000	0.00871114
15.74000000	0.00924555
15.75000000	0.00816660
15.76000000	0.00656397
15.77000000	0.00545208
15.78000000	0.00512689
15.79000000	0.00506057
15.80000000	0.00445198
15.81000000	0.00291874
15.82000000	0.00068037
15.83000000	-0.00187637
15.84000000	-0.00470582
15.85000000	-0.00806327
15.86000000	-0.01187385
15.87000000	-0.01513239
15.88000000	-0.01604293
15.89000000	-0.01299046
15.90000000	-0.00568211
15.91000000	0.00438907
15.92000000	0.01448665
15.93000000	0.02181370
15.94000000	0.02466278
15.95000000	0.02302742
15.96000000	0.01852087
15.97000000	0.01370639
15.98000000	0.01106369
15.99000000	0.01191341
16.00000000	0.01575025
16.01000000	0.02041852
16.02000000	0.02318847
16.03000000	0.02220679
16.04000000	0.01748516
16.05000000	0.01086435
16.06000000	0.00503482
16.07000000	0.00222181
16.08000000	0.00324823
16.09000000	0.00740829
16.10000000	0.01310433
16.11000000	0.01874171
16.12000000	0.02325132
16.13000000	0.02599334
16.14000000	0.02639084
16.15000000	0.02385671
16.16000000	0.01819912
16.17000000	0.01013472
16.18000000	0.00135878
16.19000000	-0.00604976
16.20000000	-0.01058443
16.21000000	-0.01200223
16.22000000	-0.01123244
16.23000000	-0.00951347
16.24000000	-0.00739310
16.25000000	-0.00441403
16.26000000	0.00023962
16.27000000	0.00672926
16.28000000	0.01413189
16.29000000	0.02099558
16.30000000	0.02634242
16.31000000	0.03016422
16.32000000	0.03297017
16.33000000	0.03487960
16.34000000	0.03517402
16.35000000	0.03274104
16.36000000	0.02699566
16.37000000	0.01847387
16.38000000	0.00862241
16.39000000	-0.00102846
16.40000000	-0.00966176
16.41000000	-0.01732767
16.42000000	-0.02433078
16.43000000	-0.03035344
16.44000000	-0.03411216
16.45000000	-0.03398134
16.46000000	-0.02919934
16.47000000	-0.02071433
16.48000000	-0.01097062
16.49000000	-0.00274063
16.50000000	0.00222875
16.51000000	0.00390408
16.52000000	0.00360105
16.53000000	0.00289228
16.54000000	0.00261701
16.55000000	0.00269599
16.56000000	0.00271233
16.57000000	0.00251647
16.58000000	0.00219601
16.59000000	0.00156742
16.60000000	-0.00004154
16.61000000	-0.00329077
16.62000000	-0.00808069
16.63000000	-0.01341051
16.64000000	-0.01809695
16.65000000	-0.02170012
16.66000000	-0.02476271
16.67000000	-0.02813701
16.68000000	-0.03206710
16.69000000	-0.03592566
16.70000000	-0.03886558
16.71000000	-0.04076833
16.72000000	-0.04257030
16.73000000	-0.04557590
16.74000000	-0.05025991
16.75000000	-0.05556353
16.76000000	-0.05934067
16.77000000	-0.05965862
16.78000000	-0.05591705
16.79000000	-0.04890095
16.80000000	-0.03983098
16.81000000	-0.02937467
16.82000000	-0.01757945
16.83000000	-0.00475478
16.84000000	0.00764232
16.85000000	0.01713490
16.86000000	0.02148460
16.87000000	0.02015541
16.88000000	0.01479964
16.89000000	0.00834167
16.90000000	0.00334660
16.91000000	0.00086911
16.92000000	0.00049817
16.93000000	0.00132182
16.94000000	0.00288058
16.95000000	0.00536255
16.96000000	0.00907696
16.97000000	0.01387394
16.98000000	0.01909918
16.99000000	0.02404763
17.00000000	0.02837949
17.01000000	0.03205912
17.02000000	0.03491778
17.03000000	0.03635697
17.04000000	0.03559473
17.05000000	0.03232457
17.06000000	0.02721581
17.07000000	0.02176458
17.08000000	0.01754847
17.09000000	0.01543700
17.10000000	0.01531575
17.11000000	0.01643973
17.12000000	0.01807237
17.13000000	0.01992955
17.14000000	0.02214994
17.15000000	0.02486993
17.16000000	0.02777395
17.17000000	0.03002530
17.18000000	0.03069428
17.19000000	0.02936962
17.20000000	0.02642987
17.21000000	0.02269942
17.22000000	0.01874140
17.23000000	0.01437121
17.24000000	0.00881633
17.25000000	0.00145412
17.26000000	-0.00738140
17.27000000	-0.01612829
17.28000000	-0.02255217
17.29000000	-0.02485599
17.30000000	-0.02262482
17.31000000	-0.01694770
17.32000000	-0.00965995
17.33000000	-0.00231169
17.34000000	0.00438637
17.35000000	0.01036097
17.36000000	0.01557505
17.37000000	0.01964698
17.38000000	0.02202230
17.39000000	0.02247311
17.40000000	0.02137519
17.41000000	0.01943219
17.42000000	0.01709160
17.43000000	0.01426179
17.44000000	0.01067462
17.45000000	0.00656079
17.46000000	0.00292112
17.47000000	0.00102425
17.48000000	0.00149457
17.49000000	0.00373495
17.50000000	0.00613604
17.51000000	0.00691605
17.52000000	0.00504018
17.53000000	0.00067256
17.54000000	-0.00508202
17.55000000	-0.01092240
17.56000000	-0.01598287
17.57000000	-0.01986174
17.58000000	-0.02216264
17.59000000	-0.02215292
17.60000000	-0.01895241
17.61000000	-0.01207276
17.62000000	-0.00186036
17.63000000	0.01038016
17.64000000	0.02255775
17.65000000	0.03224400
17.66000000	0.03738514
17.67000000	0.03705211
17.68000000	0.03181342
17.69000000	0.02346715
17.70000000	0.01428810
17.71000000	0.00623252
17.72000000	0.00044678
17.73000000	-0.00286977
17.74000000	-0.00432637
17.75000000	-0.00492237
17.76000000	-0.00539172
17.77000000	-0.00567790
17.78000000	-0.00505934
17.79000000	-0.00296501
17.80000000	0.00023744
17.81000000	0.00331496
17.82000000	0.00512086
17.83000000	0.00551917
17.84000000	0.00537589
17.85000000	0.00565909
17.86000000	0.00655519
17.87000000	0.00738864
17.88000000	0.00725375
17.89000000	0.00564463
17.90000000	0.00258627
17.91000000	-0.00158985
17.92000000	-0.00637940
17.93000000	-0.01097380
17.94000000	-0.01413890
17.95000000	-0.01448730
17.96000000	-0.01117363
17.97000000	-0.00458734
17.98000000	0.00348852
17.99000000	0.01045444
18.00000000	0.01393408
18.01000000	0.01273027
18.02000000	0.00722882
18.03000000	-0.00087854
18.04000000	-0.00931725
18.05000000	-0.01600759
18.06000000	-0.01959750
18.07000000	-0.01964044
18.08000000	-0.01645404
18.09000000	-0.01079125
18.10000000	-0.00352375
18.11000000	0.00448600
18.12000000	0.01231566
18.13000000	0.01891251
18.14000000	0.02324755
18.15000000	0.02469541
18.16000000	0.02335023
18.17000000	0.01996029
18.18000000	0.01549904
18.19000000	0.01074914
18.20000000	0.00623179
18.21000000	0.00240839
18.22000000	-0.00018693
18.23000000	-0.00106259
18.24000000	0.00000323
18.25000000	0.00282422
18.26000000	0.00679921
18.27000000	0.01099551
18.28000000	0.01434235
18.29000000	0.01596376
18.30000000	0.01554448
18.31000000	0.01351283
18.32000000	0.01089634
18.33000000	0.00888727
18.34000000	0.00830334
18.35000000	0.00919200
18.36000000	0.01078267
18.37000000	0.01181561
18.38000000	0.01105583
18.39000000	0.00772442
18.40000000	0.00171020
18.41000000	-0.00640196
18.42000000	-0.01541309
18.43000000	-0.02370944
18.44000000	-0.02963809
18.45000000	-0.03204162
18.46000000	-0.03076568
18.47000000	-0.02684130
18.48000000	-0.02213914
18.49000000	-0.01859129
18.50000000	-0.01737344
18.51000000	-0.01849805
18.52000000	-0.02102145
18.53000000	-0.02369324
18.54000000	-0.02564899
18.55000000	-0.02679020
18.56000000	-0.02770873
18.57000000	-0.02924807
18.58000000	-0.03196389
18.59000000	-0.03578339
18.60000000	-0.04002439
18.61000000	-0.04371142
18.62000000	-0.04597789
18.63000000	-0.04633979
18.64000000	-0.04472930
18.65000000	-0.04131983
18.66000000	-0.03628999
18.67000000	-0.02970381
18.68000000	-0.02160766
18.69000000	-0.01229834
18.70000000	-0.00257396
18.71000000	0.00626579
18.72000000	0.01277581
18.73000000	0.01593944
18.74000000	0.01563402
18.75000000	0.01268253
18.76000000	0.00842906
18.77000000	0.00409672
18.78000000	0.00033503
18.79000000	-0.00279176
18.80000000	-0.00544608
18.81000000	-0.00758546
18.82000000	-0.00875710
18.83000000	-0.00824514
18.84000000	-0.00548158
18.85000000	-0.00047672
18.86000000	0.00600475
18.87000000	0.01266635
18.88000000	0.01820007
18.89000000	0.02179174
18.90000000	0.02329756
18.91000000	0.02302549
18.92000000	0.02136203
18.93000000	0.01857475
18.94000000	0.01491326
18.95000000	0.01083465
18.96000000	0.00707659
18.97000000	0.00446947
18.98000000	0.00363494
18.99000000	0.00480385
19.00000000	0.00783291
19.01000000	0.01230459
19.02000000	0.01759076
19.03000000	0.02290504
19.04000000	0.02741547
19.05000000	0.03038041
19.06000000	0.03122142
19.07000000	0.02956316
19.08000000	0.02536073
19.09000000	0.01911337
19.10000000	0.01194710
19.11000000	0.00533017
19.12000000	0.00046657
19.13000000	-0.00225834
19.14000000	-0.00337785
19.15000000	-0.00390955
19.16000000	-0.00467836
19.17000000	-0.00580606
19.18000000	-0.00662129
19.19000000	-0.00600609
19.20000000	-0.00299570
19.21000000	0.00267720
19.22000000	0.01037693
19.23000000	0.01876078
19.24000000	0.02619033
19.25000000	0.03113537
19.26000000	0.03251072
19.27000000	0.02997791
19.28000000	0.02411634
19.29000000	0.01624582
19.30000000	0.00786491
19.31000000	0.00005128
19.32000000	-0.00670995
19.33000000	-0.01218148
19.34000000	-0.01594654
19.35000000	-0.01741182
19.36000000	-0.01626119
19.37000000	-0.01287099
19.38000000	-0.00825948
19.39000000	-0.00365702
19.40000000	-0.00010275
19.41000000	0.00170457
19.42000000	0.00140509
19.43000000	-0.00099468
19.44000000	-0.00504490
19.45000000	-0.00984554
19.46000000	-0.01423198
19.47000000	-0.01716466
19.48000000	-0.01815893
19.49000000	-0.01745766
19.50000000	-0.01573425
19.51000000	-0.01347364
19.52000000	-0.01053945
19.53000000	-0.00636795
19.54000000	-0.00065972
19.55000000	0.00609990
19.56000000	0.01282941
19.57000000	0.01855340
19.58000000	0.02290487
19.59000000	0.02601211
19.60000000	0.02807444
19.61000000	0.02917879
19.62000000	0.02944888
19.63000000	0.02913438
19.64000000	0.02837740
19.65000000	0.02690031
19.66000000	0.02403837
19.67000000	0.01919437
19.68000000	0.01237675
19.69000000	0.00443072
19.70000000	-0.00318035
19.71000000	-0.00892051
19.72000000	-0.01177745
19.73000000	-0.01161576
19.74000000	-0.00914944
19.75000000	-0.00564502
19.76000000	-0.00257928
19.77000000	-0.00134543
19.78000000	-0.00292296
19.79000000	-0.00747361
19.80000000	-0.01407845
19.81000000	-0.02094365
19.82000000	-0.02613414
19.83000000	-0.02845457
19.84000000	-0.02792518
19.85000000	-0.02558106
19.86000000	-0.02280057
19.87000000	-0.02063359
19.88000000	-0.01948899
19.89000000	-0.01922716
19.90000000	-0.01946159
19.91000000	-0.01982741
19.92000000	-0.02008066
19.93000000	-0.02004422
19.94000000	-0.01951555
19.95000000	-0.01824793
19.96000000	-0.01602842
19.97000000	-0.01277793
19.98000000	-0.00858144
19.99000000	-0.00364291
20.00000000	0.00174669
20.01000000	0.00716814
20.02000000	0.01202911
20.03000000	0.01564111
20.04000000	0.01743051
20.05000000	0.01714620
20.06000000	0.01492478
20.07000000	0.01121050
20.08000000	0.00662948
20.09000000	0.00188502
20.10000000	-0.00234322
20.11000000	-0.00552401
20.12000000	-0.00739293
20.13000000	-0.00799857
20.14000000	-0.00763987
20.15000000	-0.00671369
20.16000000	-0.00554000
20.17000000	-0.00425815
20.18000000	-0.00285730
20.19000000	-0.00130881
20.20000000	0.00031476
20.21000000	0.00183514
20.22000000	0.00308758
20.23000000	0.00408833
20.24000000	0.00512643
20.25000000	0.00665665
20.26000000	0.00897559
20.27000000	0.01186702
20.28000000	0.01453405
20.29000000	0.01598935
20.30000000	0.01569757
20.31000000	0.01398261
20.32000000	0.01182915
20.33000000	0.01017845
20.34000000	0.00925249
20.35000000	0.00843596
20.36000000	0.00679438
20.37000000	0.00382747
20.38000000	-0.00006192
20.39000000	-0.00366938
20.40000000	-0.00560685
20.41000000	-0.00509845
20.42000000	-0.00247201
20.43000000	0.00101153
20.44000000	0.00392682
20.45000000	0.00553406
20.46000000	0.00611674
20.47000000	0.00661006
20.48000000	0.00784060
20.49000000	0.00991985
20.50000000	0.01216845
20.51000000	0.01357631
20.52000000	0.01346091
20.53000000	0.01185897
20.54000000	0.00938339
20.55000000	0.00669701
20.56000000	0.00406667
20.57000000	0.00137995
20.58000000	-0.00141490
20.59000000	-0.00388201
20.60000000	-0.00514076
20.61000000	-0.00444435
20.62000000	-0.00187330
20.63000000	0.00144434
20.64000000	0.00384461
20.65000000	0.00404349
20.66000000	0.00179474
20.67000000	-0.00214769
20.68000000	-0.00663860
20.69000000	-0.01080785
20.70000000	-0.01432843
20.71000000	-0.01720262
20.72000000	-0.01935438
20.73000000	-0.02042181
20.74000000	-0.01991408
20.75000000	-0.01754707
20.76000000	-0.01344230
20.77000000	-0.00806540
20.78000000	-0.00203744
20.79000000	0.00399749
20.80000000	0.00940581
20.81000000	0.01358051
20.82000000	0.01601656
20.83000000	0.01643611
20.84000000	0.01488329
20.85000000	0.01171388
20.86000000	0.00747998
20.87000000	0.00278625
20.88000000	-0.00180012
20.89000000	-0.00577342
20.90000000	-0.00871728
20.91000000	-0.01041228
20.92000000	-0.01098475
20.93000000	-0.01091695
20.94000000	-0.01077827
20.95000000	-0.01080845
20.96000000	-0.01071711
20.97000000	-0.00993629
20.98000000	-0.00814564
20.99000000	-0.00561879
21.00000000	-0.00310936
21.01000000	-0.00141623
21.02000000	-0.00100656
21.03000000	-0.00193292
21.04000000	-0.00396486
21.05000000	-0.00669809
21.06000000	-0.00953606
21.07000000	-0.01168188
21.08000000	-0.01233143
21.09000000	-0.01103968
21.10000000	-0.00799936
21.11000000	-0.00400100
21.12000000	-0.00009141
21.13000000	0.00284248
21.14000000	0.00431991
21.15000000	0.00424341
21.16000000	0.00269916
21.17000000	-0.00022129
21.18000000	-0.00443694
21.19000000	-0.00975680
21.20000000	-0.01577271
21.21000000	-0.02188665
21.22000000	-0.02745932
21.23000000	-0.03196669
21.24000000	-0.03506645
21.25000000	-0.03656732
21.26000000	-0.03637502
21.27000000	-0.03449940
21.28000000	-0.03114017
21.29000000	-0.02677071
21.30000000	-0.02209204
21.31000000	-0.01779678
21.32000000	-0.01425173
21.33000000	-0.01134679
21.34000000	-0.00869250
21.35000000	-0.00605457
21.36000000	-0.00364180
21.37000000	-0.00193638
21.38000000	-0.00117648
21.39000000	-0.00097039
21.40000000	-0.00043898
21.41000000	0.00119807
21.42000000	0.00408212
21.43000000	0.00764655
21.44000000	0.01101001
21.45000000	0.01346999
21.46000000	0.01475630
21.47000000	0.01497985
21.48000000	0.01442373
21.49000000	0.01332949
21.50000000	0.01176015
21.51000000	0.00960177
21.52000000	0.00674048
21.53000000	0.00333118
21.54000000	-0.00005278
21.55000000	-0.00256029
21.56000000	-0.00345419
21.57000000	-0.00252504
21.58000000	-0.00028087
21.59000000	0.00222197
21.60000000	0.00388937
21.61000000	0.00421415
21.62000000	0.00360297
21.63000000	0.00311272
21.64000000	0.00377376
21.65000000	0.00602661
21.66000000	0.00961923
21.67000000	0.01385261
21.68000000	0.01786405
21.69000000	0.02081948
21.70000000	0.02211567
21.71000000	0.02166401
21.72000000	0.02009684
21.73000000	0.01861747
21.74000000	0.01841740
21.75000000	0.01996446
21.76000000	0.02265527
21.77000000	0.02510834
21.78000000	0.02592076
21.79000000	0.02439869
21.80000000	0.02082596
21.81000000	0.01617909
21.82000000	0.01155608
21.83000000	0.00771357
21.84000000	0.00494492
21.85000000	0.00323590
21.86000000	0.00245349
21.87000000	0.00240360
21.88000000	0.00281610
21.89000000	0.00340319
21.90000000	0.00399336
21.91000000	0.00458655
21.92000000	0.00523898
21.93000000	0.00588844
21.94000000	0.00630274
21.95000000	0.00619985
21.96000000	0.00543582
21.97000000	0.00413719
21.98000000	0.00271648
21.99000000	0.00176092
22.00000000	0.00182465
22.01000000	0.00320765
22.02000000	0.00583136
22.03000000	0.00926494
22.04000000	0.01285851
22.05000000	0.01590195
22.06000000	0.01777934
22.07000000	0.01813123
22.08000000	0.01698727
22.09000000	0.01475995
22.10000000	0.01203804
22.11000000	0.00928719
22.12000000	0.00667514
22.13000000	0.00414616
22.14000000	0.00165448
22.15000000	-0.00065558
22.16000000	-0.00246423
22.17000000	-0.00346168
22.18000000	-0.00357337
22.19000000	-0.00309343
22.20000000	-0.00264956
22.21000000	-0.00298895
22.22000000	-0.00465392
22.23000000	-0.00769151
22.24000000	-0.01155249
22.25000000	-0.01525636
22.26000000	-0.01776974
22.27000000	-0.01842824
22.28000000	-0.01719450
22.29000000	-0.01463670
22.30000000	-0.01167687
22.31000000	-0.00926178
22.32000000	-0.00808200
22.33000000	-0.00838761
22.34000000	-0.00992793
22.35000000	-0.01205573
22.36000000	-0.01399225
22.37000000	-0.01514832
22.38000000	-0.01534684
22.39000000	-0.01484573
22.40000000	-0.01416304
22.41000000	-0.01379368
22.42000000	-0.01397143
22.43000000	-0.01463002
22.44000000	-0.01558046
22.45000000	-0.01671187
22.46000000	-0.01797378
22.47000000	-0.01913207
22.48000000	-0.01958723
22.49000000	-0.01854551
22.50000000	-0.01549461
22.51000000	-0.01061284
22.52000000	-0.00478315
22.53000000	0.00076865
22.54000000	0.00492015
22.55000000	0.00693868
22.56000000	0.00658628
22.57000000	0.00413379
22.58000000	0.00030747
22.59000000	-0.00388662
22.60000000	-0.00746137
22.61000000	-0.00974295
22.62000000	-0.01049894
22.63000000	-0.00986334
22.64000000	-0.00817610
22.65000000	-0.00586570
22.66000000	-0.00337670
22.67000000	-0.00106681
22.68000000	0.00091861
22.69000000	0.00266605
22.70000000	0.00432424
22.71000000	0.00585932
22.72000000	0.00696532
22.73000000	0.00724749
22.74000000	0.00655750
22.75000000	0.00520993
22.76000000	0.00387573
22.77000000	0.00318678
22.78000000	0.00331932
22.79000000	0.00386084
22.80000000	0.00405882
22.81000000	0.00327114
22.82000000	0.00132162
22.83000000	-0.00142526
22.84000000	-0.00426014
22.85000000	-0.00645312
22.86000000	-0.00753823
22.87000000	-0.00744924
22.88000000	-0.00649952
22.89000000	-0.00526168
22.90000000	-0.00439026
22.91000000	-0.00440338
22.92000000	-0.00546382
22.93000000	-0.00725014
22.94000000	-0.00901372
22.95000000	-0.00984450
22.96000000	-0.00904466
22.97000000	-0.00642474
22.98000000	-0.00237645
22.99000000	0.00228066
23.00000000	0.00656672
23.01000000	0.00960757
23.02000000	0.01084423
23.03000000	0.01015683
23.04000000	0.00786666
23.05000000	0.00461329
23.06000000	0.00117295
23.07000000	-0.00170764
23.08000000	-0.00345427
23.09000000	-0.00380143
23.10000000	-0.00287527
23.11000000	-0.00114001
23.12000000	0.00080019
23.13000000	0.00244353
23.14000000	0.00354986
23.15000000	0.00415178
23.16000000	0.00443492
23.17000000	0.00456643
23.18000000	0.00457356
23.19000000	0.00433862
23.20000000	0.00369731
23.21000000	0.00256660
23.22000000	0.00102661
23.23000000	-0.00068057
23.24000000	-0.00222804
23.25000000	-0.00331116
23.26000000	-0.00371710
23.27000000	-0.00331846
23.28000000	-0.00203386
23.29000000	0.00014232
23.30000000	0.00299710
23.31000000	0.00595714
23.32000000	0.00814403
23.33000000	0.00869400
23.34000000	0.00716494
23.35000000	0.00375161
23.36000000	-0.00081496
23.37000000	-0.00556314
23.38000000	-0.00956118
23.39000000	-0.01207824
23.40000000	-0.01266566
23.41000000	-0.01123732
23.42000000	-0.00815183
23.43000000	-0.00419647
23.44000000	-0.00036758
23.45000000	0.00251765
23.46000000	0.00416821
23.47000000	0.00489200
23.48000000	0.00534214
23.49000000	0.00611623
23.50000000	0.00746840
23.51000000	0.00927552
23.52000000	0.01121010
23.53000000	0.01296127
23.54000000	0.01436466
23.55000000	0.01540626
23.56000000	0.01615795
23.57000000	0.01671655
23.58000000	0.01717449
23.59000000	0.01761087
23.60000000	0.01808511
23.61000000	0.01863015
23.62000000	0.01925842
23.63000000	0.01998156
23.64000000	0.02080965
23.65000000	0.02170174
23.66000000	0.02250761
23.67000000	0.02298618
23.68000000	0.02292451
23.69000000	0.02226967
23.70000000	0.02116196
23.71000000	0.01985001
23.72000000	0.01855887
23.73000000	0.01739763
23.74000000	0.01635974
23.75000000	0.01540980
23.76000000	0.01457142
23.77000000	0.01390918
23.78000000	0.01340231
23.79000000	0.01285083
23.80000000	0.01195539
23.81000000	0.01053796
23.82000000	0.00871135
23.83000000	0.00684200
23.84000000	0.00533874
23.85000000	0.00443789
23.86000000	0.00412675
23.87000000	0.00421338
23.88000000	0.00445370
23.89000000	0.00465680
23.90000000	0.00474646
23.91000000	0.00477302
23.92000000	0.00485177
23.93000000	0.00503310
23.94000000	0.00519365
23.95000000	0.00506984
23.96000000	0.00445381
23.97000000	0.00340325
23.98000000	0.00225606
23.99000000	0.00138677
24.00000000	0.00088350
24.01000000	0.00042523
24.02000000	-0.00051526
24.03000000	-0.00228833
24.04000000	-0.00479336
24.05000000	-0.00751603
24.06000000	-0.00984866
24.07000000	-0.01145955
24.08000000	-0.01244418
24.09000000	-0.01316083
24.10000000	-0.01389632
24.11000000	-0.01462566
24.12000000	-0.01503550
24.13000000	-0.01476944
24.14000000	-0.01369833
24.15000000	-0.01202429
24.16000000	-0.01016694
24.17000000	-0.00853630
24.18000000	-0.00735967
24.19000000	-0.00666840
24.20000000	-0.00641330
24.21000000	-0.00657476
24.22000000	-0.00715772
24.23000000	-0.00809430
24.24000000	-0.00918139
24.25000000	-0.01014408
24.26000000	-0.01077948
24.27000000	-0.01105082
24.28000000	-0.01105840
24.29000000	-0.01093769
24.30000000	-0.01078934
24.31000000	-0.01069065
24.32000000	-0.01075021
24.33000000	-0.01113139
24.34000000	-0.01200870
24.35000000	-0.01348667
24.36000000	-0.01554016
24.37000000	-0.01800960
24.38000000	-0.02064089
24.39000000	-0.02313801
24.40000000	-0.02520557
24.41000000	-0.02657958
24.42000000	-0.02705623
24.43000000	-0.02652485
24.44000000	-0.02500513
24.45000000	-0.02268048
24.46000000	-0.01989802
24.47000000	-0.01708946
24.48000000	-0.01460299
24.49000000	-0.01252662
24.50000000	-0.01064818
24.51000000	-0.00863819
24.52000000	-0.00636572
24.53000000	-0.00410857
24.54000000	-0.00246327
24.55000000	-0.00199593
24.56000000	-0.00288857
24.57000000	-0.00482328
24.58000000	-0.00714178
24.59000000	-0.00913577
24.60000000	-0.01029801
24.61000000	-0.01044414
24.62000000	-0.00969239
24.63000000	-0.00834087
24.64000000	-0.00672016
24.65000000	-0.00508957
24.66000000	-0.00358733
24.67000000	-0.00221498
24.68000000	-0.00087312
24.69000000	0.00051980
24.70000000	0.00187430
24.71000000	0.00287194
24.72000000	0.00308844
24.73000000	0.00224401
24.74000000	0.00042289
24.75000000	-0.00188587
24.76000000	-0.00396958
24.77000000	-0.00520783
24.78000000	-0.00535525
24.79000000	-0.00462883
24.80000000	-0.00353579
24.81000000	-0.00254154
24.82000000	-0.00180062
24.83000000	-0.00113124
24.84000000	-0.00021655
24.85000000	0.00115583
24.86000000	0.00298711
24.87000000	0.00510587
24.88000000	0.00724406
24.89000000	0.00906284
24.90000000	0.01013941
24.91000000	0.01000368
24.92000000	0.00830563
24.93000000	0.00507936
24.94000000	0.00091713
24.95000000	-0.00315183
24.96000000	-0.00608064
24.97000000	-0.00726406
24.98000000	-0.00673487
24.99000000	-0.00501713
25.00000000	-0.00281170
25.01000000	-0.00072966
25.02000000	0.00085699
25.03000000	0.00188485
25.04000000	0.00258765
25.05000000	0.00334859
25.06000000	0.00443814
25.07000000	0.00580256
25.08000000	0.00708646
25.09000000	0.00789205
25.10000000	0.00806218
25.11000000	0.00774870
25.12000000	0.00722430
25.13000000	0.00662038
25.14000000	0.00582122
25.15000000	0.00459571
25.16000000	0.00284342
25.17000000	0.00074296
25.18000000	-0.00131477
25.19000000	-0.00294021
25.20000000	-0.00393336
25.21000000	-0.00432734
25.22000000	-0.00430271
25.23000000	-0.00407647
25.24000000	-0.00384839
25.25000000	-0.00378817
25.26000000	-0.00398127
25.27000000	-0.00431426
25.28000000	-0.00441512
25.29000000	-0.00379049
25.30000000	-0.00214203
25.31000000	0.00036055
25.32000000	0.00308901
25.33000000	0.00526907
25.34000000	0.00637627
25.35000000	0.00636628
25.36000000	0.00563888
25.37000000	0.00478673
25.38000000	0.00426590
25.39000000	0.00416249
25.40000000	0.00419015
25.41000000	0.00391772
25.42000000	0.00307229
25.43000000	0.00172199
25.44000000	0.00024638
25.45000000	-0.00085587
25.46000000	-0.00119671
25.47000000	-0.00064339
25.48000000	0.00068718
25.49000000	0.00255353
25.50000000	0.00471823
25.51000000	0.00696949
25.52000000	0.00903792
25.53000000	0.01053197
25.54000000	0.01101345
25.55000000	0.01020371
25.56000000	0.00818737
25.57000000	0.00547418
25.58000000	0.00286719
25.59000000	0.00118496
25.60000000	0.00095541
25.61000000	0.00222413
25.62000000	0.00457675
25.63000000	0.00736413
25.64000000	0.01000240
25.65000000	0.01217932
25.66000000	0.01386477
25.67000000	0.01515327
25.68000000	0.01607071
25.69000000	0.01648920
25.70000000	0.01620677
25.71000000	0.01512084
25.72000000	0.01334872
25.73000000	0.01119064
25.74000000	0.00896408
25.75000000	0.00684735
25.76000000	0.00485658
25.77000000	0.00295348
25.78000000	0.00116625
25.79000000	-0.00038626
25.80000000	-0.00156701
25.81000000	-0.00230406
25.82000000	-0.00262004
25.83000000	-0.00261768
25.84000000	-0.00245263
25.85000000	-0.00229027
25.86000000	-0.00224385
25.87000000	-0.00233917
25.88000000	-0.00255384
25.89000000	-0.00290418
25.90000000	-0.00348802
25.91000000	-0.00441876
25.92000000	-0.00568713
25.93000000	-0.00706835
25.94000000	-0.00816931
25.95000000	-0.00859914
25.96000000	-0.00815210
25.97000000	-0.00689692
25.98000000	-0.00514376
25.99000000	-0.00333099
26.00000000	-0.00188940
26.01000000	-0.00111154
26.02000000	-0.00103994
26.03000000	-0.00142534
26.04000000	-0.00182832
26.05000000	-0.00185375
26.06000000	-0.00137120
26.07000000	-0.00055448
26.08000000	0.00028149
26.09000000	0.00090739
26.10000000	0.00130596
26.11000000	0.00163472
26.12000000	0.00208338
26.13000000	0.00274599
26.14000000	0.00359179
26.15000000	0.00452140
26.16000000	0.00542645
26.17000000	0.00619498
26.18000000	0.00668426
26.19000000	0.00672635
26.20000000	0.00620130
26.21000000	0.00514644
26.22000000	0.00382365
26.23000000	0.00267517
26.24000000	0.00216668
26.25000000	0.00259760
26.26000000	0.00398346
26.27000000	0.00606190
26.28000000	0.00839178
26.29000000	0.01047580
26.30000000	0.01186324
26.31000000	0.01223609
26.32000000	0.01148543
26.33000000	0.00974851
26.34000000	0.00736281
26.35000000	0.00474294
26.36000000	0.00225384
26.37000000	0.00015654
26.38000000	-0.00137090
26.39000000	-0.00220446
26.40000000	-0.00229716
26.41000000	-0.00174408
26.42000000	-0.00081285
26.43000000	0.00013467
26.44000000	0.00081752
26.45000000	0.00118567
26.46000000	0.00140568
26.47000000	0.00166791
26.48000000	0.00197210
26.49000000	0.00208403
26.50000000	0.00170575
26.51000000	0.00072032
26.52000000	-0.00067448
26.53000000	-0.00203248
26.54000000	-0.00287775
26.55000000	-0.00293739
26.56000000	-0.00224821
26.57000000	-0.00108789
26.58000000	0.00019474
26.59000000	0.00132738
26.60000000	0.00217898
26.61000000	0.00275905
26.62000000	0.00317513
26.63000000	0.00354346
26.64000000	0.00387481
26.65000000	0.00402503
26.66000000	0.00379635
26.67000000	0.00314305
26.68000000	0.00229532
26.69000000	0.00165200
26.70000000	0.00150758
26.71000000	0.00184600
26.72000000	0.00237293
26.73000000	0.00274414
26.74000000	0.00279530
26.75000000	0.00259980
26.76000000	0.00232818
26.77000000	0.00204171
26.78000000	0.00160772
26.79000000	0.00082095
26.80000000	-0.00037095
26.81000000	-0.00174391
26.82000000	-0.00290345
26.83000000	-0.00355084
26.84000000	-0.00370024
26.85000000	-0.00367711
26.86000000	-0.00390175
26.87000000	-0.00461655
26.88000000	-0.00574337
26.89000000	-0.00696000
26.90000000	-0.00793332
26.91000000	-0.00854215
26.92000000	-0.00893823
26.93000000	-0.00941710
26.94000000	-0.01020170
26.95000000	-0.01128474
26.96000000	-0.01242224
26.97000000	-0.01327143
26.98000000	-0.01357494
26.99000000	-0.01326514
27.00000000	-0.01243207
27.01000000	-0.01121423
27.02000000	-0.00972483
27.03000000	-0.00806790
27.04000000	-0.00639897
27.05000000	-0.00494626
27.06000000	-0.00396179
27.07000000	-0.00364157
27.08000000	-0.00406315
27.09000000	-0.00515057
27.10000000	-0.00666293
27.11000000	-0.00822605
27.12000000	-0.00943491
27.13000000	-0.01000920
27.14000000	-0.00991991
27.15000000	-0.00939189
27.16000000	-0.00876117
27.17000000	-0.00827931
27.18000000	-0.00799894
27.19000000	-0.00779648
27.20000000	-0.00747490
27.21000000	-0.00686161
27.22000000	-0.00587200
27.23000000	-0.00455065
27.24000000	-0.00308041
27.25000000	-0.00172337
27.26000000	-0.00069554
27.27000000	-0.00005205
27.28000000	0.00032896
27.29000000	0.00065536
27.30000000	0.00110059
27.31000000	0.00173946
27.32000000	0.00256568
27.33000000	0.00355172
27.34000000	0.00468801
27.35000000	0.00596603
27.36000000	0.00732565
27.37000000	0.00862227
27.38000000	0.00964848
27.39000000	0.01019749
27.40000000	0.01013703
27.41000000	0.00947661
27.42000000	0.00840910
27.43000000	0.00727809
27.44000000	0.00643435
27.45000000	0.00603926
27.46000000	0.00596229
27.47000000	0.00588094
27.48000000	0.00552923
27.49000000	0.00490653
27.50000000	0.00428841
27.51000000	0.00404171
27.52000000	0.00438594
27.53000000	0.00526042
27.54000000	0.00636341
27.55000000	0.00730773
27.56000000	0.00777700
27.57000000	0.00760564
27.58000000	0.00678506
27.59000000	0.00543659
27.60000000	0.00377714
27.61000000	0.00208234
27.62000000	0.00064060
27.63000000	-0.00031462
27.64000000	-0.00068523
27.65000000	-0.00054944
27.66000000	-0.00011241
27.67000000	0.00041235
27.68000000	0.00090279
27.69000000	0.00133523
27.70000000	0.00170449
27.71000000	0.00193637
27.72000000	0.00187312
27.73000000	0.00134611
27.74000000	0.00028448
27.75000000	-0.00120407
27.76000000	-0.00282420
27.77000000	-0.00417524
27.78000000	-0.00490877
27.79000000	-0.00488976
27.80000000	-0.00425722
27.81000000	-0.00332703
27.82000000	-0.00238970
27.83000000	-0.00153533
27.84000000	-0.00061678
27.85000000	0.00063176
27.86000000	0.00239465
27.87000000	0.00460978
27.88000000	0.00693891
27.89000000	0.00890288
27.90000000	0.01011044
27.91000000	0.01043884
27.92000000	0.01005334
27.93000000	0.00927572
27.94000000	0.00841866
27.95000000	0.00769140
27.96000000	0.00718842
27.97000000	0.00691617
27.98000000	0.00682886
27.99000000	0.00686186
28.00000000	0.00694138
28.01000000	0.00696467
28.02000000	0.00679516
28.03000000	0.00631874
28.04000000	0.00553067
28.05000000	0.00455824
28.06000000	0.00356568
28.07000000	0.00260729
28.08000000	0.00155729
28.09000000	0.00018518
28.10000000	-0.00166707
28.11000000	-0.00391476
28.12000000	-0.00617995
28.13000000	-0.00792382
28.14000000	-0.00871802
28.15000000	-0.00849563
28.16000000	-0.00760548
28.17000000	-0.00661631
28.18000000	-0.00599429
28.19000000	-0.00587153
28.20000000	-0.00605428
28.21000000	-0.00623325
28.22000000	-0.00621341
28.23000000	-0.00599671
28.24000000	-0.00569294
28.25000000	-0.00537079
28.26000000	-0.00498939
28.27000000	-0.00446073
28.28000000	-0.00377004
28.29000000	-0.00303896
28.30000000	-0.00248001
28.31000000	-0.00228272
28.32000000	-0.00251299
28.33000000	-0.00308232
28.34000000	-0.00379605
28.35000000	-0.00445136
28.36000000	-0.00493396
28.37000000	-0.00525970
28.38000000	-0.00552825
28.39000000	-0.00580490
28.40000000	-0.00601300
28.41000000	-0.00594421
28.42000000	-0.00540921
28.43000000	-0.00441243
28.44000000	-0.00319391
28.45000000	-0.00209653
28.46000000	-0.00136809
28.47000000	-0.00104519
28.48000000	-0.00098092
28.49000000	-0.00097064
28.50000000	-0.00087860
28.51000000	-0.00068935
28.52000000	-0.00047223
28.53000000	-0.00030387
28.54000000	-0.00020623
28.55000000	-0.00013022
28.56000000	0.00001777
28.57000000	0.00032007
28.58000000	0.00078403
28.59000000	0.00131394
28.60000000	0.00176048
28.61000000	0.00202469
28.62000000	0.00212661
28.63000000	0.00216866
28.64000000	0.00222031
28.65000000	0.00222725
28.66000000	0.00203761
28.67000000	0.00154383
28.68000000	0.00082625
28.69000000	0.00015261
28.70000000	-0.00020088
28.71000000	-0.00017058
28.72000000	0.00001997
28.73000000	-0.00000891
28.74000000	-0.00056372
28.75000000	-0.00171020
28.76000000	-0.00325597
28.77000000	-0.00486452
28.78000000	-0.00621364
28.79000000	-0.00711088
28.80000000	-0.00752539
28.81000000	-0.00754358
28.82000000	-0.00728121
28.83000000	-0.00679524
28.84000000	-0.00604581
28.85000000	-0.00494129
28.86000000	-0.00344466
28.87000000	-0.00166944
28.88000000	0.00010475
28.89000000	0.00151785
28.90000000	0.00227858
28.91000000	0.00230058
28.92000000	0.00174801
28.93000000	0.00096081
28.94000000	0.00030400
28.95000000	0.00002853
28.96000000	0.00019993
28.97000000	0.00069087
28.98000000	0.00122795
28.99000000	0.00150480
29.00000000	0.00133659
29.01000000	0.00076622
29.02000000	0.00004672
29.03000000	-0.00048255
29.04000000	-0.00054714
29.05000000	-0.00005839
29.06000000	0.00082019
29.07000000	0.00170121
29.08000000	0.00214636
29.09000000	0.00194780
29.10000000	0.00133860
29.11000000	0.00092090
29.12000000	0.00128629
29.13000000	0.00258604
29.14000000	0.00440590
29.15000000	0.00606047
29.16000000	0.00704883
29.17000000	0.00729092
29.18000000	0.00700683
29.19000000	0.00642492
29.20000000	0.00559879
29.21000000	0.00445382
29.22000000	0.00296674
29.23000000	0.00128981
29.24000000	-0.00028930
29.25000000	-0.00150435
29.26000000	-0.00224178
29.27000000	-0.00254048
29.28000000	-0.00248053
29.29000000	-0.00208006
29.30000000	-0.00129670
29.31000000	-0.00011511
29.32000000	0.00138021
29.33000000	0.00301601
29.34000000	0.00460366
29.35000000	0.00600529
29.36000000	0.00714560
29.37000000	0.00797613
29.38000000	0.00843846
29.39000000	0.00847067
29.40000000	0.00806471
29.41000000	0.00734528
29.42000000	0.00661694
29.43000000	0.00631763
29.44000000	0.00684918
29.45000000	0.00834503
29.46000000	0.01052718
29.47000000	0.01278819
29.48000000	0.01447831
29.49000000	0.01521175
29.50000000	0.01498902
29.51000000	0.01407592
29.52000000	0.01275039
29.53000000	0.01109856
29.54000000	0.00899446
29.55000000	0.00627980
29.56000000	0.00302612
29.57000000	-0.00031562
29.58000000	-0.00302077
29.59000000	-0.00441991
29.60000000	-0.00424556
29.61000000	-0.00276952
29.62000000	-0.00065461
29.63000000	0.00136062
29.64000000	0.00273815
29.65000000	0.00324880
29.66000000	0.00293735
29.67000000	0.00204649
29.68000000	0.00095044
29.69000000	0.00007588
29.70000000	-0.00021278
29.71000000	0.00026257
29.72000000	0.00141371
29.73000000	0.00289014
29.74000000	0.00417684
29.75000000	0.00476386
29.76000000	0.00433359
29.77000000	0.00289030
29.78000000	0.00077083
29.79000000	-0.00147107
29.80000000	-0.00325909
29.81000000	-0.00418969
29.82000000	-0.00415141
29.83000000	-0.00332766
29.84000000	-0.00210609
29.85000000	-0.00095814
29.86000000	-0.00032984
29.87000000	-0.00054243
29.88000000	-0.00169794
29.89000000	-0.00361550
29.90000000	-0.00584576
29.91000000	-0.00780100
29.92000000	-0.00897992
29.93000000	-0.00917997
29.94000000	-0.00855743
29.95000000	-0.00748209
29.96000000	-0.00629021
29.97000000	-0.00512966
29.98000000	-0.00401679
29.99000000	-0.00302654
30.00000000	-0.00239297
30.01000000	-0.00236862
30.02000000	-0.00293656
30.03000000	-0.00365458
30.04000000	-0.00383638
30.05000000	-0.00299150
30.06000000	-0.00120892
30.07000000	0.00080501
30.08000000	0.00206943
30.09000000	0.00183188
30.10000000	-0.00006102
30.11000000	-0.00310204
30.12000000	-0.00636570
30.13000000	-0.00891047
30.14000000	-0.01014575
30.15000000	-0.01000226
30.16000000	-0.00884661
30.17000000	-0.00721817
30.18000000	-0.00556645
30.19000000	-0.00414504
30.20000000	-0.00307584
30.21000000	-0.00245806
30.22000000	-0.00239042
30.23000000	-0.00289010
30.24000000	-0.00380603
30.25000000	-0.00483805
30.26000000	-0.00568319
30.27000000	-0.00621323
30.28000000	-0.00654393
30.29000000	-0.00693087
30.30000000	-0.00756312
30.31000000	-0.00840737
30.32000000	-0.00921068
30.33000000	-0.00964679
30.34000000	-0.00950197
30.35000000	-0.00879808
30.36000000	-0.00780638
30.37000000	-0.00695807
30.38000000	-0.00668445
30.39000000	-0.00723751
30.40000000	-0.00856589
30.41000000	-0.01032366
30.42000000	-0.01202730
30.43000000	-0.01327218
30.44000000	-0.01386978
30.45000000	-0.01382907
30.46000000	-0.01322575
30.47000000	-0.01208243
30.48000000	-0.01036750
30.49000000	-0.00811779
30.50000000	-0.00556928
30.51000000	-0.00314985
30.52000000	-0.00129877
30.53000000	-0.00023965
30.54000000	0.00011254
30.55000000	0.00004537
30.56000000	-0.00015281
30.57000000	-0.00032834
30.58000000	-0.00045363
30.59000000	-0.00052065
30.60000000	-0.00044104
30.61000000	-0.00002942
30.62000000	0.00091700
30.63000000	0.00248140
30.64000000	0.00450834
30.65000000	0.00659714
30.66000000	0.00825937
30.67000000	0.00917051
30.68000000	0.00933788
30.69000000	0.00904361
30.70000000	0.00860368
30.71000000	0.00814643
30.72000000	0.00758882
30.73000000	0.00680065
30.74000000	0.00579257
30.75000000	0.00477532
30.76000000	0.00406488
30.77000000	0.00391835
30.78000000	0.00440822
30.79000000	0.00539199
30.80000000	0.00656593
30.81000000	0.00755937
30.82000000	0.00803789
30.83000000	0.00780274
30.84000000	0.00686363
30.85000000	0.00544129
30.86000000	0.00387491
30.87000000	0.00247064
30.88000000	0.00137308
30.89000000	0.00052789
30.90000000	-0.00025029
30.91000000	-0.00114169
30.92000000	-0.00218747
30.93000000	-0.00323912
30.94000000	-0.00403564
30.95000000	-0.00436436
30.96000000	-0.00418638
30.97000000	-0.00363007
30.98000000	-0.00287253
30.99000000	-0.00202920
31.00000000	-0.00114868
31.01000000	-0.00029008
31.02000000	0.00042476
31.03000000	0.00085582
31.04000000	0.00095193
31.05000000	0.00082047
31.06000000	0.00069596
31.07000000	0.00083261
31.08000000	0.00138983
31.09000000	0.00235782
31.10000000	0.00354805
31.11000000	0.00466673
31.12000000	0.00545535
31.13000000	0.00582572
31.14000000	0.00589816
31.15000000	0.00590882
31.16000000	0.00604797
31.17000000	0.00634554
31.18000000	0.00668213
31.19000000	0.00690306
31.20000000	0.00694031
31.21000000	0.00685866
31.22000000	0.00680742
31.23000000	0.00691671
31.24000000	0.00720319
31.25000000	0.00754622
31.26000000	0.00775637
31.27000000	0.00769051
31.28000000	0.00732267
31.29000000	0.00671617
31.30000000	0.00594000
31.31000000	0.00502719
31.32000000	0.00401933
31.33000000	0.00303530
31.34000000	0.00226658
31.35000000	0.00187767
31.36000000	0.00189364
31.37000000	0.00217506
31.38000000	0.00250430
31.39000000	0.00271875
31.40000000	0.00280209
31.41000000	0.00288350
31.42000000	0.00315209
31.43000000	0.00373643
31.44000000	0.00461573
31.45000000	0.00561400
31.46000000	0.00647849
31.47000000	0.00699103
31.48000000	0.00705132
31.49000000	0.00670067
31.50000000	0.00608048
31.51000000	0.00533654
31.52000000	0.00451841
31.53000000	0.00356002
31.54000000	0.00238505
31.55000000	0.00106141
31.56000000	-0.00013928
31.57000000	-0.00084829
31.58000000	-0.00079865
31.59000000	0.00002924
31.60000000	0.00140194
31.61000000	0.00293944
31.62000000	0.00424273
31.63000000	0.00498026
31.64000000	0.00494301
31.65000000	0.00410541
31.66000000	0.00267886
31.67000000	0.00108620
31.68000000	-0.00018215
31.69000000	-0.00076438
31.70000000	-0.00055526
31.71000000	0.00029690
31.72000000	0.00149357
31.73000000	0.00271729
31.74000000	0.00373160
31.75000000	0.00442451
31.76000000	0.00480186
31.77000000	0.00494978
31.78000000	0.00498466
31.79000000	0.00500414
31.80000000	0.00504665
31.81000000	0.00506743
31.82000000	0.00494916
31.83000000	0.00455907
31.84000000	0.00382916
31.85000000	0.00280616
31.86000000	0.00163467
31.87000000	0.00048460
31.88000000	-0.00053156
31.89000000	-0.00139973
31.90000000	-0.00217086
31.91000000	-0.00287040
31.92000000	-0.00342384
31.93000000	-0.00367038
31.94000000	-0.00346076
31.95000000	-0.00275937
31.96000000	-0.00167426
31.97000000	-0.00040522
31.98000000	0.00084079
31.99000000	0.00190878
32.00000000	0.00270240
32.01000000	0.00315615
32.02000000	0.00321966
32.03000000	0.00288752
32.04000000	0.00225029
32.05000000	0.00150100
32.06000000	0.00087060
32.07000000	0.00054096
32.08000000	0.00059985
32.09000000	0.00104628
32.10000000	0.00180031
32.11000000	0.00268289
32.12000000	0.00340172
32.13000000	0.00361580
32.14000000	0.00308410
32.15000000	0.00180121
32.16000000	0.00000888
32.17000000	-0.00193232
32.18000000	-0.00371996
32.19000000	-0.00521732
32.20000000	-0.00643537
32.21000000	-0.00742752
32.22000000	-0.00819118
32.23000000	-0.00865142
32.24000000	-0.00872839
32.25000000	-0.00842158
32.26000000	-0.00783481
32.27000000	-0.00712632
32.28000000	-0.00643558
32.29000000	-0.00584048
32.30000000	-0.00535536
32.31000000	-0.00495934
32.32000000	-0.00465035
32.33000000	-0.00450283
32.34000000	-0.00467498
32.35000000	-0.00532746
32.36000000	-0.00649161
32.37000000	-0.00798966
32.38000000	-0.00948623
32.39000000	-0.01064900
32.40000000	-0.01130681
32.41000000	-0.01149959
32.42000000	-0.01141072
32.43000000	-0.01126065
32.44000000	-0.01123797
32.45000000	-0.01147922
32.46000000	-0.01206665
32.47000000	-0.01301918
32.48000000	-0.01427209
32.49000000	-0.01565730
32.50000000	-0.01691151
32.51000000	-0.01773687
32.52000000	-0.01790430
32.53000000	-0.01734986
32.54000000	-0.01620685
32.55000000	-0.01474353
32.56000000	-0.01323269
32.57000000	-0.01183455
32.58000000	-0.01057412
32.59000000	-0.00941930
32.60000000	-0.00838066
32.61000000	-0.00754021
32.62000000	-0.00699008
32.63000000	-0.00674827
32.64000000	-0.00673051
32.65000000	-0.00679231
32.66000000	-0.00679117
32.67000000	-0.00661808
32.68000000	-0.00619232
32.69000000	-0.00544927
32.70000000	-0.00434966
32.71000000	-0.00291035
32.72000000	-0.00123426
32.73000000	0.00048839
32.74000000	0.00203003
32.75000000	0.00322175
32.76000000	0.00404123
32.77000000	0.00462159
32.78000000	0.00516307
32.79000000	0.00580298
32.80000000	0.00652990
32.81000000	0.00720318
32.82000000	0.00766974
32.83000000	0.00789195
32.84000000	0.00798489
32.85000000	0.00813625
32.86000000	0.00847620
32.87000000	0.00899453
32.88000000	0.00955702
32.89000000	0.00999162
32.90000000	0.01016762
32.91000000	0.01002457
32.92000000	0.00957515
32.93000000	0.00891302
32.94000000	0.00820918
32.95000000	0.00766671
32.96000000	0.00744885
32.97000000	0.00762398
32.98000000	0.00814927
32.99000000	0.00888543
33.00000000	0.00963305
33.01000000	0.01018546
33.02000000	0.01038653
33.03000000	0.01017208
33.04000000	0.00957472
33.05000000	0.00869157
33.06000000	0.00764560
33.07000000	0.00657233
33.08000000	0.00561819
33.09000000	0.00490388
33.10000000	0.00445228
33.11000000	0.00415560
33.12000000	0.00384614
33.13000000	0.00343415
33.14000000	0.00300273
33.15000000	0.00277926
33.16000000	0.00299799
33.17000000	0.00375157
33.18000000	0.00493897
33.19000000	0.00633308
33.20000000	0.00768810
33.21000000	0.00880092
33.22000000	0.00952264
33.23000000	0.00976575
33.24000000	0.00952274
33.25000000	0.00887085
33.26000000	0.00794501
33.27000000	0.00689502
33.28000000	0.00585093
33.29000000	0.00489790
33.30000000	0.00405627
33.31000000	0.00328912
33.32000000	0.00255745
33.33000000	0.00188711
33.34000000	0.00137896
33.35000000	0.00114595
33.36000000	0.00123491
33.37000000	0.00159594
33.38000000	0.00211011
33.39000000	0.00264422
33.40000000	0.00309922
33.41000000	0.00343864
33.42000000	0.00369326
33.43000000	0.00393142
33.44000000	0.00419309
33.45000000	0.00442683
33.46000000	0.00449299
33.47000000	0.00425267
33.48000000	0.00368205
33.49000000	0.00291924
33.50000000	0.00219581
33.51000000	0.00169175
33.52000000	0.00141950
33.53000000	0.00123091
33.54000000	0.00094515
33.55000000	0.00049111
33.56000000	-0.00005635
33.57000000	-0.00057303
33.58000000	-0.00101904
33.59000000	-0.00148022
33.60000000	-0.00208315
33.61000000	-0.00287741
33.62000000	-0.00380210
33.63000000	-0.00475054
33.64000000	-0.00564089
33.65000000	-0.00641039
33.66000000	-0.00695910
33.67000000	-0.00714207
33.68000000	-0.00685718
33.69000000	-0.00615651
33.70000000	-0.00525790
33.71000000	-0.00442296
33.72000000	-0.00380914
33.73000000	-0.00343394
33.74000000	-0.00326771
33.75000000	-0.00333474
33.76000000	-0.00370921
33.77000000	-0.00442257
33.78000000	-0.00539094
33.79000000	-0.00642803
33.80000000	-0.00730927
33.81000000	-0.00782415
33.82000000	-0.00780551
33.83000000	-0.00716613
33.84000000	-0.00594709
33.85000000	-0.00433365
33.86000000	-0.00260175
33.87000000	-0.00102031
33.88000000	0.00022359
33.89000000	0.00103644
33.90000000	0.00138585
33.91000000	0.00126847
33.92000000	0.00070197
33.93000000	-0.00026304
33.94000000	-0.00152570
33.95000000	-0.00292694
33.96000000	-0.00425883
33.97000000	-0.00529324
33.98000000	-0.00583415
33.99000000	-0.00579292
34.00000000	-0.00524985
34.01000000	-0.00443397
34.02000000	-0.00360081
34.03000000	-0.00289520
34.04000000	-0.00231788
34.05000000	-0.00181037
34.06000000	-0.00135377
34.07000000	-0.00098857
34.08000000	-0.00077176
34.09000000	-0.00074248
34.10000000	-0.00091753
34.11000000	-0.00128157
34.12000000	-0.00175655
34.13000000	-0.00218828
34.14000000	-0.00238977
34.15000000	-0.00222362
34.16000000	-0.00165648
34.17000000	-0.00074045
34.18000000	0.00044646
34.19000000	0.00182382
34.20000000	0.00326609
34.21000000	0.00455219
34.22000000	0.00539303
34.23000000	0.00555246
34.24000000	0.00498459
34.25000000	0.00388086
34.26000000	0.00257862
34.27000000	0.00138624
34.28000000	0.00045237
34.29000000	-0.00022546
34.30000000	-0.00067958
34.31000000	-0.00086422
34.32000000	-0.00066588
34.33000000	-0.00001890
34.34000000	0.00098627
34.35000000	0.00210700
34.36000000	0.00306852
34.37000000	0.00369956
34.38000000	0.00397197
34.39000000	0.00392753
34.40000000	0.00358335
34.41000000	0.00291420
34.42000000	0.00191700
34.43000000	0.00068001
34.44000000	-0.00061211
34.45000000	-0.00174008
34.46000000	-0.00253116
34.47000000	-0.00290880
34.48000000	-0.00289217
34.49000000	-0.00256398
34.50000000	-0.00203441
34.51000000	-0.00140993
34.52000000	-0.00077230
34.53000000	-0.00018972
34.54000000	0.00024081
34.55000000	0.00038117
34.56000000	0.00012376
34.57000000	-0.00050366
34.58000000	-0.00131714
34.59000000	-0.00208230
34.60000000	-0.00266169
34.61000000	-0.00308276
34.62000000	-0.00348425
34.63000000	-0.00400100
34.64000000	-0.00467716
34.65000000	-0.00544714
34.66000000	-0.00617309
34.67000000	-0.00672275
34.68000000	-0.00706350
34.69000000	-0.00730993
34.70000000	-0.00766128
34.71000000	-0.00825384
34.72000000	-0.00904506
34.73000000	-0.00982763
34.74000000	-0.01035545
34.75000000	-0.01047471
34.76000000	-0.01017085
34.77000000	-0.00952806
34.78000000	-0.00866054
34.79000000	-0.00766590
34.80000000	-0.00660536
34.81000000	-0.00549598
34.82000000	-0.00431972
34.83000000	-0.00306243
34.84000000	-0.00176750
34.85000000	-0.00055755
34.86000000	0.00040734
34.87000000	0.00101272
34.88000000	0.00125542
34.89000000	0.00124929
34.90000000	0.00117186
34.91000000	0.00118234
34.92000000	0.00134875
34.93000000	0.00162144
34.94000000	0.00187882
34.95000000	0.00203170
34.96000000	0.00211513
34.97000000	0.00228544
34.98000000	0.00270869
34.99000000	0.00342323
35.00000000	0.00428711
35.01000000	0.00505239
35.02000000	0.00550547
35.03000000	0.00556819
35.04000000	0.00529993
35.05000000	0.00482327
35.06000000	0.00424237
35.07000000	0.00360906
35.08000000	0.00294197
35.09000000	0.00226899
35.10000000	0.00166260
35.11000000	0.00125028
35.12000000	0.00118899
35.13000000	0.00160422
35.14000000	0.00251964
35.15000000	0.00382355
35.16000000	0.00530555
35.17000000	0.00674964
35.18000000	0.00802316
35.19000000	0.00909641
35.20000000	0.00997266
35.21000000	0.01058285
35.22000000	0.01074753
35.23000000	0.01027037
35.24000000	0.00910607
35.25000000	0.00745595
35.26000000	0.00569619
35.27000000	0.00419592
35.28000000	0.00317098
35.29000000	0.00265726
35.30000000	0.00256828
35.31000000	0.00276091
35.32000000	0.00307775
35.33000000	0.00337500
35.34000000	0.00354270
35.35000000	0.00351579
35.36000000	0.00328029
35.37000000	0.00287706
35.38000000	0.00238744
35.39000000	0.00188881
35.40000000	0.00140478
35.41000000	0.00089544
35.42000000	0.00029877
35.43000000	-0.00041451
35.44000000	-0.00121140
35.45000000	-0.00199890
35.46000000	-0.00265013
35.47000000	-0.00304735
35.48000000	-0.00312498
35.49000000	-0.00288717
35.50000000	-0.00238857
35.51000000	-0.00169514
35.52000000	-0.00086390
35.53000000	0.00003079
35.54000000	0.00085123
35.55000000	0.00139545
35.56000000	0.00146862
35.57000000	0.00098278
35.58000000	0.00001941
35.59000000	-0.00117970
35.60000000	-0.00229163
35.61000000	-0.00303396
35.62000000	-0.00327615
35.63000000	-0.00308385
35.64000000	-0.00267615
35.65000000	-0.00232354
35.66000000	-0.00223689
35.67000000	-0.00249823
35.68000000	-0.00306960
35.69000000	-0.00386721
35.70000000	-0.00483068
35.71000000	-0.00591989
35.72000000	-0.00705399
35.73000000	-0.00808205
35.74000000	-0.00884685
35.75000000	-0.00929206
35.76000000	-0.00950114
35.77000000	-0.00962180
35.78000000	-0.00974590
35.79000000	-0.00984845
35.80000000	-0.00981999
35.81000000	-0.00955015
35.82000000	-0.00901003
35.83000000	-0.00830357
35.84000000	-0.00765878
35.85000000	-0.00733412
35.86000000	-0.00747162
35.87000000	-0.00799328
35.88000000	-0.00862896
35.89000000	-0.00906713
35.90000000	-0.00911769
35.91000000	-0.00876636
35.92000000	-0.00810208
35.93000000	-0.00721191
35.94000000	-0.00614230
35.95000000	-0.00492782
35.96000000	-0.00362140
35.97000000	-0.00229182
35.98000000	-0.00101018
35.99000000	0.00015091
36.00000000	0.00111261
36.01000000	0.00179975
36.02000000	0.00217426
36.03000000	0.00227345
36.04000000	0.00221336
36.05000000	0.00213952
36.06000000	0.00216462
36.07000000	0.00235490
36.08000000	0.00277398
36.09000000	0.00352346
36.10000000	0.00471530
36.11000000	0.00637906
36.12000000	0.00837858
36.13000000	0.01041747
36.14000000	0.01214982
36.15000000	0.01333353
36.16000000	0.01392648
36.17000000	0.01406001
36.18000000	0.01391645
36.19000000	0.01361488
36.20000000	0.01319416
36.21000000	0.01268066
36.22000000	0.01214702
36.23000000	0.01169845
36.24000000	0.01141652
36.25000000	0.01132608
36.26000000	0.01139952
36.27000000	0.01156649
36.28000000	0.01171438
36.29000000	0.01170433
36.30000000	0.01141985
36.31000000	0.01081608
36.32000000	0.00991946
36.33000000	0.00877850
36.34000000	0.00742408
36.35000000	0.00588391
36.36000000	0.00422810
36.37000000	0.00258423
36.38000000	0.00109724
36.39000000	-0.00012727
36.40000000	-0.00104366
36.41000000	-0.00164103
36.42000000	-0.00190681
36.43000000	-0.00182289
36.44000000	-0.00141462
36.45000000	-0.00082089
36.46000000	-0.00030708
36.47000000	-0.00017169
36.48000000	-0.00060081
36.49000000	-0.00158386
36.50000000	-0.00294103
36.51000000	-0.00441077
36.52000000	-0.00572565
36.53000000	-0.00666149
36.54000000	-0.00708591
36.55000000	-0.00700775
36.56000000	-0.00658001
36.57000000	-0.00601928
36.58000000	-0.00548510
36.59000000	-0.00501685
36.60000000	-0.00457277
36.61000000	-0.00411876
36.62000000	-0.00368383
36.63000000	-0.00335078
36.64000000	-0.00321046
36.65000000	-0.00331640
36.66000000	-0.00365288
36.67000000	-0.00412142
36.68000000	-0.00456415
36.69000000	-0.00483203
36.70000000	-0.00485943
36.71000000	-0.00468153
36.72000000	-0.00437738
36.73000000	-0.00399430
36.74000000	-0.00352379
36.75000000	-0.00294185
36.76000000	-0.00226788
36.77000000	-0.00158757
36.78000000	-0.00102231
36.79000000	-0.00067035
36.80000000	-0.00056047
36.81000000	-0.00064844
36.82000000	-0.00086141
36.83000000	-0.00115423
36.84000000	-0.00152147
36.85000000	-0.00195489
36.86000000	-0.00240431
36.87000000	-0.00279477
36.88000000	-0.00307592
36.89000000	-0.00323944
36.90000000	-0.00329271
36.91000000	-0.00323942
36.92000000	-0.00310125
36.93000000	-0.00294962
36.94000000	-0.00289709
36.95000000	-0.00304568
36.96000000	-0.00343749
36.97000000	-0.00404789
36.98000000	-0.00481383
36.99000000	-0.00565515
37.00000000	-0.00646909
37.01000000	-0.00712813
37.02000000	-0.00751851
37.03000000	-0.00760824
37.04000000	-0.00748870
37.05000000	-0.00734453
37.06000000	-0.00735673
37.07000000	-0.00759077
37.08000000	-0.00794254
37.09000000	-0.00819359
37.10000000	-0.00815362
37.11000000	-0.00778629
37.12000000	-0.00721558
37.13000000	-0.00661490
37.14000000	-0.00608752
37.15000000	-0.00563902
37.16000000	-0.00523716
37.17000000	-0.00487736
37.18000000	-0.00459757
37.19000000	-0.00445275
37.20000000	-0.00447500
37.21000000	-0.00463172
37.22000000	-0.00480965
37.23000000	-0.00486025
37.24000000	-0.00468602
37.25000000	-0.00428892
37.26000000	-0.00373665
37.27000000	-0.00309325
37.28000000	-0.00239273
37.29000000	-0.00167057
37.30000000	-0.00099421
37.31000000	-0.00043739
37.32000000	-0.00001633
37.33000000	0.00033645
37.34000000	0.00071111
37.35000000	0.00111698
37.36000000	0.00144290
37.37000000	0.00153577
37.38000000	0.00133436
37.39000000	0.00094093
37.40000000	0.00057435
37.41000000	0.00044550
37.42000000	0.00064087
37.43000000	0.00108107
37.44000000	0.00157514
37.45000000	0.00193796
37.46000000	0.00209715
37.47000000	0.00211982
37.48000000	0.00214713
37.49000000	0.00228950
37.50000000	0.00255921
37.51000000	0.00288670
37.52000000	0.00320060
37.53000000	0.00349389
37.54000000	0.00381068
37.55000000	0.00416962
37.56000000	0.00450708
37.57000000	0.00469953
37.58000000	0.00464550
37.59000000	0.00434088
37.60000000	0.00389453
37.61000000	0.00347270
37.62000000	0.00320481
37.63000000	0.00311175
37.64000000	0.00310608
37.65000000	0.00306333
37.66000000	0.00291452
37.67000000	0.00269538
37.68000000	0.00251594
37.69000000	0.00247415
37.70000000	0.00258455
37.71000000	0.00277659
37.72000000	0.00294866
37.73000000	0.00302172
37.74000000	0.00295934
37.75000000	0.00276454
37.76000000	0.00247139
37.77000000	0.00213011
37.78000000	0.00178483
37.79000000	0.00146315
37.80000000	0.00119099
37.81000000	0.00100991
37.82000000	0.00096317
37.83000000	0.00105920
37.84000000	0.00125691
37.85000000	0.00149452
37.86000000	0.00173237
37.87000000	0.00196601
37.88000000	0.00220243
37.89000000	0.00243045
37.90000000	0.00261582
37.91000000	0.00272121
37.92000000	0.00272974
37.93000000	0.00265610
37.94000000	0.00254604
37.95000000	0.00246831
37.96000000	0.00249446
37.97000000	0.00266300
37.98000000	0.00294529
37.99000000	0.00324505
38.00000000	0.00344701
38.01000000	0.00348935
38.02000000	0.00340988
38.03000000	0.00332589
38.04000000	0.00335054
38.05000000	0.00350136
38.06000000	0.00367512
38.07000000	0.00371555
38.08000000	0.00352155
38.09000000	0.00311177
38.10000000	0.00260518
38.11000000	0.00214478
38.12000000	0.00182269
38.13000000	0.00165065
38.14000000	0.00158455
38.15000000	0.00157599
38.16000000	0.00160802
38.17000000	0.00169052
38.18000000	0.00182713
38.19000000	0.00198942
38.20000000	0.00212406
38.21000000	0.00218640
38.22000000	0.00216902
38.23000000	0.00210064
38.24000000	0.00202028
38.25000000	0.00195147
38.26000000	0.00189468
38.27000000	0.00183823
38.28000000	0.00177473
38.29000000	0.00170950
38.30000000	0.00165589
38.31000000	0.00162127
38.32000000	0.00159314
38.33000000	0.00153628
38.34000000	0.00140731
38.35000000	0.00118143
38.36000000	0.00087361
38.37000000	0.00053761
38.38000000	0.00024159
38.39000000	0.00003547
38.40000000	-0.00006959
38.41000000	-0.00009771
38.42000000	-0.00008689
38.43000000	-0.00006903
38.44000000	-0.00006518
38.45000000	-0.00009140
38.46000000	-0.00015957
38.47000000	-0.00026522
38.48000000	-0.00037365
38.49000000	-0.00042588
38.50000000	-0.00037172
38.51000000	-0.00020815
38.52000000	0.00000855
38.53000000	0.00018874
38.54000000	0.00025612
38.55000000	0.00018464
38.56000000	0.00000323
38.57000000	-0.00023007
38.58000000	-0.00046179
38.59000000	-0.00066201
38.60000000	-0.00082378
38.61000000	-0.00095247
38.62000000	-0.00105628
38.63000000	-0.00114265
38.64000000	-0.00121777
38.65000000	-0.00128456
38.66000000	-0.00133904
38.67000000	-0.00137078
38.68000000	-0.00137032
38.69000000	-0.00133699
38.70000000	-0.00127905
38.71000000	-0.00120703
38.72000000	-0.00112819
38.73000000	-0.00104638
38.74000000	-0.00096545
38.75000000	-0.00089094
38.76000000	-0.00082662
38.77000000	-0.00076822
38.78000000	-0.00070240
38.79000000	-0.00061485
38.80000000	-0.00050169
38.81000000	-0.00037375
38.82000000	-0.00025143
38.83000000	-0.00015479
38.84000000	-0.00009415
38.85000000	-0.00006572
38.86000000	-0.00005566
38.87000000	-0.00004973
38.88000000	-0.00004017
38.89000000	-0.00002443
38.90000000	0.00000017
38.91000000	0.00003774
38.92000000	0.00008908
38.93000000	0.00014694
38.94000000	0.00019730
38.95000000	0.00022601
38.96000000	0.00022590
38.97000000	0.00020068
38.98000000	0.00016407
38.99000000	0.00013362
39.00000000	0.00012089
39.01000000	0.00012457
39.02000000	0.00013177
39.03000000	0.00012682
39.04000000	0.00010086
39.05000000	0.00005582
39.06000000	0.00000205
39.07000000	-0.00004655
39.08000000	-0.00007739
39.09000000	-0.00008327
39.10000000	-0.00006466
39.11000000	-0.00002854
39.12000000	0.00001594
39.13000000	0.00006167
39.14000000	0.00010530
39.15000000	0.00014581
39.16000000	0.00018260
39.17000000	0.00021488
39.18000000	0.00024269
39.19000000	0.00026788
39.20000000	0.00029350
39.21000000	0.00032198
39.22000000	0.00035294
39.23000000	0.00038210
39.24000000	0.00040253
39.25000000	0.00040825
39.26000000	0.00039809
39.27000000	0.00037702
39.28000000	0.00035336
39.29000000	0.00033314
39.30000000	0.00031588
39.31000000	0.00029541
39.32000000	0.00026527
39.33000000	0.00022416
39.34000000	0.00017766
39.35000000	0.00013531
39.36000000	0.00010511
39.37000000	0.00008853
39.38000000	0.00007946
39.39000000	0.00006849
39.40000000	0.00005023
39.41000000	0.00002752
39.42000000	0.00000870
39.43000000	0.00000009
39.44000000	0.00000027
39.45000000	0.00000072
39.46000000	-0.00000767
39.47000000	-0.00002750
39.48000000	-0.00005271
39.49000000	-0.00007308
39.50000000	-0.00008201
39.51000000	-0.00008142
39.52000000	-0.00008009
39.53000000	-0.00008718
39.54000000	-0.00010570
39.55000000	-0.00013078
39.56000000	-0.00015351
39.57000000	-0.00016700
39.58000000	-0.00016974
39.59000000	-0.00016486
39.60000000	-0.00015745
39.61000000	-0.00015279
39.62000000	-0.00015548
39.63000000	-0.00016819
39.64000000	-0.00018967
39.65000000	-0.00021423
39.66000000	-0.00023440
39.67000000	-0.00024533
39.68000000	-0.00024730
39.69000000	-0.00024438
39.70000000	-0.00024103
39.71000000	-0.00023962
39.72000000	-0.00024012
39.73000000	-0.00024129
39.74000000	-0.00024208
39.75000000	-0.00024216
39.76000000	-0.00024182
39.77000000	-0.00024147
39.78000000	-0.00024134
39.79000000	-0.00024140
39.80000000	-0.00024153
39.81000000	-0.00024161
39.82000000	-0.00024162
39.83000000	-0.00024158
39.84000000	-0.00024154
39.85000000	-0.00024153
39.86000000	-0.00024153
39.87000000	-0.00024155
39.88000000	-0.00024156
39.89000000	-0.00024156
39.90000000	-0.00024155
