0.000000	-1.407860757019e-04
0.001000	-1.524373059006e-04
0.002000	-1.649899772205e-04
0.003000	-1.785082641679e-04
0.004000	-1.930604361607e-04
0.005000	-2.087190801003e-04
0.006000	-2.255613319663e-04
0.007000	-2.436691175553e-04
0.008000	-2.631294024600e-04
0.009000	-2.840344513621e-04
0.010000	-3.064820966875e-04
0.011000	-3.305760166388e-04
0.012000	-3.564260225917e-04
0.013000	-3.841483558043e-04
0.014000	-4.138659933494e-04
0.015000	-4.457089631389e-04
0.016000	-4.798146678633e-04
0.017000	-5.163282176197e-04
0.018000	-5.554027709500e-04
0.019000	-5.971998839524e-04
0.020000	-6.418898670704e-04
0.021000	-6.896521490957e-04
0.022000	-7.406756478573e-04
0.023000	-7.951591469879e-04
0.024000	-8.533116780895e-04
0.025000	-9.153529075298e-04
0.026000	-9.815135270193e-04
0.027000	-1.052035647026e-03
0.028000	-1.127173191984e-03
0.029000	-1.207192296163e-03
0.030000	-1.292371698948e-03
0.031000	-1.383003138164e-03
0.032000	-1.479391739999e-03
0.033000	-1.581856403910e-03
0.034000	-1.690730180815e-03
0.035000	-1.806360642721e-03
0.036000	-1.929110241830e-03
0.037000	-2.059356656993e-03
0.038000	-2.197493125288e-03
0.039000	-2.343928756326e-03
0.040000	-2.499088826742e-03
0.041000	-2.663415052203e-03
0.042000	-2.837365834100e-03
0.043000	-3.021416477935e-03
0.044000	-3.216059380269e-03
0.045000	-3.421804180951e-03
0.046000	-3.639177877178e-03
0.047000	-3.868724895787e-03
0.048000	-4.111007120044e-03
0.049000	-4.366603867025e-03
0.050000	-4.636111811550e-03
0.051000	-4.920144852475e-03
0.052000	-5.219333917034e-03
0.053000	-5.534326698756e-03
0.054000	-5.865787324386e-03
0.055000	-6.214395945100e-03
0.056000	-6.580848247207e-03
0.057000	-6.965854877424e-03
0.058000	-7.370140777728e-03
0.059000	-7.794444424704e-03
0.060000	-8.239516968263e-03
0.061000	-8.706121264525e-03
0.062000	-9.195030797688e-03
0.063000	-9.707028485619e-03
0.064000	-1.024290536398e-02
0.065000	-1.080345914371e-02
0.066000	-1.138949263665e-02
0.067000	-1.200181204437e-02
0.068000	-1.264122510519e-02
0.069000	-1.330853909445e-02
0.070000	-1.400455867362e-02
0.071000	-1.473008358351e-02
0.072000	-1.548590617742e-02
0.073000	-1.627280879033e-02
0.074000	-1.709156094015e-02
0.075000	-1.794291635797e-02
0.076000	-1.882760984399e-02
0.077000	-1.974635394664e-02
0.078000	-2.069983546273e-02
0.079000	-2.168871175687e-02
0.080000	-2.271360689896e-02
0.081000	-2.377510761924e-02
0.082000	-2.487375908080e-02
0.083000	-2.601006047026e-02
0.084000	-2.718446040805e-02
0.085000	-2.839735218022e-02
0.086000	-2.964906879490e-02
0.087000	-3.093987786693e-02
0.088000	-3.226997633550e-02
0.089000	-3.363948502013e-02
0.090000	-3.504844302165e-02
0.091000	-3.649680197567e-02
0.092000	-3.798442016702e-02
0.093000	-3.951105651497e-02
0.094000	-4.107636443988e-02
0.095000	-4.267988562332e-02
0.096000	-4.432104367476e-02
0.097000	-4.599913771921e-02
0.098000	-4.771333592141e-02
0.099000	-4.946266896344e-02
0.100000	-5.124602349402e-02
0.101000	-5.306213556882e-02
0.102000	-5.490958410276e-02
0.103000	-5.678678435622e-02
0.104000	-5.869198147883e-02
0.105000	-6.062324413531e-02
0.106000	-6.257845823971e-02
0.107000	-6.455532082511e-02
0.108000	-6.655133407761e-02
0.109000	-6.856379956425e-02
0.110000	-7.058981268602e-02
0.111000	-7.262625738800e-02
0.112000	-7.466980115997e-02
0.113000	-7.671689036169e-02
0.114000	-7.876374590811e-02
0.115000	-8.080635935069e-02
0.116000	-8.284048939154e-02
0.117000	-8.486165886826e-02
0.118000	-8.686515224735e-02
0.119000	-8.884601366514e-02
0.120000	-9.079904555511e-02
0.121000	-9.271880790082e-02
0.122000	-9.459961815394e-02
0.123000	-9.643555185649e-02
0.124000	-9.822044400645e-02
0.125000	-9.994789120530e-02
0.126000	-1.016112546258e-01
0.127000	-1.032036638370e-01
0.128000	-1.047180215234e-01
0.129000	-1.061470091336e-01
0.130000	-1.074830934912e-01
0.131000	-1.087185344027e-01
0.132000	-1.098453932910e-01
0.133000	-1.108555428846e-01
0.134000	-1.117406779882e-01
0.135000	-1.124923273596e-01
0.136000	-1.131018667143e-01
0.137000	-1.135605328763e-01
0.138000	-1.138594390908e-01
0.139000	-1.139895915111e-01
0.140000	-1.139419068691e-01
0.141000	-1.137072313335e-01
0.142000	-1.132763605574e-01
0.143000	-1.126400609121e-01
0.144000	-1.117890918994e-01
0.145000	-1.107142297308e-01
0.146000	-1.094062920566e-01
0.147000	-1.078561638225e-01
0.148000	-1.060548242277e-01
0.149000	-1.039933747521e-01
0.150000	-1.016630682144e-01
0.151000	-9.905533881933e-02
0.152000	-9.616183314351e-02
0.153000	-9.297444200716e-02
0.154000	-8.948533317044e-02
0.155000	-8.568698478856e-02
0.156000	-8.157221955397e-02
0.157000	-7.713423944745e-02
0.158000	-7.236666101484e-02
0.159000	-6.726355107975e-02
0.160000	-6.181946279721e-02
0.161000	-5.602947194761e-02
0.162000	-4.988921336463e-02
0.163000	-4.339491738566e-02
0.164000	-3.654344620820e-02
0.165000	-2.933233003050e-02
0.166000	-2.175980285056e-02
0.167000	-1.382483779263e-02
0.168000	-5.527181826911e-03
0.169000	3.132610256104e-03
0.170000	1.215314275804e-02
0.171000	2.153214701654e-02
0.172000	3.126645052765e-02
0.173000	4.135194739575e-02
0.174000	5.178357026173e-02
0.175000	6.255526386098e-02
0.176000	7.365996036349e-02
0.177000	8.508955664787e-02
0.178000	9.683489366090e-02
0.179000	1.088857380125e-01
0.180000	1.212307659544e-01
0.181000	1.338575498882e-01
0.182000	1.467525475443e-01
0.183000	1.599010939721e-01
0.184000	1.732873964729e-01
0.185000	1.868945326055e-01
0.186000	2.007044513873e-01
0.187000	2.146979778054e-01
0.188000	2.288548207472e-01
0.189000	2.431535844512e-01
0.190000	2.575717835687e-01
0.191000	2.720858619185e-01
0.192000	2.866712150084e-01
0.193000	3.013022163826e-01
0.194000	3.159522478464e-01
0.195000	3.305937336064e-01
0.196000	3.451981783505e-01
0.197000	3.597362092819e-01
0.198000	3.741776221043e-01
0.199000	3.884914309447e-01
0.200000	4.026459221844e-01
0.201000	4.166087121522e-01
0.202000	4.303468086234e-01
0.203000	4.438266760470e-01
0.204000	4.570143044143e-01
0.205000	4.698752816591e-01
0.206000	4.823748694719e-01
0.207000	4.944780823877e-01
0.208000	5.061497699954e-01
0.209000	5.173547020999e-01
0.210000	5.280576566525e-01
0.211000	5.382235102499e-01
0.212000	5.478173309864e-01
0.213000	5.568044734324e-01
0.214000	5.651506754931e-01
0.215000	5.728221568934e-01
0.216000	5.797857190172e-01
0.217000	5.860088458199e-01
0.218000	5.914598055217e-01
0.219000	5.961077527746e-01
0.220000	5.999228309921e-01
0.221000	6.028762745167e-01
0.222000	6.049405102945e-01
0.223000	6.060892587199e-01
0.224000	6.062976333057e-01
0.225000	6.055422388321e-01
0.226000	6.038012676216e-01
0.227000	6.010545935876e-01
0.228000	5.972838637020e-01
0.229000	5.924725865280e-01
0.230000	5.866062174666e-01
0.231000	5.796722403695e-01
0.232000	5.716602451724e-01
0.233000	5.625620012140e-01
0.234000	5.523715259095e-01
0.235000	5.410851484575e-01
0.236000	5.287015682713e-01
0.237000	5.152219078354e-01
0.238000	5.006497597022e-01
0.239000	4.849912273589e-01
0.240000	4.682549597086e-01
0.241000	4.504521789311e-01
0.242000	4.315967015022e-01
0.243000	4.117049521735e-01
0.244000	3.907959707354e-01
0.245000	3.688914114057e-01
0.246000	3.460155347120e-01
0.247000	3.221951917573e-01
0.248000	2.974598007860e-01
0.249000	2.718413159894e-01
0.250000	2.453741885187e-01
0.251000	2.180953197001e-01
0.252000	1.900440064709e-01
0.253000	1.612618790876e-01
0.254000	1.317928311810e-01
0.255000	1.016829422630e-01
0.256000	7.098039281727e-02
0.257000	3.973537213518e-02
0.258000	7.999979083480e-03
0.259000	-2.417188397956e-02
0.260000	-5.672462389774e-02
0.261000	-8.960107575124e-02
0.262000	-1.227426279370e-01
0.263000	-1.560893529755e-01
0.264000	-1.895801437009e-01
0.265000	-2.231528544666e-01
0.266000	-2.567444469791e-01
0.267000	-2.902911403493e-01
0.268000	-3.237285649333e-01
0.269000	-3.569919195164e-01
0.270000	-3.900161313748e-01
0.271000	-4.227360187398e-01
0.272000	-4.550864551710e-01
0.273000	-4.870025353356e-01
0.274000	-5.184197416830e-01
0.275000	-5.492741114916e-01
0.276000	-5.795024037635e-01
0.277000	-6.090422654363e-01
0.278000	-6.378323963787e-01
0.279000	-6.658127126384e-01
0.280000	-6.929245074123e-01
0.281000	-7.191106092121e-01
0.282000	-7.443155367050e-01
0.283000	-7.684856497188e-01
0.284000	-7.915692959079e-01
0.285000	-8.135169525916e-01
0.286000	-8.342813632885e-01
0.287000	-8.538176684874e-01
0.288000	-8.720835302115e-01
0.289000	-8.890392499557e-01
0.290000	-9.046478795922e-01
0.291000	-9.188753248695e-01
0.292000	-9.316904411470e-01
0.293000	-9.430651210394e-01
0.294000	-9.529743736681e-01
0.295000	-9.613963952470e-01
0.296000	-9.683126307584e-01
0.297000	-9.737078265074e-01
0.298000	-9.775700733703e-01
0.299000	-9.798908405902e-01
0.300000	-9.806650000000e-01
0.301000	-9.798908405902e-01
0.302000	-9.775700733703e-01
0.303000	-9.737078265074e-01
0.304000	-9.683126307584e-01
0.305000	-9.613963952470e-01
0.306000	-9.529743736681e-01
0.307000	-9.430651210394e-01
0.308000	-9.316904411470e-01
0.309000	-9.188753248695e-01
0.310000	-9.046478795922e-01
0.311000	-8.890392499557e-01
0.312000	-8.720835302115e-01
0.313000	-8.538176684874e-01
0.314000	-8.342813632885e-01
0.315000	-8.135169525916e-01
0.316000	-7.915692959079e-01
0.317000	-7.684856497188e-01
0.318000	-7.443155367050e-01
0.319000	-7.191106092121e-01
0.320000	-6.929245074123e-01
0.321000	-6.658127126384e-01
0.322000	-6.378323963787e-01
0.323000	-6.090422654363e-01
0.324000	-5.795024037635e-01
0.325000	-5.492741114916e-01
0.326000	-5.184197416830e-01
0.327000	-4.870025353356e-01
0.328000	-4.550864551710e-01
0.329000	-4.227360187398e-01
0.330000	-3.900161313748e-01
0.331000	-3.569919195164e-01
0.332000	-3.237285649333e-01
0.333000	-2.902911403493e-01
0.334000	-2.567444469791e-01
0.335000	-2.231528544666e-01
0.336000	-1.895801437009e-01
0.337000	-1.560893529755e-01
0.338000	-1.227426279370e-01
0.339000	-8.960107575124e-02
0.340000	-5.672462389774e-02
0.341000	-2.417188397956e-02
0.342000	7.999979083481e-03
0.343000	3.973537213518e-02
0.344000	7.098039281727e-02
0.345000	1.016829422630e-01
0.346000	1.317928311810e-01
0.347000	1.612618790876e-01
0.348000	1.900440064709e-01
0.349000	2.180953197001e-01
0.350000	2.453741885187e-01
0.351000	2.718413159894e-01
0.352000	2.974598007860e-01
0.353000	3.221951917573e-01
0.354000	3.460155347120e-01
0.355000	3.688914114057e-01
0.356000	3.907959707354e-01
0.357000	4.117049521735e-01
0.358000	4.315967015022e-01
0.359000	4.504521789311e-01
0.360000	4.682549597086e-01
0.361000	4.849912273589e-01
0.362000	5.006497597022e-01
0.363000	5.152219078354e-01
0.364000	5.287015682713e-01
0.365000	5.410851484575e-01
0.366000	5.523715259095e-01
0.367000	5.625620012140e-01
0.368000	5.716602451724e-01
0.369000	5.796722403695e-01
0.370000	5.866062174666e-01
0.371000	5.924725865280e-01
0.372000	5.972838637020e-01
0.373000	6.010545935876e-01
0.374000	6.038012676216e-01
0.375000	6.055422388321e-01
0.376000	6.062976333057e-01
0.377000	6.060892587199e-01
0.378000	6.049405102945e-01
0.379000	6.028762745167e-01
0.380000	5.999228309921e-01
0.381000	5.961077527746e-01
0.382000	5.914598055217e-01
0.383000	5.860088458199e-01
0.384000	5.797857190172e-01
0.385000	5.728221568934e-01
0.386000	5.651506754931e-01
0.387000	5.568044734324e-01
0.388000	5.478173309864e-01
0.389000	5.382235102499e-01
0.390000	5.280576566525e-01
0.391000	5.173547020999e-01
0.392000	5.061497699954e-01
0.393000	4.944780823877e-01
0.394000	4.823748694719e-01
0.395000	4.698752816591e-01
0.396000	4.570143044143e-01
0.397000	4.438266760470e-01
0.398000	4.303468086234e-01
0.399000	4.166087121522e-01
0.400000	4.026459221844e-01
0.401000	3.884914309447e-01
0.402000	3.741776221043e-01
0.403000	3.597362092819e-01
0.404000	3.451981783505e-01
0.405000	3.305937336064e-01
0.406000	3.159522478464e-01
0.407000	3.013022163826e-01
0.408000	2.866712150084e-01
0.409000	2.720858619185e-01
0.410000	2.575717835687e-01
0.411000	2.431535844512e-01
0.412000	2.288548207472e-01
0.413000	2.146979778054e-01
0.414000	2.007044513873e-01
0.415000	1.868945326055e-01
0.416000	1.732873964729e-01
0.417000	1.599010939721e-01
0.418000	1.467525475443e-01
0.419000	1.338575498882e-01
0.420000	1.212307659544e-01
0.421000	1.088857380125e-01
0.422000	9.683489366090e-02
0.423000	8.508955664787e-02
0.424000	7.365996036349e-02
0.425000	6.255526386098e-02
0.426000	5.178357026173e-02
0.427000	4.135194739575e-02
0.428000	3.126645052765e-02
0.429000	2.153214701654e-02
0.430000	1.215314275804e-02
0.431000	3.132610256103e-03
0.432000	-5.527181826911e-03
0.433000	-1.382483779263e-02
0.434000	-2.175980285056e-02
0.435000	-2.933233003050e-02
0.436000	-3.654344620820e-02
0.437000	-4.339491738566e-02
0.438000	-4.988921336463e-02
0.439000	-5.602947194761e-02
0.440000	-6.181946279721e-02
0.441000	-6.726355107975e-02
0.442000	-7.236666101484e-02
0.443000	-7.713423944745e-02
0.444000	-8.157221955397e-02
0.445000	-8.568698478856e-02
0.446000	-8.948533317044e-02
0.447000	-9.297444200716e-02
0.448000	-9.616183314351e-02
0.449000	-9.905533881933e-02
0.450000	-1.016630682144e-01
0.451000	-1.039933747521e-01
0.452000	-1.060548242277e-01
0.453000	-1.078561638225e-01
0.454000	-1.094062920566e-01
0.455000	-1.107142297308e-01
0.456000	-1.117890918994e-01
0.457000	-1.126400609121e-01
0.458000	-1.132763605574e-01
0.459000	-1.137072313335e-01
0.460000	-1.139419068691e-01
0.461000	-1.139895915111e-01
0.462000	-1.138594390908e-01
0.463000	-1.135605328763e-01
0.464000	-1.131018667143e-01
0.465000	-1.124923273596e-01
0.466000	-1.117406779882e-01
0.467000	-1.108555428846e-01
0.468000	-1.098453932910e-01
0.469000	-1.087185344027e-01
0.470000	-1.074830934912e-01
0.471000	-1.061470091336e-01
0.472000	-1.047180215234e-01
0.473000	-1.032036638370e-01
0.474000	-1.016112546258e-01
0.475000	-9.994789120530e-02
0.476000	-9.822044400645e-02
0.477000	-9.643555185649e-02
0.478000	-9.459961815394e-02
0.479000	-9.271880790082e-02
0.480000	-9.079904555511e-02
0.481000	-8.884601366514e-02
0.482000	-8.686515224735e-02
0.483000	-8.486165886826e-02
0.484000	-8.284048939154e-02
0.485000	-8.080635935069e-02
0.486000	-7.876374590811e-02
0.487000	-7.671689036169e-02
0.488000	-7.466980115997e-02
0.489000	-7.262625738800e-02
0.490000	-7.058981268602e-02
0.491000	-6.856379956425e-02
0.492000	-6.655133407761e-02
0.493000	-6.455532082511e-02
0.494000	-6.257845823971e-02
0.495000	-6.062324413531e-02
0.496000	-5.869198147883e-02
0.497000	-5.678678435622e-02
0.498000	-5.490958410276e-02
0.499000	-5.306213556882e-02
0.500000	-5.124602349402e-02
0.501000	-4.946266896344e-02
0.502000	-4.771333592141e-02
0.503000	-4.599913771921e-02
0.504000	-4.432104367476e-02
0.505000	-4.267988562332e-02
0.506000	-4.107636443988e-02
0.507000	-3.951105651497e-02
0.508000	-3.798442016702e-02
0.509000	-3.649680197567e-02
0.510000	-3.504844302165e-02
0.511000	-3.363948502013e-02
0.512000	-3.226997633550e-02
0.513000	-3.093987786693e-02
0.514000	-2.964906879490e-02
0.515000	-2.839735218022e-02
0.516000	-2.718446040805e-02
0.517000	-2.601006047026e-02
0.518000	-2.487375908080e-02
0.519000	-2.377510761924e-02
0.520000	-2.271360689896e-02
0.521000	-2.168871175687e-02
0.522000	-2.069983546273e-02
0.523000	-1.974635394663e-02
0.524000	-1.882760984399e-02
0.525000	-1.794291635797e-02
0.526000	-1.709156094015e-02
0.527000	-1.627280879033e-02
0.528000	-1.548590617742e-02
0.529000	-1.473008358351e-02
0.530000	-1.400455867362e-02
0.531000	-1.330853909445e-02
0.532000	-1.264122510519e-02
0.533000	-1.200181204437e-02
0.534000	-1.138949263665e-02
0.535000	-1.080345914371e-02
0.536000	-1.024290536398e-02
0.537000	-9.707028485619e-03
0.538000	-9.195030797688e-03
0.539000	-8.706121264525e-03
0.540000	-8.239516968263e-03
0.541000	-7.794444424704e-03
0.542000	-7.370140777728e-03
0.543000	-6.965854877424e-03
0.544000	-6.580848247207e-03
0.545000	-6.214395945100e-03
0.546000	-5.865787324386e-03
0.547000	-5.534326698756e-03
0.548000	-5.219333917034e-03
0.549000	-4.920144852475e-03
0.550000	-4.636111811550e-03
0.551000	-4.366603867025e-03
0.552000	-4.111007120044e-03
0.553000	-3.868724895787e-03
0.554000	-3.639177877178e-03
0.555000	-3.421804180951e-03
0.556000	-3.216059380269e-03
0.557000	-3.021416477935e-03
0.558000	-2.837365834100e-03
0.559000	-2.663415052203e-03
0.560000	-2.499088826742e-03
0.561000	-2.343928756326e-03
0.562000	-2.197493125288e-03
0.563000	-2.059356656993e-03
0.564000	-1.929110241830e-03
0.565000	-1.806360642721e-03
0.566000	-1.690730180815e-03
0.567000	-1.581856403910e-03
0.568000	-1.479391739999e-03
0.569000	-1.383003138164e-03
0.570000	-1.292371698948e-03
0.571000	-1.207192296163e-03
0.572000	-1.127173191984e-03
0.573000	-1.052035647026e-03
0.574000	-9.815135270193e-04
0.575000	-9.153529075297e-04
0.576000	-8.533116780895e-04
0.577000	-7.951591469879e-04
0.578000	-7.406756478573e-04
0.579000	-6.896521490957e-04
0.580000	-6.418898670704e-04
0.581000	-5.971998839524e-04
0.582000	-5.554027709500e-04
0.583000	-5.163282176197e-04
0.584000	-4.798146678633e-04
0.585000	-4.457089631389e-04
0.586000	-4.138659933494e-04
0.587000	-3.841483558043e-04
0.588000	-3.564260225917e-04
0.589000	-3.305760166388e-04
0.590000	-3.064820966875e-04
0.591000	-2.840344513621e-04
0.592000	-2.631294024600e-04
0.593000	-2.436691175553e-04
0.594000	-2.255613319663e-04
0.595000	-2.087190801003e-04
0.596000	-1.930604361607e-04
0.597000	-1.785082641679e-04
0.598000	-1.649899772205e-04
0.599000	-1.524373059006e-04
0.600000	-1.407860757019e-04
0.601000	-1.299759933437e-04
0.602000	-1.199504418146e-04
0.603000	-1.106562839751e-04
0.604000	-1.020436745370e-04
0.605000	-9.406588022381e-05
0.606000	-8.667910790880e-05
0.607000	-7.984234051909e-05
0.608000	-7.351718048755e-05
0.609000	-6.766770052953e-05
0.610000	-6.226030151776e-05
0.611000	-5.726357722606e-05
0.612000	-5.264818571126e-05
0.613000	-4.838672710195e-05
0.614000	-4.445362756323e-05
0.615000	-4.082502920777e-05
0.616000	-3.747868572531e-05
0.617000	-3.439386350541e-05
0.618000	-3.155124803109e-05
0.619000	-2.893285532499e-05
0.620000	-2.652194823342e-05
0.621000	-2.430295733828e-05
0.622000	-2.226140629153e-05
0.623000	-2.038384137207e-05
0.624000	-1.865776507002e-05
0.625000	-1.707157350902e-05
0.626000	-1.561449752277e-05
0.627000	-1.427654720772e-05
0.628000	-1.304845977975e-05
0.629000	-1.192165056859e-05
0.630000	-1.088816698951e-05
0.631000	-9.940645337859e-06
0.632000	-9.072270257824e-06
0.633000	-8.276736742720e-06
0.634000	-7.548214529802e-06
0.635000	-6.881314758334e-06
0.636000	-6.271058765267e-06
0.637000	-5.712848898338e-06
0.638000	-5.202441231821e-06
0.639000	-4.735920075378e-06
0.640000	-4.309674171605e-06
0.641000	-3.920374482829e-06
0.642000	-3.564953472554e-06
0.643000	-3.240585791628e-06
0.644000	-2.944670283742e-06
0.645000	-2.674813229229e-06
0.646000	-2.428812750382e-06
0.647000	-2.204644305519e-06
0.648000	-2.000447202990e-06
0.649000	-1.814512070019e-06
0.650000	-1.645269214892e-06
0.651000	-1.491277824455e-06
0.652000	-1.351215942156e-06
0.653000	-1.223871175027e-06
0.654000	-1.108132081012e-06
0.655000	-1.002980190882e-06
0.656000	-9.074826217453e-07
0.657000	-8.207852417166e-07
0.658000	-7.421063477915e-07
0.659000	-6.707308213130e-07
0.660000	-6.060047276274e-07
0.661000	-5.473303286343e-07
0.662000	-4.941614789223e-07
0.663000	-4.459993780663e-07
0.664000	-4.023886534372e-07
0.665000	-3.629137495563e-07
0.666000	-3.271956016071e-07
0.667000	-2.948885722120e-07
0.668000	-2.656776319844e-07
0.669000	-2.392757656901e-07
0.670000	-2.154215870935e-07
0.671000	-1.938771467337e-07
0.672000	-1.744259179693e-07
0.673000	-1.568709476608e-07
0.674000	-1.410331588224e-07
0.675000	-1.267497934765e-07
0.676000	-1.138729847908e-07
0.677000	-1.022684483663e-07
0.678000	-9.181428328380e-08
0.679000	-8.239987420420e-08
0.680000	-7.392488646481e-08
0.681000	-6.629834671009e-08
0.682000	-5.943780215725e-08
0.683000	-5.326855211721e-08
0.684000	-4.772294587629e-08
0.685000	-4.273974149515e-08
0.686000	-3.826352050093e-08
0.687000	-3.424415383778e-08
0.688000	-3.063631480288e-08
0.689000	-2.739903503028e-08
0.690000	-2.449529989625e-08
0.691000	-2.189168000802e-08
0.692000	-1.955799570470e-08
0.693000	-1.746701174651e-08
0.694000	-1.559415959682e-08
0.695000	-1.391728491290e-08
0.696000	-1.241641805661e-08
0.697000	-1.107356561634e-08
0.698000	-9.872521098094e-09
0.699000	-8.798693096921e-09
0.700000	-7.838949401366e-09
0.701000	-6.981475613957e-09
0.702000	-6.215646990686e-09
0.703000	-5.531912312889e-09
0.704000	-4.921688706453e-09
0.705000	-4.377266416625e-09
0.706000	-3.891722632485e-09
0.707000	-3.458843533855e-09
0.708000	-3.073053805714e-09
0.709000	-2.729352931467e-09
0.710000	-2.423257637174e-09
0.711000	-2.150749914548e-09
0.712000	-1.908230101505e-09
0.713000	-1.692474545739e-09
0.714000	-1.500597419469e-09
0.715000	-1.330016292577e-09
0.716000	-1.178421107013e-09
0.717000	-1.043746227941e-09
0.718000	-9.241452768611e-10
0.719000	-8.179684790774e-10
0.720000	-7.237422826595e-10
0.721000	-6.401510286080e-10
0.722000	-5.660204725036e-10
0.723000	-5.003029766490e-10
0.724000	-4.420642087602e-10
0.725000	-3.904711987721e-10
0.726000	-3.447816194277e-10
0.727000	-3.043341691390e-10
0.728000	-2.685399472490e-10
0.729000	-2.368747224017e-10
0.730000	-2.088720043195e-10
0.731000	-1.841168379937e-10
0.732000	-1.622402471866e-10
0.733000	-1.429142612948e-10
0.734000	-1.258474661044e-10
0.735000	-1.107810248337e-10
0.736000	-9.748512116885e-11
0.737000	-8.575578079941e-11
0.738000	-7.541203230251e-11
0.739000	-6.629337214921e-11
0.740000	-5.825750214950e-11
0.741000	-5.117831085336e-11
0.742000	-4.494407331312e-11
0.743000	-3.945584621714e-11
0.744000	-3.462603775400e-11
0.745000	-3.037713368299e-11
0.746000	-2.664056299348e-11
0.747000	-2.335568825301e-11
0.748000	-2.046890728872e-11
0.749000	-1.793285423724e-11
0.750000	-1.570568924781e-11
0.751000	-1.375046724713e-11
0.752000	-1.203457718327e-11
0.753000	-1.052924407294e-11
0.754000	-9.209086989173e-12
0.755000	-8.051726856996e-12
0.756000	-7.037438578765e-12
0.757000	-6.148842597758e-12
0.758000	-5.370631534276e-12
0.759000	-4.689327999350e-12
0.760000	-4.093070112626e-12
0.761000	-3.571421628192e-12
0.762000	-3.115203909451e-12
0.763000	-2.716347295773e-12
0.764000	-2.367759673184e-12
0.765000	-2.063210302148e-12
0.766000	-1.797227170477e-12
0.767000	-1.565006331284e-12
0.768000	-1.362331857093e-12
0.769000	-1.185505193853e-12
0.770000	-1.031282834695e-12
0.771000	-8.968213544944e-13
0.772000	-7.796289542902e-13
0.773000	-6.775227607192e-13
0.774000	-5.885912111860e-13
0.775000	-5.111609315512e-13
0.776000	-4.437675807801e-13
0.777000	-3.851301971135e-13
0.778000	-3.341286337268e-13
0.779000	-2.897837192772e-13
0.780000	-2.512398208307e-13
0.781000	-2.177495240145e-13
0.782000	-1.886601783662e-13
0.783000	-1.634020852169e-13
0.784000	-1.414781314689e-13
0.785000	-1.224546956814e-13
0.786000	-1.059536732836e-13
0.787000	-9.164548580334e-14
0.788000	-7.924295497478e-14
0.789000	-6.849593672544e-14
0.790000	-5.918662253211e-14
0.791000	-5.112542667490e-14
0.792000	-4.414738766760e-14
0.793000	-3.810902075024e-14
0.794000	-3.288556592609e-14
0.795000	-2.836858272651e-14
0.796000	-2.446384879635e-14
0.797000	-2.108952460125e-14
0.798000	-1.817455114734e-14
0.799000	-1.565725164601e-14
0.800000	-1.348411161481e-14
0.801000	-1.160871503701e-14
0.802000	-9.990816957200e-15
0.803000	-8.595535312689e-15
0.804000	-7.392646929369e-15
0.805000	-6.355974481647e-15
0.806000	-5.462852858886e-15
0.807000	-4.693664823224e-15
0.808000	-4.031437109467e-15
0.809000	-3.461489228075e-15
0.810000	-2.971128205991e-15
0.811000	-2.549383353438e-15
0.812000	-2.186775892624e-15
0.813000	-1.875118939164e-15
0.814000	-1.607343900420e-15
0.815000	-1.377349856725e-15
0.816000	-1.179872930402e-15
0.817000	-1.010373031344e-15
0.818000	-8.649357034128e-16
0.819000	-7.401870891031e-16
0.820000	-6.332202859607e-16
0.821000	-5.415315917951e-16
0.822000	-4.629653308463e-16
0.823000	-3.956661232673e-16
0.824000	-3.380376087227e-16
0.825000	-2.887067642916e-16
0.826000	-2.464930696209e-16
0.827000	-2.103818704774e-16
0.828000	-1.795013773658e-16
0.829000	-1.531028103043e-16
0.830000	-1.305432656023e-16
0.831000	-1.112709368035e-16
0.832000	-9.481237091555e-17
0.833000	-8.076148359196e-17
0.834000	-6.877009389572e-17
0.835000	-5.853977136403e-17
0.836000	-4.981481595474e-17
0.837000	-4.237621562618e-17
0.838000	-3.603644726832e-17
0.839000	-3.063500488151e-17
0.840000	-2.603455465334e-17
0.841000	-2.211763023392e-17
0.842000	-1.878379333000e-17
0.843000	-1.594719497209e-17
0.844000	-1.353448166365e-17
0.845000	-1.148299828203e-17
0.846000	-9.739246224755e-18
0.847000	-8.257561020158e-18
0.848000	-6.998978568945e-18
0.849000	-5.930263456023e-18
0.850000	-5.023076461469e-18
0.851000	-4.253261583642e-18
0.852000	-3.600235634573e-18
0.853000	-3.046465836982e-18
0.854000	-2.577022894710e-18
0.855000	-2.179198768527e-18
0.856000	-1.842179905486e-18
0.857000	-1.556767975725e-18
0.858000	-1.315141294518e-18
0.859000	-1.110651074483e-18
0.860000	-9.376474847426e-19
0.861000	-7.913312090618e-19
0.862000	-6.676268097658e-19
0.863000	-5.630747324462e-19
0.864000	-4.747392401014e-19
0.865000	-4.001299548446e-19
0.866000	-3.371350195661e-19
0.867000	-2.839641786981e-19
0.868000	-2.391003231507e-19
0.869000	-2.012582553063e-19
0.870000	-1.693496106171e-19
0.871000	-1.424530271102e-19
0.872000	-1.197887866205e-19
0.873000	-1.006972650101e-19
0.874000	-8.462062569236e-20
0.875000	-7.108727380513e-20
0.876000	-5.969865936292e-20
0.877000	-5.011807839350e-20
0.878000	-4.206117290499e-20
0.879000	-3.528787480586e-20
0.880000	-2.959557670222e-20
0.881000	-2.481334475949e-20
0.882000	-2.079701633972e-20
0.883000	-1.742504859968e-20
0.884000	-1.459500424656e-20
0.885000	-1.222057770167e-20
0.886000	-1.022907945112e-20
0.887000	-8.559308733723e-21
0.888000	-7.159755248218e-21
0.889000	-5.987079523501e-21
0.890000	-5.004829219097e-21
0.891000	-4.182355105170e-21
0.892000	-3.493895981489e-21
0.893000	-2.917806476630e-21
0.894000	-2.435905645480e-21
0.895000	-2.032927659689e-21
0.896000	-1.696058751710e-21
0.897000	-1.414547004707e-21
0.898000	-1.179373643071e-21
0.899000	-9.829762268897e-22
0.900000	-8.190156357136e-22
0.901000	-6.821799826144e-22
0.902000	-5.680196628813e-22
0.903000	-4.728086420126e-22
0.904000	-3.934278495643e-22
0.905000	-3.272671899954e-22
0.906000	-2.721432267596e-22
0.907000	-2.262300567255e-22
0.908000	-1.880012814368e-22
0.909000	-1.561813107125e-22
0.910000	-1.297045118993e-22
0.911000	-1.076809526094e-22
0.912000	-8.936768267715e-23
0.913000	-7.414466800887e-23
0.914000	-6.149462976817e-23
0.915000	-5.098616100262e-23
0.916000	-4.225959280469e-23
0.917000	-3.501516632386e-23
0.918000	-2.900313786509e-23
0.919000	-2.401550400321e-23
0.920000	-1.987908387055e-23
0.921000	-1.644973802303e-23
0.922000	-1.360753881266e-23
0.923000	-1.125273705181e-23
0.924000	-9.302394841168e-24
0.925000	-7.687575504277e-24
0.926000	-6.350999262074e-24
0.927000	-5.245088129819e-24
0.928000	-4.330335976323e-24
0.929000	-3.573950134150e-24
0.930000	-2.948719709589e-24
0.931000	-2.432073083233e-24
0.932000	-2.005293243179e-24
0.933000	-1.652864744551e-24
0.934000	-1.361930402147e-24
0.935000	-1.121839432610e-24
0.936000	-9.237717824503e-25
0.937000	-7.604259038205e-25
0.938000	-6.257593513352e-25
0.939000	-5.147733378405e-25
0.940000	-4.233338611534e-25
0.941000	-3.480232449089e-25
0.942000	-2.860169644075e-25
0.943000	-2.349814860505e-25
0.944000	-1.929895644693e-25
0.945000	-1.584500381538e-25
0.946000	-1.300496618148e-25
0.947000	-1.067049282526e-25
0.948000	-8.752217782579e-26
0.949000	-7.176458119094e-26
0.950000	-5.882482037415e-26
0.951000	-4.820249244975e-26
0.952000	-3.948542582192e-26
0.953000	-3.233423691378e-26
0.954000	-2.646956962578e-26
0.955000	-2.166155512222e-26
0.956000	-1.772110858278e-26
0.957000	-1.449274522353e-26
0.958000	-1.184865240234e-26
0.959000	-9.683799857264e-27
0.960000	-7.911907649078e-27
0.961000	-6.462122493348e-27
0.962000	-5.276278959684e-27
0.963000	-4.306643388057e-27
0.964000	-3.514056075970e-27
0.965000	-2.866401950084e-27
0.966000	-2.337352070923e-27
0.967000	-1.905328360643e-27
0.968000	-1.552652250029e-27
0.969000	-1.264844809146e-27
0.970000	-1.030051603467e-27
0.971000	-8.385702085876e-28
0.972000	-6.824621917807e-28
0.973000	-5.552345684469e-28
0.974000	-4.515783828349e-28
0.975000	-3.671542418478e-28
0.976000	-2.984164285372e-28
0.977000	-2.424687042840e-28
0.978000	-1.969461305941e-28
0.979000	-1.599182483029e-28
0.980000	-1.298097813504e-28
0.981000	-1.053357152123e-28
0.982000	-8.544816220683e-29
0.983000	-6.929288844966e-29
0.984000	-5.617375770757e-29
0.985000	-4.552366025665e-29
0.986000	-3.688075201374e-29
0.987000	-2.986904052035e-29
0.988000	-2.418252793117e-29
0.989000	-1.957226368392e-29
0.990000	-1.583577651768e-29
0.991000	-1.280845150278e-29
0.992000	-1.035649648846e-29
0.993000	-8.371206941713e-30
0.994000	-6.764291076311e-30
0.995000	-5.464060539064e-30
0.996000	-4.412327443756e-30
0.997000	-3.561877631481e-30
0.998000	-2.874413846357e-30
0.999000	-2.318881998783e-30
1.000000	-1.870109625489e-30
1.001000	-1.507698687276e-30
1.002000	-1.215125497786e-30
1.003000	-9.790092809920e-31
1.004000	-7.885179653495e-31
1.005000	-6.348856284741e-31
1.006000	-5.110207455493e-31
1.007000	-4.111882619297e-31
1.008000	-3.307516650293e-31
1.009000	-2.659638029609e-31
1.010000	-2.137972942807e-31
1.011000	-1.718070818804e-31
1.012000	-1.380190759496e-31
1.013000	-1.108399643496e-31
1.014000	-8.898419136681e-32
1.015000	-7.141485660049e-32
1.016000	-5.729589647244e-32
1.017000	-4.595340748488e-32
1.018000	-3.684437406892e-32
1.019000	-2.953139193440e-32
1.020000	-2.366224433394e-32
1.021000	-1.895340507001e-32
1.022000	-1.517671775445e-32
1.023000	-1.214864339555e-32
1.024000	-9.721584038637e-33
1.025000	-7.776883972517e-33
1.026000	-6.219186042429e-33
1.027000	-4.971882222369e-33
1.028000	-3.973447511307e-33
1.029000	-3.174486637647e-33
1.030000	-2.535355777711e-33
1.031000	-2.024247974337e-33
1.032000	-1.615652363866e-33
1.033000	-1.289114644074e-33
1.034000	-1.028240221032e-33
1.035000	-8.198927914124e-34
1.036000	-6.535502606770e-34
1.037000	-5.207872821936e-34
1.038000	-4.148596640283e-34
1.039000	-3.303707015362e-34
1.040000	-2.630033754883e-34
1.041000	-2.093054859607e-34
1.042000	-1.665173160364e-34
1.043000	-1.324334534111e-34
1.044000	-1.052920367307e-34
1.045000	-8.368601329718e-35
1.046000	-6.649205736424e-35
1.047000	-5.281365344390e-35
1.048000	-4.193553709812e-35
1.049000	-3.328723907631e-35
1.050000	-2.641392358336e-35
1.051000	-2.095306906072e-35
1.052000	-1.661582717513e-35
1.053000	-1.317212647334e-35
1.054000	-1.043877244046e-35
1.055000	-8.269944411485e-36
1.056000	-6.549609103863e-36
1.057000	-5.185466242420e-36
1.058000	-4.104118483306e-36
1.059000	-3.247219349332e-36
1.060000	-2.568402171102e-36
1.061000	-2.030832502425e-36
1.062000	-1.605258085783e-36
1.063000	-1.268455743325e-36
1.064000	-1.001994812742e-36
1.065000	-7.912529402786e-37
1.066000	-6.246329913210e-37
1.067000	-4.929401890053e-37
1.068000	-3.888868617781e-37
1.069000	-3.066987872590e-37
1.070000	-2.418023952001e-37
1.071000	-1.905763034825e-37
1.072000	-1.501540215287e-37
1.073000	-1.182673361710e-37
1.074000	-9.312203268890e-38
1.075000	-7.329930781740e-38
1.076000	-5.767758951530e-38
1.077000	-4.537056009241e-38
1.078000	-3.567804080175e-38
1.079000	-2.804708183700e-38
1.080000	-2.204114747253e-38
1.081000	-1.731572029003e-38
1.082000	-1.359899374879e-38
1.083000	-1.067659688292e-38
1.084000	-8.379513083415e-39
1.085000	-6.574528255875e-39
1.086000	-5.156681303996e-39
1.087000	-4.043299180900e-39
1.088000	-3.169285490060e-39
1.089000	-2.483400435979e-39
1.090000	-1.945324505755e-39
1.091000	-1.523341537167e-39
1.092000	-1.192511127374e-39
1.093000	-9.332275114044e-40
1.094000	-7.300835634115e-40
1.095000	-5.709756156909e-40
1.096000	-4.463982792739e-40
1.097000	-3.488891228206e-40
1.098000	-2.725915084548e-40
1.099000	-2.129105582448e-40
1.100000	-1.662425012220e-40
1.101000	-1.297618199070e-40
1.102000	-1.012539084612e-40
1.103000	-7.898355496007e-41
1.104000	-6.159161293448e-41
1.105000	-4.801384706461e-41
1.106000	-3.741721561860e-41
1.107000	-2.914985977716e-41
1.108000	-2.270186423884e-41
1.109000	-1.767447939631e-41
1.110000	-1.375598843358e-41
1.111000	-1.070279097831e-41
1.112000	-8.324580614348e-42
1.113000	-6.472734112138e-42
1.114000	-5.031219478662e-42
1.115000	-3.909478756665e-42
1.116000	-3.036858507360e-42
1.117000	-2.358252865479e-42
1.118000	-1.830696298773e-42
1.119000	-1.420699942312e-42
1.120000	-1.102169923679e-42
1.121000	-8.547810568238e-43
1.122000	-6.627067125876e-43
1.123000	-5.136271879849e-43
1.124000	-3.979557644804e-43
1.125000	-3.082348666101e-43
1.126000	-2.386650913509e-43
1.127000	-1.847379925048e-43
1.128000	-1.429498574973e-43
1.129000	-1.105786868047e-43
1.130000	-8.551047731013e-44
1.131000	-6.610395452161e-44
1.132000	-5.108527854118e-44
1.133000	-3.946610903713e-44
1.134000	-3.047986819681e-44
1.135000	-2.353217622132e-44
1.136000	-1.816232069371e-44
1.137000	-1.401331339220e-44
1.138000	-1.080862832181e-44
1.139000	-8.334136152584e-45
1.140000	-6.424078890271e-45
1.141000	-4.950184805288e-45
1.142000	-3.813223307675e-45
1.143000	-2.936455003794e-45
1.144000	-2.260553311042e-45
1.145000	-1.739668318871e-45
1.146000	-1.338376985094e-45
1.147000	-1.029320863077e-45
1.148000	-7.913769702228e-46
1.149000	-6.082419402320e-46
1.150000	-4.673364410264e-46
1.151000	-3.589576935862e-46
1.152000	-2.756241239584e-46
1.153000	-2.115687568369e-46
1.154000	-1.623477205604e-46
1.155000	-1.245378075624e-46
1.156000	-9.550290935459e-47
1.157000	-7.321370069286e-47
1.158000	-5.610847881007e-47
1.159000	-4.298579991664e-47
1.160000	-3.292167480150e-47
1.161000	-2.520572674341e-47
1.162000	-1.929198555161e-47
1.163000	-1.476097481683e-47
1.164000	-1.129051009812e-47
1.165000	-8.633214002858e-48
1.166000	-6.599208864651e-48
1.167000	-5.042799160042e-48
1.168000	-3.852227309708e-48
1.169000	-2.941796192798e-48
1.170000	-2.245813587029e-48
1.171000	-1.713938686403e-48
1.172000	-1.307607242219e-48
1.173000	-9.972862184407e-49
1.174000	-7.603661734606e-49
1.175000	-5.795437605872e-49
1.176000	-4.415807802320e-49
1.177000	-3.363524361385e-49
1.178000	-2.561176363927e-49
1.179000	-1.949597194092e-49
1.180000	-1.483579421736e-49
1.181000	-1.128592655140e-49
1.182000	-8.582704360529e-50
1.183000	-6.524866146000e-50
1.184000	-4.958834180890e-50
1.185000	-3.767455197992e-50
1.186000	-2.861390581120e-50
1.187000	-2.172534750466e-50
1.188000	-1.648985617354e-50
1.189000	-1.251202363419e-50
1.190000	-9.490712165600e-51
1.191000	-7.196653809773e-51
1.192000	-5.455354656765e-51
1.193000	-4.134052059433e-51
1.194000	-3.131767205086e-51
1.195000	-2.371720934076e-51
1.196000	-1.795553258059e-51
1.197000	-1.358919060962e-51
1.198000	-1.028133450507e-51
1.199000	-7.776174417250e-52
1.200000	-5.879536721585e-52
1.201000	-4.444069441841e-52
1.202000	-3.357988358616e-52
1.203000	-2.536519243047e-52
1.204000	-1.915392432083e-52
1.205000	-1.445899170264e-52
1.206000	-1.091136014471e-52
1.207000	-8.231527211192e-53
1.208000	-6.207869754428e-53
1.209000	-4.680210973519e-53
1.210000	-3.527353010612e-53
1.211000	-2.657621236086e-53
1.212000	-2.001695054354e-53
1.213000	-1.507174099783e-53
1.214000	-1.134461100164e-53
1.215000	-8.536433875586e-54
1.216000	-6.421315997669e-54
1.217000	-4.828723070807e-54
1.218000	-3.629955121198e-54
1.219000	-2.727915520982e-54
1.220000	-2.049374307830e-54
1.221000	-1.539119611582e-54
1.222000	-1.155537850462e-54
1.223000	-8.672747511408e-55
1.224000	-6.507137126020e-55
1.225000	-4.880720609285e-55
1.226000	-3.659642601445e-55
1.227000	-2.743178977387e-55
1.228000	-2.055560958207e-55
1.229000	-1.539810684725e-55
1.230000	-1.153094906679e-55
1.231000	-8.632240665992e-56
1.232000	-6.460152821377e-56
1.233000	-4.833066980637e-56
1.234000	-3.614628022293e-56
1.235000	-2.702496796056e-56
1.236000	-2.019889206111e-56
1.237000	-1.509213556674e-56
1.238000	-1.127287366689e-56
1.239000	-8.417427411246e-57
1.240000	-6.283258419763e-57
1.241000	-4.688687309525e-57
1.242000	-3.497666762064e-57
1.243000	-2.608353234012e-57
1.244000	-1.944532472069e-57
1.245000	-1.449188299953e-57
1.246000	-1.079680523086e-57
1.247000	-8.041305242431e-58
1.248000	-5.987129699178e-58
1.249000	-4.456271336516e-58
1.250000	-3.315777902744e-58
1.251000	-2.466380566718e-58
1.252000	-1.833984248942e-58
1.253000	-1.363301687102e-58
1.254000	-1.013092747246e-58
1.255000	-7.526053616643e-59
1.256000	-5.589156645154e-59
1.257000	-4.149407918123e-59
1.258000	-3.079547175934e-59
1.259000	-2.284801505160e-59
1.260000	-1.694614740198e-59
1.261000	-1.256476516803e-59
1.262000	-9.313194430675e-60
1.263000	-6.900870294565e-60
1.264000	-5.111754230271e-60
1.265000	-3.785270978217e-60
1.266000	-2.802108184874e-60
1.267000	-2.073641807013e-60
1.268000	-1.534064088682e-60
1.269000	-1.134525320309e-60
1.270000	-8.387756463152e-61
1.271000	-6.199238796830e-61
1.272000	-4.580278202616e-61
1.273000	-3.383033445655e-61
1.274000	-2.497938095671e-61
1.275000	-1.843817793022e-61
1.276000	-1.360552441681e-61
1.277000	-1.003629755240e-61
1.278000	-7.401039691668e-62
1.279000	-5.455981689006e-62
1.280000	-4.020814569118e-62
1.281000	-2.962212154567e-62
1.282000	-2.181620732580e-62
1.283000	-1.606213702445e-62
1.284000	-1.182193008171e-62
1.285000	-8.698301077147e-63
1.286000	-6.397959385500e-63
1.287000	-4.704457169269e-63
1.288000	-3.458108060089e-63
1.289000	-2.541140080438e-63
1.290000	-1.866722065272e-63
1.291000	-1.370855656304e-63
1.292000	-1.006386522244e-63
1.293000	-7.385823341044e-64
1.294000	-5.418686722210e-64
1.295000	-3.974204387692e-64
1.296000	-2.913851300220e-64
1.297000	-2.135726354097e-64
1.298000	-1.564893790257e-64
1.299000	-1.146265365083e-64
1.300000	-8.393566187871e-65
1.301000	-6.144250571672e-65
1.302000	-4.496269882418e-65
1.303000	-3.289249983865e-65
1.304000	-2.405483886659e-65
1.305000	-1.758608174245e-65
1.306000	-1.285277163147e-65
1.307000	-9.390431876134e-66
1.308000	-6.858599084151e-66
1.309000	-5.007792747612e-66
1.310000	-3.655260717580e-66
1.311000	-2.667174667519e-66
1.312000	-1.945564556172e-66
1.313000	-1.418733838217e-66
1.314000	-1.034230414849e-66
1.315000	-7.536935245567e-67
1.316000	-5.490771444465e-67
1.317000	-3.998831054860e-67
1.318000	-2.911346230622e-67
1.319000	-2.118925911253e-67
1.320000	-1.541696209251e-67
1.321000	-1.121354573359e-67
1.322000	-8.153578136572e-68
1.323000	-5.926723198626e-68
1.324000	-4.306675830743e-68
1.325000	-3.128461802336e-68
1.326000	-2.271855311522e-68
1.327000	-1.649269481772e-68
1.328000	-1.196916136497e-68
1.329000	-8.683543214246e-69
1.330000	-6.297836328839e-69
1.331000	-4.566115839115e-69
1.332000	-3.309509552749e-69
1.333000	-2.397957684260e-69
1.334000	-1.736922961560e-69
1.335000	-1.257710731473e-69
1.336000	-9.104207526690e-70
1.337000	-6.588168621301e-70
1.338000	-4.765938592694e-70
1.339000	-3.446619655075e-70
1.340000	-2.491721293294e-70
1.341000	-1.800805279161e-70
1.342000	-1.301053749021e-70
1.343000	-9.396906740322e-71
1.344000	-6.784780361389e-71
1.345000	-4.897200339628e-71
1.346000	-3.533630650826e-71
1.347000	-2.548916705005e-71
1.348000	-1.838024706391e-71
1.349000	-1.324976758067e-71
1.350000	-9.548307414835e-72
1.351000	-6.878690136920e-72
1.352000	-4.953889593528e-72
1.353000	-3.566548442275e-72
1.354000	-2.566913068183e-72
1.355000	-1.846866177378e-72
1.356000	-1.328375726375e-72
1.357000	-9.551414085098e-73
1.358000	-6.865555124372e-73
1.359000	-4.933383636473e-73
1.360000	-3.543850300087e-73
1.361000	-2.544878770593e-73
1.362000	-1.826922331238e-73
1.363000	-1.311095502907e-73
1.364000	-9.406105206284e-74
1.365000	-6.746004089121e-74
1.366000	-4.836649710271e-74
1.367000	-3.466601656303e-74
1.368000	-2.483845155599e-74
1.369000	-1.779124630343e-74
1.370000	-1.273941557513e-74
1.371000	-9.119140771572e-75
1.372000	-6.525587535396e-75
1.373000	-4.668169399891e-75
1.374000	-3.338373205999e-75
1.375000	-2.386626499528e-75
1.376000	-1.705671243453e-75
1.377000	-1.218617741023e-75
1.378000	-8.703640971221e-76
1.379000	-6.214350504876e-76
1.380000	-4.435594439392e-76
1.381000	-3.164967298946e-76
1.382000	-2.257604895785e-76
1.383000	-1.609859468951e-76
1.384000	-1.147596763011e-76
1.385000	-8.178091882574e-77
1.386000	-5.826073810890e-77
1.387000	-4.149170751733e-77
1.388000	-2.953982816237e-77
1.389000	-2.102402942475e-77
1.390000	-1.495840487195e-77
1.391000	-1.063937096979e-77
1.392000	-7.564983111215e-78
1.393000	-5.377263507260e-78
1.394000	-3.820991079924e-78
1.395000	-2.714263956619e-78
1.396000	-1.927478264304e-78
1.397000	-1.368321829983e-78
1.398000	-9.710651795486e-79
1.399000	-6.889217077121e-79
1.400000	-4.885991671735e-79
1.401000	-3.464152025899e-79
1.402000	-2.455288524278e-79
1.403000	-1.739680510560e-79
1.404000	-1.232247194787e-79
1.405000	-8.725444425519e-80
1.406000	-6.176446110988e-80
1.407000	-4.370701432935e-80
1.408000	-3.091896950100e-80
1.409000	-2.186554319021e-80
1.410000	-1.545812883211e-80
1.411000	-1.092483707625e-80
1.412000	-7.718526735562e-81
1.413000	-5.451490462529e-81
1.414000	-3.849085011059e-81
1.415000	-2.716821808427e-81
1.416000	-1.917018104086e-81
1.417000	-1.352236593541e-81
1.418000	-9.535436264386e-82
1.419000	-6.721866247731e-82
1.420000	-4.736969450253e-82
1.421000	-3.337126902494e-82
1.422000	-2.350207911032e-82
1.423000	-1.654631437841e-82
1.424000	-1.164548788977e-82
1.425000	-8.193614664950e-83
1.426000	-5.763082242664e-83
1.427000	-4.052243507259e-83
1.428000	-2.848378452614e-83
1.429000	-2.001526248207e-83
1.430000	-1.406003273726e-83
1.431000	-9.873538418851e-84
1.432000	-6.931396741788e-84
1.433000	-4.864409711233e-84
1.434000	-3.412722610075e-84
1.435000	-2.393499213998e-84
1.436000	-1.678135588316e-84
1.437000	-1.176202958514e-84
1.438000	-8.241361248199e-85
1.439000	-5.772674918583e-85
1.440000	-4.042189972979e-85
1.441000	-2.829552854744e-85
1.442000	-1.980069229607e-85
1.443000	-1.385174267914e-85
1.444000	-9.687014149207e-86
1.445000	-6.772311629712e-86
1.446000	-4.733097136901e-86
1.447000	-3.306856786779e-86
1.448000	-2.309653573152e-86
1.449000	-1.612648782264e-86
1.450000	-1.125626307062e-86
1.451000	-7.854348577631e-87
1.452000	-5.478827239372e-87
1.453000	-3.820555750581e-87
1.454000	-2.663342253418e-87
1.455000	-1.856046796371e-87
1.456000	-1.293041226639e-87
1.457000	-9.005282298356e-88
1.458000	-6.269657308024e-88
1.459000	-4.363668892148e-88
1.460000	-3.036136497493e-88
1.461000	-2.111797709153e-88
1.462000	-1.468401629246e-88
1.463000	-1.020701903392e-88
1.464000	-7.092747797312e-89
1.465000	-4.927102972221e-89
1.466000	-3.421608298243e-89
1.467000	-2.375365667915e-89
1.468000	-1.648512311587e-89
1.469000	-1.143708772185e-89
1.470000	-7.932320422820e-90
1.471000	-5.499796089590e-90
1.472000	-3.812013859665e-90
1.473000	-2.641337519959e-90
1.474000	-1.829594637918e-90
1.475000	-1.266914795499e-90
1.476000	-8.770038309301e-91
1.477000	-6.068999871767e-91
1.478000	-4.198501607704e-91
1.479000	-2.903575205671e-91
1.480000	-2.007397581885e-91
1.481000	-1.387379517124e-91
1.482000	-9.585587295607e-92
1.483000	-6.620697472135e-92
1.484000	-4.571411656642e-92
1.485000	-3.155429578454e-92
1.486000	-2.177349912827e-92
1.487000	-1.501964063792e-92
1.488000	-1.035744020826e-92
1.489000	-7.140142998846e-93
1.490000	-4.920655586789e-93
1.491000	-3.390007141505e-93
1.492000	-2.334747107463e-93
1.493000	-1.607461830341e-93
1.494000	-1.106376862778e-93
1.495000	-7.612496312222e-94
1.496000	-5.236157510743e-94
1.497000	-3.600475898083e-94
1.498000	-2.474963023205e-94
1.499000	-1.700744693539e-94
1.500000	-1.168345094756e-94
1.501000	-8.023516715118e-95
1.502000	-5.508330539939e-95
1.503000	-3.780392005706e-95
1.504000	-2.593673426563e-95
1.505000	-1.778915685318e-95
1.506000	-1.219711318813e-95
1.507000	-8.360271152453e-96
1.508000	-5.728557733794e-96
1.509000	-3.924025755453e-96
1.510000	-2.687076494550e-96
1.511000	-1.839457840734e-96
1.512000	-1.258813167343e-96
1.513000	-8.611808175550e-97
1.514000	-5.889644100295e-97
1.515000	-4.026664005123e-97
1.516000	-2.752094681424e-97
1.517000	-1.880368596691e-97
1.518000	-1.284352543744e-97
1.519000	-8.769748824517e-98
1.520000	-5.986206657017e-98
1.521000	-4.084866844646e-98
1.522000	-2.786543024923e-98
1.523000	-1.900269744999e-98
1.524000	-1.295467161293e-98
1.525000	-8.828749999813e-99
1.526000	-6.014973078049e-99
1.527000	-4.096659008752e-99
1.528000	-2.789251059087e-99
1.529000	-1.898484521949e-99
1.530000	-1.291778882498e-99
1.531000	-8.786804587396e-100
1.532000	-5.974965819692e-100
1.533000	-4.061641182246e-100
1.534000	-2.760128846554e-100
1.535000	-1.875075820400e-100
1.536000	-1.273415079391e-100
1.537000	-8.645354824663e-101
1.538000	-5.867557275007e-101
1.539000	-3.981012450100e-101
1.540000	-2.700171934641e-101
1.541000	-1.830842515178e-101
1.542000	-1.241001331870e-101
1.543000	-8.409209976678e-102
1.544000	-5.696391617073e-102
1.545000	-3.857502132069e-102
1.546000	-2.611404854547e-102
1.547000	-1.767274200890e-102
1.548000	-1.195626047762e-102
1.549000	-8.086274875616e-103
1.550000	-5.467179538023e-103
1.551000	-3.695216405846e-103
1.552000	-2.496767635537e-103
1.553000	-1.686467918450e-103
1.554000	-1.138779795007e-103
1.555000	-7.687110691699e-104
1.556000	-5.187382006801e-104
1.557000	-3.499411738308e-104
1.558000	-2.359954205118e-104
1.559000	-1.591013361835e-104
1.560000	-1.072274061299e-104
1.561000	-7.224361965120e-105
1.562000	-4.865807462542e-105
1.563000	-3.276212553734e-105
1.564000	-2.205215057366e-105
1.565000	-1.483855323854e-105
1.566000	-9.981456120858e-106
1.567000	-6.712093213570e-106
1.568000	-4.512152740512e-106
1.569000	-3.032294260542e-106
1.570000	-2.037138868098e-106
1.571000	-1.368143551433e-106
1.572000	-9.185534735147e-107
1.573000	-6.165083525087e-107
1.574000	-4.136520992249e-107
1.575000	-2.774554429772e-107
1.576000	-1.860428635971e-107
1.577000	-1.247080631512e-107
1.578000	-8.356757630101e-108
1.579000	-5.598128129823e-108
1.580000	-3.748949750510e-108
1.581000	-2.509794499832e-108
1.582000	-1.679687412718e-108
1.583000	-1.123778022684e-108
1.584000	-7.516131422971e-109
1.585000	-5.025392206239e-109
1.586000	-3.358979287550e-109
1.587000	-2.244432035797e-109
1.588000	-1.499226889234e-109
1.589000	-1.001128993910e-109
1.590000	-6.683046606229e-110
1.591000	-4.459854765752e-110
1.592000	-2.975286009937e-110
1.593000	-1.984259660171e-110
1.594000	-1.322909293154e-110
1.595000	-8.817052237083e-111
1.596000	-5.874603294229e-111
1.597000	-3.912870375954e-111
1.598000	-2.605398537326e-111
1.599000	-1.734261799898e-111
1.600000	-1.154029583290e-111
1.601000	-7.676813999965e-112
1.602000	-5.105130974951e-112
1.603000	-3.393864933768e-112
1.604000	-2.255506162059e-112
1.605000	-1.498494937775e-112
1.606000	-9.952411924253e-113
1.607000	-6.607896132272e-113
1.608000	-4.385911624718e-113
1.609000	-2.910169940493e-113
1.610000	-1.930361430274e-113
1.611000	-1.280031688317e-113
1.612000	-8.485249579383e-114
1.613000	-5.623029117552e-114
1.614000	-3.725099326190e-114
1.615000	-2.466988909489e-114
1.616000	-1.633271385578e-114
1.617000	-1.080964242000e-114
1.618000	-7.151977210755e-115
1.619000	-4.730453059065e-115
1.620000	-3.127815845261e-115
1.621000	-2.067480575445e-115
1.622000	-1.366166168578e-115
1.623000	-9.024589207843e-116
1.624000	-5.959546149968e-116
1.625000	-3.934239213508e-116
1.626000	-2.596391450881e-116
1.627000	-1.712937084556e-116
1.628000	-1.129729549342e-116
1.629000	-7.448509939903e-117
1.630000	-4.909374395370e-117
1.631000	-3.234779965113e-117
1.632000	-2.130714087613e-117
1.633000	-1.403031600793e-117
1.634000	-9.235737328623e-118
1.635000	-6.077675920943e-118
1.636000	-3.998207704478e-118
1.637000	-2.629390041503e-118
1.638000	-1.728647833500e-118
1.639000	-1.136108713086e-118
1.640000	-7.464403507825e-119
1.641000	-4.902664571865e-119
1.642000	-3.219075108486e-119
1.643000	-2.112963022082e-119
1.644000	-1.386482980760e-119
1.645000	-9.094923489407e-120
1.646000	-5.964106901830e-120
1.647000	-3.909791987810e-120
1.648000	-2.562263267431e-120
1.649000	-1.678632841517e-120
1.650000	-1.099384345857e-120
1.651000	-7.197890765144e-121
1.652000	-4.711105451209e-121
1.653000	-3.082494226127e-121
1.654000	-2.016246340509e-121
1.655000	-1.318398766257e-121
1.656000	-8.618106578132e-122
1.657000	-5.631690918071e-122
1.658000	-3.678981824620e-122
1.659000	-2.402582747503e-122
1.660000	-1.568523206953e-122
1.661000	-1.023682849190e-122
1.662000	-6.678851558846e-123
1.663000	-4.356122076569e-123
1.664000	-2.840273626242e-123
1.665000	-1.851323056746e-123
1.666000	-1.206330004345e-123
1.667000	-7.857998514692e-124
1.668000	-5.117049860866e-124
1.669000	-3.331112119278e-124
1.670000	-2.167807672076e-124
1.671000	-1.410308571775e-124
1.672000	-9.172113951105e-125
1.673000	-5.963299729946e-125
1.674000	-3.875839084152e-125
1.675000	-2.518295797775e-125
1.676000	-1.635722579642e-125
1.677000	-1.062122143238e-125
1.678000	-6.894474749136e-126
1.679000	-4.473936510021e-126
1.680000	-2.902287013696e-126
1.681000	-1.882143847398e-126
1.682000	-1.220189207613e-126
1.683000	-7.907941739496e-127
1.684000	-5.123440048120e-127
1.685000	-3.318346811477e-127
1.686000	-2.148541799560e-127
1.687000	-1.390681767444e-127
1.688000	-8.998572827542e-128
1.689000	-5.820783328938e-128
1.690000	-3.764013351502e-128
1.691000	-2.433227982965e-128
1.692000	-1.572448302974e-128
1.693000	-1.015855363622e-128
1.694000	-6.560686855052e-129
1.695000	-4.235733921892e-129
1.696000	-2.733820305167e-129
1.697000	-1.763896879934e-129
1.698000	-1.137727757471e-129
1.699000	-7.336103528538e-130
1.700000	-4.728838547407e-130
1.701000	-3.047231576999e-130
1.702000	-1.962991293845e-130
1.703000	-1.264134336957e-130
1.704000	-8.138231225277e-131
1.705000	-5.237557039751e-131
1.706000	-3.369686138838e-131
1.707000	-2.167265329800e-131
1.708000	-1.393466919801e-131
1.709000	-8.956600261611e-132
1.710000	-5.755084049021e-132
1.711000	-3.696767187975e-132
1.712000	-2.373856617356e-132
1.713000	-1.523873162609e-132
1.714000	-9.779240184466e-133
1.715000	-6.273694424668e-133
1.716000	-4.023495945517e-133
1.717000	-2.579560591923e-133
1.718000	-1.653293123660e-133
1.719000	-1.059292620654e-133
1.720000	-6.784908529590e-134
1.721000	-4.344442078353e-134
1.722000	-2.780903963362e-134
1.723000	-1.779507969163e-134
1.724000	-1.138350103137e-134
1.725000	-7.279704225115e-135
1.726000	-4.653862926511e-135
1.727000	-2.974235906671e-135
1.728000	-1.900199545696e-135
1.729000	-1.213626305997e-135
1.730000	-7.748769248181e-136
1.731000	-4.945867202573e-136
1.732000	-3.155834009103e-136
1.733000	-2.013018803832e-136
1.734000	-1.283640737596e-136
1.735000	-8.182784849453e-137
1.736000	-5.214597065066e-137
1.737000	-3.322020920158e-137
1.738000	-2.115660390025e-137
1.739000	-1.346950182170e-137
1.740000	-8.572729074755e-138
1.741000	-5.454420961467e-138
1.742000	-3.469286743357e-138
1.743000	-2.205940180180e-138
1.744000	-1.402197724314e-138
1.745000	-8.910186162000e-139
1.746000	-5.660128518380e-139
1.747000	-3.594411560850e-139
1.748000	-2.281872157604e-139
1.749000	-1.448160889171e-139
1.750000	-9.187647370635e-140
1.751000	-5.827118133711e-140
1.752000	-3.694582157965e-140
1.753000	-2.341740878165e-140
1.754000	-1.483796524965e-140
1.755000	-9.398788289220e-141
1.756000	-5.951567872389e-141
1.757000	-3.767497056314e-141
1.758000	-2.384165839518e-141
1.759000	-1.508280131517e-141
1.760000	-9.538708344381e-142
1.761000	-6.030580815300e-142
1.762000	-3.811454385741e-142
1.763000	-2.408154384697e-142
1.764000	-1.521037565800e-142
1.765000	-9.604119852720e-143
1.766000	-6.062297146225e-143
1.767000	-3.825417911861e-143
1.768000	-2.413140309845e-143
1.769000	-1.521767422345e-143
1.770000	-9.593476433224e-144
1.771000	-6.045966921546e-144
1.772000	-3.809057642413e-144
1.773000	-2.399006079433e-144
1.774000	-1.510452870378e-144
1.775000	-9.507033776679e-145
1.776000	-5.981979546942e-145
1.777000	-3.762762790538e-145
1.778000	-2.366087431880e-145
1.779000	-1.487362298549e-145
1.780000	-9.346839437544e-146
1.781000	-5.871848343338e-146
1.782000	-3.687626383930e-146
1.783000	-2.315160123581e-146
1.784000	-1.453038732791e-146
1.785000	-9.116652217185e-147
1.786000	-5.718151056177e-147
1.787000	-3.585402369602e-147
1.788000	-2.247409542136e-147
1.789000	-1.408278609879e-147
1.790000	-8.821795570287e-148
1.791000	-5.524429573386e-148
1.792000	-3.458437564723e-148
1.793000	-2.164384850651e-148
1.794000	-1.354101065166e-148
1.795000	-8.468953016663e-149
1.796000	-5.295054298818e-149
1.797000	-3.309582139455e-149
1.798000	-2.067940139559e-149
1.799000	-1.291709387789e-149
1.800000	-8.065916533864e-150
1.801000	-5.035060430069e-150
1.802000	-3.142083397295e-150
1.803000	-1.960165705516e-150
1.804000	-1.222446677399e-150
1.805000	-7.621301144334e-151
1.806000	-4.749964695046e-151
1.807000	-2.959468372799e-151
1.808000	-1.843313008074e-151
1.809000	-1.147747979631e-151
1.810000	-7.144240260173e-152
1.811000	-4.445571834701e-152
1.812000	-2.765421153624e-152
1.813000	-1.719717051192e-152
1.814000	-1.069091271121e-152
1.815000	-6.644076747561e-153
1.816000	-4.127780250652e-153
1.817000	-2.563660841241e-153
1.818000	-1.591719894100e-153
1.819000	-9.879496086012e-154
1.820000	-6.130064135396e-154
1.821000	-3.802395784263e-154
1.822000	-2.357825709594e-154
1.823000	-1.461598729106e-154
1.824000	-9.057465619506e-155
1.825000	-5.611091003809e-155
1.826000	-3.474961619877e-155
1.827000	-2.151368447457e-155
1.828000	-1.331501503417e-155
1.829000	-8.238167391149e-156
1.830000	-5.095439492908e-156
1.831000	-3.150610907375e-156
1.832000	-1.947466444013e-156
1.833000	-1.203392451589e-156
1.834000	-7.433728106005e-157
1.835000	-4.590586260087e-157
1.836000	-2.833947001940e-157
1.837000	-1.748949978719e-157
1.838000	-1.079009197011e-157
1.839000	-6.654799862271e-158
1.840000	-4.103051300832e-158
1.841000	-2.528954359568e-158
1.842000	-1.558249993508e-158
1.843000	-9.598323304124e-159
1.844000	-5.910384222165e-159
1.845000	-3.638297054886e-159
1.846000	-2.238941244477e-159
1.847000	-1.377365944908e-159
1.848000	-8.470676350846e-160
1.849000	-5.207735762182e-160
1.850000	-3.200677355444e-160
1.851000	-1.966513628135e-160
1.852000	-1.207853134839e-160
1.853000	-7.416404508377e-161
1.854000	-4.552341111389e-161
1.855000	-2.793433224137e-161
1.856000	-1.713578097961e-161
1.857000	-1.050827967510e-161
1.858000	-6.442010910521e-162
1.859000	-3.947965991525e-162
1.860000	-2.418730407945e-162
1.861000	-1.481370329180e-162
1.862000	-9.069888238896e-163
1.863000	-5.551397774693e-163
1.864000	-3.396760110707e-163
1.865000	-2.077731987538e-163
1.866000	-1.270504757012e-163
1.867000	-7.766497131966e-164
1.868000	-4.746092509401e-164
1.869000	-2.899408014754e-164
1.870000	-1.770698400853e-164
1.871000	-1.081040538229e-164
1.872000	-6.597835612581e-165
1.873000	-4.025530562829e-165
1.874000	-2.455313170696e-165
1.875000	-1.497106814712e-165
1.876000	-9.125587013940e-166
1.877000	-5.560719189473e-166
1.878000	-3.387374775808e-166
1.879000	-2.062802582491e-166
1.880000	-1.255781893223e-166
1.881000	-7.642455192891e-167
1.882000	-4.649579956715e-167
1.883000	-2.827851995839e-167
1.884000	-1.719340001661e-167
1.885000	-1.045030574820e-167
1.886000	-6.349775413609e-168
1.887000	-3.857002073230e-168
1.888000	-2.342089677543e-168
1.889000	-1.421737140741e-168
1.890000	-8.627743790053e-169
1.891000	-5.234043330641e-169
1.892000	-3.174238328595e-169
1.893000	-1.924437866792e-169
1.894000	-1.166354050420e-169
1.895000	-7.066739078811e-170
1.896000	-4.280257119062e-170
1.897000	-2.591688540121e-170
1.898000	-1.568765058347e-170
1.899000	-9.492818049360e-171
1.900000	-5.742414753222e-171
1.901000	-3.472610775238e-171
1.902000	-2.099325653348e-171
1.903000	-1.268719662423e-171
1.904000	-7.665026887226e-172
1.905000	-4.629390859584e-172
1.906000	-2.795092424026e-172
1.907000	-1.687060484555e-172
1.908000	-1.017951979162e-172
1.909000	-6.140250477650e-173
1.910000	-3.702602103211e-173
1.911000	-2.231979285654e-173
1.912000	-1.345040734446e-173
1.913000	-8.102944727994e-174
1.914000	-4.879917487212e-174
1.915000	-2.937948946459e-174
1.916000	-1.768227640768e-174
1.917000	-1.063883984092e-174
1.918000	-6.399006231032e-175
1.919000	-3.847626987114e-175
1.920000	-2.312786583021e-175
1.921000	-1.389761655445e-175
1.922000	-8.348477102156e-176
1.923000	-5.013446283727e-176
1.924000	-3.009730733589e-176
1.925000	-1.806263442036e-176
1.926000	-1.083669160010e-176
1.927000	-6.499418610907e-177
1.928000	-3.896857096381e-177
1.929000	-2.335697658725e-177
1.930000	-1.399525922896e-177
1.931000	-8.383154031021e-178
1.932000	-5.019912214273e-178
1.933000	-3.005017307724e-178
1.934000	-1.798291172463e-178
1.935000	-1.075809134220e-178
1.936000	-6.433875065522e-179
1.937000	-3.846557256662e-179
1.938000	-2.298973483038e-179
1.939000	-1.373592485323e-179
1.940000	-8.204347270141e-180
1.941000	-4.898829769833e-180
1.942000	-2.924171553300e-180
1.943000	-1.744920055215e-180
1.944000	-1.040903354371e-180
1.945000	-6.207367674535e-181
1.946000	-3.700553791933e-181
1.947000	-2.205404024850e-181
1.948000	-1.313928687332e-181
1.949000	-7.825599510160e-182
1.950000	-4.659353209883e-182
1.951000	-2.773293559033e-182
1.952000	-1.650168322098e-182
1.953000	-9.815735412747e-183
1.954000	-5.836864832538e-183
1.955000	-3.469753523261e-183
1.956000	-2.061957984612e-183
1.957000	-1.224963633687e-183
1.958000	-7.274929321295e-184
1.959000	-4.319132828749e-184
1.960000	-2.563459984592e-184
1.961000	-1.520963267533e-184
1.962000	-9.021382779331e-185
1.963000	-5.349210614407e-185
1.964000	-3.170797362201e-185
1.965000	-1.878925163626e-185
1.966000	-1.113044895065e-185
1.967000	-6.591406364494e-186
1.968000	-3.902165619676e-186
1.969000	-2.309380617680e-186
1.970000	-1.366304638302e-186
1.971000	-8.080938050779e-187
1.972000	-4.777912824705e-187
1.973000	-2.824079224127e-187
1.974000	-1.668697983045e-187
1.975000	-9.856910604730e-188
1.976000	-5.820577913806e-188
1.977000	-3.436003593916e-188
1.978000	-2.027698246958e-188
1.979000	-1.196231561331e-188
1.980000	-7.054876295777e-189
1.981000	-4.159352860629e-189
1.982000	-2.451457367193e-189
1.983000	-1.444392224950e-189
1.984000	-8.507621448004e-190
1.985000	-5.009488593425e-190
1.986000	-2.948769640415e-190
1.987000	-1.735203926093e-190
1.988000	-1.020757120493e-190
1.989000	-6.002836805351e-191
1.990000	-3.529009911190e-191
1.991000	-2.074012851013e-191
1.992000	-1.218518794935e-191
1.993000	-7.156740111510e-192
1.994000	-4.202042945868e-192
1.995000	-2.466425224019e-192
1.996000	-1.447230301567e-192
1.997000	-8.489254798314e-193
1.998000	-4.978101177706e-193
1.999000	-2.918233905672e-193
2.000000	-1.710167736763e-193
