0.000000	-0.000000
0.001000	-0.000000
0.002000	-0.000000
0.003000	-0.000000
0.004000	-0.000000
0.005000	-0.000000
0.006000	-0.000000
0.007000	-0.000000
0.008000	-0.000000
0.009000	-0.000000
0.010000	-0.000000
0.011000	-0.000000
0.012000	-0.000000
0.013000	-0.000000
0.014000	-0.000000
0.015000	-0.000000
0.016000	-0.000000
0.017000	-0.000000
0.018000	-0.000000
0.019000	-0.000000
0.020000	-0.000000
0.021000	-0.000000
0.022000	-0.000000
0.023000	-0.000000
0.024000	-0.000000
0.025000	-0.000000
0.026000	-0.000000
0.027000	-0.000000
0.028000	-0.000000
0.029000	-0.000000
0.030000	-0.000000
0.031000	-0.000000
0.032000	-0.000000
0.033000	-0.000000
0.034000	-0.000000
0.035000	-0.000000
0.036000	-0.000000
0.037000	-0.000000
0.038000	-0.000000
0.039000	-0.000000
0.040000	-0.000000
0.041000	-0.000000
0.042000	-0.000000
0.043000	-0.000000
0.044000	-0.000000
0.045000	-0.000000
0.046000	-0.000000
0.047000	-0.000000
0.048000	-0.000000
0.049000	-0.000000
0.050000	-0.000000
0.051000	-0.000000
0.052000	-0.000000
0.053000	-0.000000
0.054000	-0.000000
0.055000	-0.000000
0.056000	-0.000000
0.057000	-0.000000
0.058000	-0.000000
0.059000	-0.000000
0.060000	-0.000000
0.061000	-0.000000
0.062000	-0.000000
0.063000	-0.000000
0.064000	-0.000000
0.065000	-0.000000
0.066000	-0.000000
0.067000	-0.000000
0.068000	-0.000000
0.069000	-0.000000
0.070000	-0.000000
0.071000	-0.000000
0.072000	-0.000000
0.073000	-0.000000
0.074000	-0.000000
0.075000	-0.000000
0.076000	-0.000000
0.077000	-0.000000
0.078000	-0.000000
0.079000	-0.000000
0.080000	-0.000000
0.081000	-0.000000
0.082000	-0.000000
0.083000	-0.000000
0.084000	-0.000000
0.085000	-0.000000
0.086000	-0.000000
0.087000	-0.000000
0.088000	-0.000000
0.089000	-0.000000
0.090000	-0.000000
0.091000	-0.000000
0.092000	-0.000000
0.093000	-0.000000
0.094000	-0.000000
0.095000	-0.000000
0.096000	-0.000000
0.097000	-0.000000
0.098000	-0.000000
0.099000	-0.000000
0.100000	-0.000000
0.101000	-0.000000
0.102000	-0.000000
0.103000	-0.000000
0.104000	-0.000000
0.105000	-0.000000
0.106000	-0.000000
0.107000	-0.000000
0.108000	-0.000000
0.109000	-0.000000
0.110000	-0.000000
0.111000	-0.000000
0.112000	-0.000000
0.113000	-0.000000
0.114000	-0.000000
0.115000	-0.000000
0.116000	-0.000000
0.117000	-0.000000
0.118000	-0.000000
0.119000	-0.000000
0.120000	-0.000000
0.121000	-0.000000
0.122000	-0.000000
0.123000	-0.000000
0.124000	-0.000000
0.125000	-0.000000
0.126000	-0.000000
0.127000	-0.000000
0.128000	-0.000000
0.129000	-0.000000
0.130000	-0.000000
0.131000	-0.000000
0.132000	-0.000000
0.133000	-0.000000
0.134000	-0.000000
0.135000	-0.000000
0.136000	-0.000000
0.137000	-0.000000
0.138000	-0.000000
0.139000	-0.000000
0.140000	-0.000000
0.141000	-0.000000
0.142000	-0.000000
0.143000	-0.000000
0.144000	-0.000000
0.145000	-0.000000
0.146000	-0.000000
0.147000	-0.000000
0.148000	-0.000000
0.149000	-0.000000
0.150000	-0.000000
0.151000	-0.000000
0.152000	-0.000000
0.153000	-0.000000
0.154000	-0.000000
0.155000	-0.000000
0.156000	-0.000000
0.157000	-0.000000
0.158000	-0.000000
0.159000	-0.000000
0.160000	-0.000000
0.161000	-0.000000
0.162000	-0.000000
0.163000	-0.000000
0.164000	-0.000000
0.165000	-0.000000
0.166000	-0.000000
0.167000	-0.000000
0.168000	-0.000000
0.169000	-0.000000
0.170000	-0.000000
0.171000	-0.000000
0.172000	-0.000000
0.173000	-0.000000
0.174000	-0.000000
0.175000	-0.000000
0.176000	-0.000000
0.177000	-0.000000
0.178000	-0.000000
0.179000	-0.000000
0.180000	-0.000000
0.181000	-0.000000
0.182000	-0.000000
0.183000	-0.000000
0.184000	-0.000000
0.185000	-0.000000
0.186000	-0.000000
0.187000	-0.000000
0.188000	-0.000000
0.189000	-0.000000
0.190000	-0.000000
0.191000	-0.000000
0.192000	-0.000000
0.193000	-0.000000
0.194000	-0.000000
0.195000	-0.000000
0.196000	-0.000000
0.197000	-0.000000
0.198000	-0.000000
0.199000	-0.000000
0.200000	-0.000000
0.201000	-0.000000
0.202000	-0.000000
0.203000	-0.000000
0.204000	-0.000000
0.205000	-0.000000
0.206000	-0.000000
0.207000	-0.000000
0.208000	-0.000000
0.209000	-0.000000
0.210000	-0.000000
0.211000	-0.000000
0.212000	-0.000000
0.213000	-0.000000
0.214000	-0.000000
0.215000	-0.000000
0.216000	-0.000000
0.217000	-0.000000
0.218000	-0.000000
0.219000	-0.000000
0.220000	-0.000000
0.221000	-0.000000
0.222000	-0.000000
0.223000	-0.000000
0.224000	-0.000000
0.225000	-0.000000
0.226000	-0.000000
0.227000	-0.000000
0.228000	-0.000000
0.229000	-0.000000
0.230000	-0.000000
0.231000	-0.000000
0.232000	-0.000000
0.233000	-0.000000
0.234000	-0.000000
0.235000	-0.000000
0.236000	-0.000000
0.237000	-0.000000
0.238000	-0.000000
0.239000	-0.000000
0.240000	-0.000000
0.241000	-0.000000
0.242000	-0.000000
0.243000	-0.000000
0.244000	-0.000000
0.245000	-0.000000
0.246000	-0.000000
0.247000	-0.000000
0.248000	-0.000000
0.249000	-0.000000
0.250000	-0.000000
0.251000	-0.000000
0.252000	-0.000000
0.253000	-0.000000
0.254000	-0.000000
0.255000	-0.000000
0.256000	-0.000000
0.257000	-0.000000
0.258000	-0.000000
0.259000	-0.000000
0.260000	-0.000000
0.261000	-0.000000
0.262000	-0.000000
0.263000	-0.000000
0.264000	-0.000000
0.265000	-0.000000
0.266000	-0.000000
0.267000	-0.000000
0.268000	-0.000000
0.269000	-0.000000
0.270000	-0.000000
0.271000	-0.000000
0.272000	-0.000000
0.273000	-0.000000
0.274000	-0.000000
0.275000	-0.000000
0.276000	-0.000000
0.277000	-0.000000
0.278000	-0.000000
0.279000	-0.000000
0.280000	-0.000000
0.281000	-0.000000
0.282000	-0.000000
0.283000	-0.000000
0.284000	-0.000000
0.285000	-0.000000
0.286000	-0.000000
0.287000	-0.000000
0.288000	-0.000000
0.289000	-0.000000
0.290000	-0.000000
0.291000	-0.000000
0.292000	-0.000000
0.293000	-0.000000
0.294000	-0.000000
0.295000	-0.000000
0.296000	-0.000000
0.297000	-0.000000
0.298000	-0.000000
0.299000	-0.000000
0.300000	-0.000000
0.301000	-0.000000
0.302000	-0.000000
0.303000	-0.000000
0.304000	-0.000000
0.305000	-0.000000
0.306000	-0.000000
0.307000	-0.000000
0.308000	-0.000000
0.309000	-0.000000
0.310000	-0.000000
0.311000	-0.000000
0.312000	-0.000000
0.313000	-0.000000
0.314000	-0.000000
0.315000	-0.000000
0.316000	-0.000000
0.317000	-0.000000
0.318000	-0.000000
0.319000	-0.000000
0.320000	-0.000000
0.321000	-0.000000
0.322000	-0.000000
0.323000	-0.000000
0.324000	-0.000001
0.325000	-0.000001
0.326000	-0.000001
0.327000	-0.000001
0.328000	-0.000001
0.329000	-0.000001
0.330000	-0.000001
0.331000	-0.000001
0.332000	-0.000001
0.333000	-0.000001
0.334000	-0.000001
0.335000	-0.000001
0.336000	-0.000001
0.337000	-0.000001
0.338000	-0.000001
0.339000	-0.000001
0.340000	-0.000001
0.341000	-0.000001
0.342000	-0.000001
0.343000	-0.000001
0.344000	-0.000001
0.345000	-0.000001
0.346000	-0.000001
0.347000	-0.000002
0.348000	-0.000002
0.349000	-0.000002
0.350000	-0.000002
0.351000	-0.000002
0.352000	-0.000002
0.353000	-0.000002
0.354000	-0.000002
0.355000	-0.000002
0.356000	-0.000002
0.357000	-0.000003
0.358000	-0.000003
0.359000	-0.000003
0.360000	-0.000003
0.361000	-0.000003
0.362000	-0.000003
0.363000	-0.000003
0.364000	-0.000004
0.365000	-0.000004
0.366000	-0.000004
0.367000	-0.000004
0.368000	-0.000004
0.369000	-0.000004
0.370000	-0.000005
0.371000	-0.000005
0.372000	-0.000005
0.373000	-0.000005
0.374000	-0.000006
0.375000	-0.000006
0.376000	-0.000006
0.377000	-0.000006
0.378000	-0.000007
0.379000	-0.000007
0.380000	-0.000007
0.381000	-0.000008
0.382000	-0.000008
0.383000	-0.000008
0.384000	-0.000009
0.385000	-0.000009
0.386000	-0.000010
0.387000	-0.000010
0.388000	-0.000011
0.389000	-0.000011
0.390000	-0.000012
0.391000	-0.000012
0.392000	-0.000013
0.393000	-0.000013
0.394000	-0.000014
0.395000	-0.000015
0.396000	-0.000015
0.397000	-0.000016
0.398000	-0.000017
0.399000	-0.000017
0.400000	-0.000018
0.401000	-0.000019
0.402000	-0.000020
0.403000	-0.000021
0.404000	-0.000022
0.405000	-0.000023
0.406000	-0.000024
0.407000	-0.000025
0.408000	-0.000026
0.409000	-0.000027
0.410000	-0.000028
0.411000	-0.000029
0.412000	-0.000030
0.413000	-0.000032
0.414000	-0.000033
0.415000	-0.000035
0.416000	-0.000036
0.417000	-0.000038
0.418000	-0.000039
0.419000	-0.000041
0.420000	-0.000043
0.421000	-0.000045
0.422000	-0.000047
0.423000	-0.000049
0.424000	-0.000051
0.425000	-0.000053
0.426000	-0.000055
0.427000	-0.000057
0.428000	-0.000060
0.429000	-0.000062
0.430000	-0.000065
0.431000	-0.000068
0.432000	-0.000071
0.433000	-0.000074
0.434000	-0.000077
0.435000	-0.000080
0.436000	-0.000083
0.437000	-0.000087
0.438000	-0.000090
0.439000	-0.000094
0.440000	-0.000098
0.441000	-0.000102
0.442000	-0.000106
0.443000	-0.000111
0.444000	-0.000115
0.445000	-0.000120
0.446000	-0.000125
0.447000	-0.000130
0.448000	-0.000135
0.449000	-0.000140
0.450000	-0.000146
0.451000	-0.000152
0.452000	-0.000158
0.453000	-0.000165
0.454000	-0.000171
0.455000	-0.000178
0.456000	-0.000185
0.457000	-0.000192
0.458000	-0.000200
0.459000	-0.000208
0.460000	-0.000216
0.461000	-0.000225
0.462000	-0.000234
0.463000	-0.000243
0.464000	-0.000252
0.465000	-0.000262
0.466000	-0.000272
0.467000	-0.000283
0.468000	-0.000294
0.469000	-0.000305
0.470000	-0.000317
0.471000	-0.000330
0.472000	-0.000342
0.473000	-0.000355
0.474000	-0.000369
0.475000	-0.000383
0.476000	-0.000398
0.477000	-0.000413
0.478000	-0.000428
0.479000	-0.000445
0.480000	-0.000461
0.481000	-0.000479
0.482000	-0.000497
0.483000	-0.000515
0.484000	-0.000535
0.485000	-0.000555
0.486000	-0.000575
0.487000	-0.000597
0.488000	-0.000619
0.489000	-0.000642
0.490000	-0.000665
0.491000	-0.000690
0.492000	-0.000715
0.493000	-0.000741
0.494000	-0.000768
0.495000	-0.000796
0.496000	-0.000825
0.497000	-0.000855
0.498000	-0.000886
0.499000	-0.000918
0.500000	-0.000951
0.501000	-0.000985
0.502000	-0.001020
0.503000	-0.001057
0.504000	-0.001094
0.505000	-0.001133
0.506000	-0.001173
0.507000	-0.001214
0.508000	-0.001257
0.509000	-0.001301
0.510000	-0.001347
0.511000	-0.001394
0.512000	-0.001443
0.513000	-0.001493
0.514000	-0.001544
0.515000	-0.001598
0.516000	-0.001653
0.517000	-0.001710
0.518000	-0.001768
0.519000	-0.001829
0.520000	-0.001891
0.521000	-0.001955
0.522000	-0.002022
0.523000	-0.002090
0.524000	-0.002161
0.525000	-0.002233
0.526000	-0.002308
0.527000	-0.002386
0.528000	-0.002465
0.529000	-0.002547
0.530000	-0.002632
0.531000	-0.002719
0.532000	-0.002808
0.533000	-0.002901
0.534000	-0.002996
0.535000	-0.003094
0.536000	-0.003195
0.537000	-0.003299
0.538000	-0.003406
0.539000	-0.003516
0.540000	-0.003629
0.541000	-0.003746
0.542000	-0.003866
0.543000	-0.003990
0.544000	-0.004117
0.545000	-0.004248
0.546000	-0.004382
0.547000	-0.004521
0.548000	-0.004663
0.549000	-0.004810
0.550000	-0.004960
0.551000	-0.005115
0.552000	-0.005275
0.553000	-0.005438
0.554000	-0.005606
0.555000	-0.005779
0.556000	-0.005957
0.557000	-0.006140
0.558000	-0.006327
0.559000	-0.006520
0.560000	-0.006718
0.561000	-0.006922
0.562000	-0.007131
0.563000	-0.007345
0.564000	-0.007566
0.565000	-0.007792
0.566000	-0.008024
0.567000	-0.008263
0.568000	-0.008507
0.569000	-0.008758
0.570000	-0.009016
0.571000	-0.009281
0.572000	-0.009552
0.573000	-0.009830
0.574000	-0.010116
0.575000	-0.010409
0.576000	-0.010709
0.577000	-0.011017
0.578000	-0.011333
0.579000	-0.011657
0.580000	-0.011989
0.581000	-0.012329
0.582000	-0.012678
0.583000	-0.013035
0.584000	-0.013401
0.585000	-0.013777
0.586000	-0.014161
0.587000	-0.014555
0.588000	-0.014958
0.589000	-0.015371
0.590000	-0.015794
0.591000	-0.016227
0.592000	-0.016670
0.593000	-0.017124
0.594000	-0.017589
0.595000	-0.018064
0.596000	-0.018551
0.597000	-0.019049
0.598000	-0.019558
0.599000	-0.020079
0.600000	-0.020612
0.601000	-0.021157
0.602000	-0.021715
0.603000	-0.022285
0.604000	-0.022868
0.605000	-0.023464
0.606000	-0.024073
0.607000	-0.024695
0.608000	-0.025332
0.609000	-0.025982
0.610000	-0.026646
0.611000	-0.027325
0.612000	-0.028018
0.613000	-0.028726
0.614000	-0.029449
0.615000	-0.030188
0.616000	-0.030942
0.617000	-0.031712
0.618000	-0.032498
0.619000	-0.033300
0.620000	-0.034118
0.621000	-0.034953
0.622000	-0.035805
0.623000	-0.036675
0.624000	-0.037562
0.625000	-0.038466
0.626000	-0.039389
0.627000	-0.040329
0.628000	-0.041289
0.629000	-0.042266
0.630000	-0.043263
0.631000	-0.044279
0.632000	-0.045314
0.633000	-0.046369
0.634000	-0.047443
0.635000	-0.048538
0.636000	-0.049653
0.637000	-0.050789
0.638000	-0.051946
0.639000	-0.053123
0.640000	-0.054322
0.641000	-0.055543
0.642000	-0.056785
0.643000	-0.058049
0.644000	-0.059335
0.645000	-0.060644
0.646000	-0.061975
0.647000	-0.063329
0.648000	-0.064707
0.649000	-0.066107
0.650000	-0.067531
0.651000	-0.068979
0.652000	-0.070451
0.653000	-0.071946
0.654000	-0.073466
0.655000	-0.075010
0.656000	-0.076580
0.657000	-0.078173
0.658000	-0.079792
0.659000	-0.081436
0.660000	-0.083105
0.661000	-0.084800
0.662000	-0.086521
0.663000	-0.088267
0.664000	-0.090039
0.665000	-0.091837
0.666000	-0.093661
0.667000	-0.095511
0.668000	-0.097388
0.669000	-0.099292
0.670000	-0.101221
0.671000	-0.103178
0.672000	-0.105161
0.673000	-0.107171
0.674000	-0.109208
0.675000	-0.111272
0.676000	-0.113363
0.677000	-0.115481
0.678000	-0.117625
0.679000	-0.119797
0.680000	-0.121996
0.681000	-0.124222
0.682000	-0.126474
0.683000	-0.128754
0.684000	-0.131061
0.685000	-0.133394
0.686000	-0.135754
0.687000	-0.138141
0.688000	-0.140555
0.689000	-0.142995
0.690000	-0.145461
0.691000	-0.147954
0.692000	-0.150472
0.693000	-0.153017
0.694000	-0.155587
0.695000	-0.158183
0.696000	-0.160804
0.697000	-0.163451
0.698000	-0.166122
0.699000	-0.168818
0.700000	-0.171538
0.701000	-0.174282
0.702000	-0.177051
0.703000	-0.179842
0.704000	-0.182657
0.705000	-0.185495
0.706000	-0.188354
0.707000	-0.191236
0.708000	-0.194140
0.709000	-0.197065
0.710000	-0.200010
0.711000	-0.202976
0.712000	-0.205962
0.713000	-0.208967
0.714000	-0.211991
0.715000	-0.215033
0.716000	-0.218093
0.717000	-0.221170
0.718000	-0.224263
0.719000	-0.227373
0.720000	-0.230497
0.721000	-0.233637
0.722000	-0.236790
0.723000	-0.239957
0.724000	-0.243136
0.725000	-0.246327
0.726000	-0.249529
0.727000	-0.252742
0.728000	-0.255963
0.729000	-0.259194
0.730000	-0.262432
0.731000	-0.265678
0.732000	-0.268929
0.733000	-0.272185
0.734000	-0.275446
0.735000	-0.278710
0.736000	-0.281976
0.737000	-0.285244
0.738000	-0.288512
0.739000	-0.291779
0.740000	-0.295044
0.741000	-0.298307
0.742000	-0.301565
0.743000	-0.304819
0.744000	-0.308066
0.745000	-0.311305
0.746000	-0.314537
0.747000	-0.317758
0.748000	-0.320968
0.749000	-0.324166
0.750000	-0.327351
0.751000	-0.330520
0.752000	-0.333674
0.753000	-0.336810
0.754000	-0.339927
0.755000	-0.343024
0.756000	-0.346100
0.757000	-0.349153
0.758000	-0.352181
0.759000	-0.355183
0.760000	-0.358158
0.761000	-0.361105
0.762000	-0.364021
0.763000	-0.366906
0.764000	-0.369757
0.765000	-0.372573
0.766000	-0.375354
0.767000	-0.378096
0.768000	-0.380799
0.769000	-0.383461
0.770000	-0.386080
0.771000	-0.388655
0.772000	-0.391183
0.773000	-0.393665
0.774000	-0.396097
0.775000	-0.398478
0.776000	-0.400807
0.777000	-0.403081
0.778000	-0.405300
0.779000	-0.407461
0.780000	-0.409563
0.781000	-0.411603
0.782000	-0.413581
0.783000	-0.415494
0.784000	-0.417342
0.785000	-0.419121
0.786000	-0.420830
0.787000	-0.422469
0.788000	-0.424034
0.789000	-0.425524
0.790000	-0.426937
0.791000	-0.428273
0.792000	-0.429528
0.793000	-0.430701
0.794000	-0.431791
0.795000	-0.432796
0.796000	-0.433714
0.797000	-0.434543
0.798000	-0.435281
0.799000	-0.435928
0.800000	-0.436481
0.801000	-0.436938
0.802000	-0.437299
0.803000	-0.437560
0.804000	-0.437722
0.805000	-0.437781
0.806000	-0.437737
0.807000	-0.437588
0.808000	-0.437331
0.809000	-0.436967
0.810000	-0.436493
0.811000	-0.435907
0.812000	-0.435209
0.813000	-0.434396
0.814000	-0.433468
0.815000	-0.432422
0.816000	-0.431258
0.817000	-0.429974
0.818000	-0.428569
0.819000	-0.427041
0.820000	-0.425389
0.821000	-0.423612
0.822000	-0.421709
0.823000	-0.419678
0.824000	-0.417519
0.825000	-0.415229
0.826000	-0.412809
0.827000	-0.410257
0.828000	-0.407572
0.829000	-0.404753
0.830000	-0.401799
0.831000	-0.398710
0.832000	-0.395484
0.833000	-0.392120
0.834000	-0.388619
0.835000	-0.384978
0.836000	-0.381198
0.837000	-0.377278
0.838000	-0.373217
0.839000	-0.369015
0.840000	-0.364671
0.841000	-0.360185
0.842000	-0.355557
0.843000	-0.350786
0.844000	-0.345871
0.845000	-0.340813
0.846000	-0.335612
0.847000	-0.330267
0.848000	-0.324779
0.849000	-0.319146
0.850000	-0.313371
0.851000	-0.307451
0.852000	-0.301389
0.853000	-0.295183
0.854000	-0.288835
0.855000	-0.282344
0.856000	-0.275711
0.857000	-0.268937
0.858000	-0.262021
0.859000	-0.254966
0.860000	-0.247770
0.861000	-0.240436
0.862000	-0.232963
0.863000	-0.225353
0.864000	-0.217607
0.865000	-0.209725
0.866000	-0.201708
0.867000	-0.193559
0.868000	-0.185277
0.869000	-0.176865
0.870000	-0.168322
0.871000	-0.159652
0.872000	-0.150855
0.873000	-0.141933
0.874000	-0.132887
0.875000	-0.123718
0.876000	-0.114430
0.877000	-0.105023
0.878000	-0.095499
0.879000	-0.085860
0.880000	-0.076108
0.881000	-0.066245
0.882000	-0.056273
0.883000	-0.046195
0.884000	-0.036012
0.885000	-0.025727
0.886000	-0.015342
0.887000	-0.004859
0.888000	0.005719
0.889000	0.016389
0.890000	0.027150
0.891000	0.037997
0.892000	0.048930
0.893000	0.059944
0.894000	0.071038
0.895000	0.082208
0.896000	0.093452
0.897000	0.104766
0.898000	0.116147
0.899000	0.127593
0.900000	0.139100
0.901000	0.150665
0.902000	0.162286
0.903000	0.173957
0.904000	0.185678
0.905000	0.197443
0.906000	0.209250
0.907000	0.221095
0.908000	0.232975
0.909000	0.244886
0.910000	0.256825
0.911000	0.268788
0.912000	0.280771
0.913000	0.292771
0.914000	0.304784
0.915000	0.316807
0.916000	0.328835
0.917000	0.340866
0.918000	0.352894
0.919000	0.364917
0.920000	0.376930
0.921000	0.388929
0.922000	0.400912
0.923000	0.412873
0.924000	0.424809
0.925000	0.436715
0.926000	0.448589
0.927000	0.460426
0.928000	0.472222
0.929000	0.483973
0.930000	0.495675
0.931000	0.507324
0.932000	0.518916
0.933000	0.530448
0.934000	0.541914
0.935000	0.553312
0.936000	0.564637
0.937000	0.575885
0.938000	0.587053
0.939000	0.598136
0.940000	0.609131
0.941000	0.620033
0.942000	0.630839
0.943000	0.641545
0.944000	0.652147
0.945000	0.662641
0.946000	0.673023
0.947000	0.683290
0.948000	0.693438
0.949000	0.703462
0.950000	0.713361
0.951000	0.723129
0.952000	0.732764
0.953000	0.742261
0.954000	0.751617
0.955000	0.760829
0.956000	0.769894
0.957000	0.778807
0.958000	0.787566
0.959000	0.796167
0.960000	0.804607
0.961000	0.812882
0.962000	0.820991
0.963000	0.828929
0.964000	0.836694
0.965000	0.844282
0.966000	0.851691
0.967000	0.858918
0.968000	0.865960
0.969000	0.872814
0.970000	0.879479
0.971000	0.885950
0.972000	0.892227
0.973000	0.898305
0.974000	0.904184
0.975000	0.909860
0.976000	0.915332
0.977000	0.920597
0.978000	0.925654
0.979000	0.930500
0.980000	0.935133
0.981000	0.939552
0.982000	0.943755
0.983000	0.947740
0.984000	0.951506
0.985000	0.955051
0.986000	0.958374
0.987000	0.961474
0.988000	0.964348
0.989000	0.966997
0.990000	0.969420
0.991000	0.971614
0.992000	0.973580
0.993000	0.975316
0.994000	0.976822
0.995000	0.978098
0.996000	0.979142
0.997000	0.979955
0.998000	0.980535
0.999000	0.980884
1.000000	0.981000
1.001000	0.980884
1.002000	0.980535
1.003000	0.979955
1.004000	0.979142
1.005000	0.978098
1.006000	0.976822
1.007000	0.975316
1.008000	0.973580
1.009000	0.971614
1.010000	0.969420
1.011000	0.966997
1.012000	0.964348
1.013000	0.961474
1.014000	0.958374
1.015000	0.955051
1.016000	0.951506
1.017000	0.947740
1.018000	0.943755
1.019000	0.939552
1.020000	0.935133
1.021000	0.930500
1.022000	0.925654
1.023000	0.920597
1.024000	0.915332
1.025000	0.909860
1.026000	0.904184
1.027000	0.898305
1.028000	0.892227
1.029000	0.885950
1.030000	0.879479
1.031000	0.872814
1.032000	0.865960
1.033000	0.858918
1.034000	0.851691
1.035000	0.844282
1.036000	0.836694
1.037000	0.828929
1.038000	0.820991
1.039000	0.812882
1.040000	0.804607
1.041000	0.796167
1.042000	0.787566
1.043000	0.778807
1.044000	0.769894
1.045000	0.760829
1.046000	0.751617
1.047000	0.742261
1.048000	0.732764
1.049000	0.723129
1.050000	0.713361
1.051000	0.703462
1.052000	0.693438
1.053000	0.683290
1.054000	0.673023
1.055000	0.662641
1.056000	0.652147
1.057000	0.641545
1.058000	0.630839
1.059000	0.620033
1.060000	0.609131
1.061000	0.598136
1.062000	0.587053
1.063000	0.575885
1.064000	0.564637
1.065000	0.553312
1.066000	0.541914
1.067000	0.530448
1.068000	0.518916
1.069000	0.507324
1.070000	0.495675
1.071000	0.483973
1.072000	0.472222
1.073000	0.460426
1.074000	0.448589
1.075000	0.436715
1.076000	0.424809
1.077000	0.412873
1.078000	0.400912
1.079000	0.388929
1.080000	0.376930
1.081000	0.364917
1.082000	0.352894
1.083000	0.340866
1.084000	0.328835
1.085000	0.316807
1.086000	0.304784
1.087000	0.292771
1.088000	0.280771
1.089000	0.268788
1.090000	0.256825
1.091000	0.244886
1.092000	0.232975
1.093000	0.221095
1.094000	0.209250
1.095000	0.197443
1.096000	0.185678
1.097000	0.173957
1.098000	0.162286
1.099000	0.150665
1.100000	0.139100
1.101000	0.127593
1.102000	0.116147
1.103000	0.104766
1.104000	0.093452
1.105000	0.082208
1.106000	0.071038
1.107000	0.059944
1.108000	0.048930
1.109000	0.037997
1.110000	0.027150
1.111000	0.016389
1.112000	0.005719
1.113000	-0.004859
1.114000	-0.015342
1.115000	-0.025727
1.116000	-0.036012
1.117000	-0.046195
1.118000	-0.056273
1.119000	-0.066245
1.120000	-0.076108
1.121000	-0.085860
1.122000	-0.095499
1.123000	-0.105023
1.124000	-0.114430
1.125000	-0.123718
1.126000	-0.132887
1.127000	-0.141933
1.128000	-0.150855
1.129000	-0.159652
1.130000	-0.168322
1.131000	-0.176865
1.132000	-0.185277
1.133000	-0.193559
1.134000	-0.201708
1.135000	-0.209725
1.136000	-0.217607
1.137000	-0.225353
1.138000	-0.232963
1.139000	-0.240436
1.140000	-0.247770
1.141000	-0.254966
1.142000	-0.262021
1.143000	-0.268937
1.144000	-0.275711
1.145000	-0.282344
1.146000	-0.288835
1.147000	-0.295183
1.148000	-0.301389
1.149000	-0.307451
1.150000	-0.313371
1.151000	-0.319146
1.152000	-0.324779
1.153000	-0.330267
1.154000	-0.335612
1.155000	-0.340813
1.156000	-0.345871
1.157000	-0.350786
1.158000	-0.355557
1.159000	-0.360185
1.160000	-0.364671
1.161000	-0.369015
1.162000	-0.373217
1.163000	-0.377278
1.164000	-0.381198
1.165000	-0.384978
1.166000	-0.388619
1.167000	-0.392120
1.168000	-0.395484
1.169000	-0.398710
1.170000	-0.401799
1.171000	-0.404753
1.172000	-0.407572
1.173000	-0.410257
1.174000	-0.412809
1.175000	-0.415229
1.176000	-0.417519
1.177000	-0.419678
1.178000	-0.421709
1.179000	-0.423612
1.180000	-0.425389
1.181000	-0.427041
1.182000	-0.428569
1.183000	-0.429974
1.184000	-0.431258
1.185000	-0.432422
1.186000	-0.433468
1.187000	-0.434396
1.188000	-0.435209
1.189000	-0.435907
1.190000	-0.436493
1.191000	-0.436967
1.192000	-0.437331
1.193000	-0.437588
1.194000	-0.437737
1.195000	-0.437781
1.196000	-0.437722
1.197000	-0.437560
1.198000	-0.437299
1.199000	-0.436938
1.200000	-0.436481
1.201000	-0.435928
1.202000	-0.435281
1.203000	-0.434543
1.204000	-0.433714
1.205000	-0.432796
1.206000	-0.431791
1.207000	-0.430701
1.208000	-0.429528
1.209000	-0.428273
1.210000	-0.426937
1.211000	-0.425524
1.212000	-0.424034
1.213000	-0.422469
1.214000	-0.420830
1.215000	-0.419121
1.216000	-0.417342
1.217000	-0.415494
1.218000	-0.413581
1.219000	-0.411603
1.220000	-0.409563
1.221000	-0.407461
1.222000	-0.405300
1.223000	-0.403081
1.224000	-0.400807
1.225000	-0.398478
1.226000	-0.396097
1.227000	-0.393665
1.228000	-0.391183
1.229000	-0.388655
1.230000	-0.386080
1.231000	-0.383461
1.232000	-0.380799
1.233000	-0.378096
1.234000	-0.375354
1.235000	-0.372573
1.236000	-0.369757
1.237000	-0.366906
1.238000	-0.364021
1.239000	-0.361105
1.240000	-0.358158
1.241000	-0.355183
1.242000	-0.352181
1.243000	-0.349153
1.244000	-0.346100
1.245000	-0.343024
1.246000	-0.339927
1.247000	-0.336810
1.248000	-0.333674
1.249000	-0.330520
1.250000	-0.327351
1.251000	-0.324166
1.252000	-0.320968
1.253000	-0.317758
1.254000	-0.314537
1.255000	-0.311305
1.256000	-0.308066
1.257000	-0.304819
1.258000	-0.301565
1.259000	-0.298307
1.260000	-0.295044
1.261000	-0.291779
1.262000	-0.288512
1.263000	-0.285244
1.264000	-0.281976
1.265000	-0.278710
1.266000	-0.275446
1.267000	-0.272185
1.268000	-0.268929
1.269000	-0.265678
1.270000	-0.262432
1.271000	-0.259194
1.272000	-0.255963
1.273000	-0.252742
1.274000	-0.249529
1.275000	-0.246327
1.276000	-0.243136
1.277000	-0.239957
1.278000	-0.236790
1.279000	-0.233637
1.280000	-0.230497
1.281000	-0.227373
1.282000	-0.224263
1.283000	-0.221170
1.284000	-0.218093
1.285000	-0.215033
1.286000	-0.211991
1.287000	-0.208967
1.288000	-0.205962
1.289000	-0.202976
1.290000	-0.200010
1.291000	-0.197065
1.292000	-0.194140
1.293000	-0.191236
1.294000	-0.188354
1.295000	-0.185495
1.296000	-0.182657
1.297000	-0.179842
1.298000	-0.177051
1.299000	-0.174282
1.300000	-0.171538
1.301000	-0.168818
1.302000	-0.166122
1.303000	-0.163451
1.304000	-0.160804
1.305000	-0.158183
1.306000	-0.155587
1.307000	-0.153017
1.308000	-0.150472
1.309000	-0.147954
1.310000	-0.145461
1.311000	-0.142995
1.312000	-0.140555
1.313000	-0.138141
1.314000	-0.135754
1.315000	-0.133394
1.316000	-0.131061
1.317000	-0.128754
1.318000	-0.126474
1.319000	-0.124222
1.320000	-0.121996
1.321000	-0.119797
1.322000	-0.117625
1.323000	-0.115481
1.324000	-0.113363
1.325000	-0.111272
1.326000	-0.109208
1.327000	-0.107171
1.328000	-0.105161
1.329000	-0.103178
1.330000	-0.101221
1.331000	-0.099292
1.332000	-0.097388
1.333000	-0.095511
1.334000	-0.093661
1.335000	-0.091837
1.336000	-0.090039
1.337000	-0.088267
1.338000	-0.086521
1.339000	-0.084800
1.340000	-0.083105
1.341000	-0.081436
1.342000	-0.079792
1.343000	-0.078173
1.344000	-0.076580
1.345000	-0.075010
1.346000	-0.073466
1.347000	-0.071946
1.348000	-0.070451
1.349000	-0.068979
1.350000	-0.067531
1.351000	-0.066107
1.352000	-0.064707
1.353000	-0.063329
1.354000	-0.061975
1.355000	-0.060644
1.356000	-0.059335
1.357000	-0.058049
1.358000	-0.056785
1.359000	-0.055543
1.360000	-0.054322
1.361000	-0.053123
1.362000	-0.051946
1.363000	-0.050789
1.364000	-0.049653
1.365000	-0.048538
1.366000	-0.047443
1.367000	-0.046369
1.368000	-0.045314
1.369000	-0.044279
1.370000	-0.043263
1.371000	-0.042266
1.372000	-0.041289
1.373000	-0.040329
1.374000	-0.039389
1.375000	-0.038466
1.376000	-0.037562
1.377000	-0.036675
1.378000	-0.035805
1.379000	-0.034953
1.380000	-0.034118
1.381000	-0.033300
1.382000	-0.032498
1.383000	-0.031712
1.384000	-0.030942
1.385000	-0.030188
1.386000	-0.029449
1.387000	-0.028726
1.388000	-0.028018
1.389000	-0.027325
1.390000	-0.026646
1.391000	-0.025982
1.392000	-0.025332
1.393000	-0.024695
1.394000	-0.024073
1.395000	-0.023464
1.396000	-0.022868
1.397000	-0.022285
1.398000	-0.021715
1.399000	-0.021157
1.400000	-0.020612
1.401000	-0.020079
1.402000	-0.019558
1.403000	-0.019049
1.404000	-0.018551
1.405000	-0.018064
1.406000	-0.017589
1.407000	-0.017124
1.408000	-0.016670
1.409000	-0.016227
1.410000	-0.015794
1.411000	-0.015371
1.412000	-0.014958
1.413000	-0.014555
1.414000	-0.014161
1.415000	-0.013777
1.416000	-0.013401
1.417000	-0.013035
1.418000	-0.012678
1.419000	-0.012329
1.420000	-0.011989
1.421000	-0.011657
1.422000	-0.011333
1.423000	-0.011017
1.424000	-0.010709
1.425000	-0.010409
1.426000	-0.010116
1.427000	-0.009830
1.428000	-0.009552
1.429000	-0.009281
1.430000	-0.009016
1.431000	-0.008758
1.432000	-0.008507
1.433000	-0.008263
1.434000	-0.008024
1.435000	-0.007792
1.436000	-0.007566
1.437000	-0.007345
1.438000	-0.007131
1.439000	-0.006922
1.440000	-0.006718
1.441000	-0.006520
1.442000	-0.006327
1.443000	-0.006140
1.444000	-0.005957
1.445000	-0.005779
1.446000	-0.005606
1.447000	-0.005438
1.448000	-0.005275
1.449000	-0.005115
1.450000	-0.004960
1.451000	-0.004810
1.452000	-0.004663
1.453000	-0.004521
1.454000	-0.004382
1.455000	-0.004248
1.456000	-0.004117
1.457000	-0.003990
1.458000	-0.003866
1.459000	-0.003746
1.460000	-0.003629
1.461000	-0.003516
1.462000	-0.003406
1.463000	-0.003299
1.464000	-0.003195
1.465000	-0.003094
1.466000	-0.002996
1.467000	-0.002901
1.468000	-0.002808
1.469000	-0.002719
1.470000	-0.002632
1.471000	-0.002547
1.472000	-0.002465
1.473000	-0.002386
1.474000	-0.002308
1.475000	-0.002233
1.476000	-0.002161
1.477000	-0.002090
1.478000	-0.002022
1.479000	-0.001955
1.480000	-0.001891
1.481000	-0.001829
1.482000	-0.001768
1.483000	-0.001710
1.484000	-0.001653
1.485000	-0.001598
1.486000	-0.001544
1.487000	-0.001493
1.488000	-0.001443
1.489000	-0.001394
1.490000	-0.001347
1.491000	-0.001301
1.492000	-0.001257
1.493000	-0.001214
1.494000	-0.001173
1.495000	-0.001133
1.496000	-0.001094
1.497000	-0.001057
1.498000	-0.001020
1.499000	-0.000985
1.500000	-0.000951
1.501000	-0.000918
1.502000	-0.000886
1.503000	-0.000855
1.504000	-0.000825
1.505000	-0.000796
1.506000	-0.000768
1.507000	-0.000741
1.508000	-0.000715
1.509000	-0.000690
1.510000	-0.000665
1.511000	-0.000642
1.512000	-0.000619
1.513000	-0.000597
1.514000	-0.000575
1.515000	-0.000555
1.516000	-0.000535
1.517000	-0.000515
1.518000	-0.000497
1.519000	-0.000479
1.520000	-0.000461
1.521000	-0.000445
1.522000	-0.000428
1.523000	-0.000413
1.524000	-0.000398
1.525000	-0.000383
1.526000	-0.000369
1.527000	-0.000355
1.528000	-0.000342
1.529000	-0.000330
1.530000	-0.000317
1.531000	-0.000305
1.532000	-0.000294
1.533000	-0.000283
1.534000	-0.000272
1.535000	-0.000262
1.536000	-0.000252
1.537000	-0.000243
1.538000	-0.000234
1.539000	-0.000225
1.540000	-0.000216
1.541000	-0.000208
1.542000	-0.000200
1.543000	-0.000192
1.544000	-0.000185
1.545000	-0.000178
1.546000	-0.000171
1.547000	-0.000165
1.548000	-0.000158
1.549000	-0.000152
1.550000	-0.000146
1.551000	-0.000140
1.552000	-0.000135
1.553000	-0.000130
1.554000	-0.000125
1.555000	-0.000120
1.556000	-0.000115
1.557000	-0.000111
1.558000	-0.000106
1.559000	-0.000102
1.560000	-0.000098
1.561000	-0.000094
1.562000	-0.000090
1.563000	-0.000087
1.564000	-0.000083
1.565000	-0.000080
1.566000	-0.000077
1.567000	-0.000074
1.568000	-0.000071
1.569000	-0.000068
1.570000	-0.000065
1.571000	-0.000062
1.572000	-0.000060
1.573000	-0.000057
1.574000	-0.000055
1.575000	-0.000053
1.576000	-0.000051
1.577000	-0.000049
1.578000	-0.000047
1.579000	-0.000045
1.580000	-0.000043
1.581000	-0.000041
1.582000	-0.000039
1.583000	-0.000038
1.584000	-0.000036
1.585000	-0.000035
1.586000	-0.000033
1.587000	-0.000032
1.588000	-0.000030
1.589000	-0.000029
1.590000	-0.000028
1.591000	-0.000027
1.592000	-0.000026
1.593000	-0.000025
1.594000	-0.000024
1.595000	-0.000023
1.596000	-0.000022
1.597000	-0.000021
1.598000	-0.000020
1.599000	-0.000019
1.600000	-0.000018
1.601000	-0.000017
1.602000	-0.000017
1.603000	-0.000016
1.604000	-0.000015
1.605000	-0.000015
1.606000	-0.000014
1.607000	-0.000013
1.608000	-0.000013
1.609000	-0.000012
1.610000	-0.000012
1.611000	-0.000011
1.612000	-0.000011
1.613000	-0.000010
1.614000	-0.000010
1.615000	-0.000009
1.616000	-0.000009
1.617000	-0.000008
1.618000	-0.000008
1.619000	-0.000008
1.620000	-0.000007
1.621000	-0.000007
1.622000	-0.000007
1.623000	-0.000006
1.624000	-0.000006
1.625000	-0.000006
1.626000	-0.000006
1.627000	-0.000005
1.628000	-0.000005
1.629000	-0.000005
1.630000	-0.000005
1.631000	-0.000004
1.632000	-0.000004
1.633000	-0.000004
1.634000	-0.000004
1.635000	-0.000004
1.636000	-0.000004
1.637000	-0.000003
1.638000	-0.000003
1.639000	-0.000003
1.640000	-0.000003
1.641000	-0.000003
1.642000	-0.000003
1.643000	-0.000003
1.644000	-0.000002
1.645000	-0.000002
1.646000	-0.000002
1.647000	-0.000002
1.648000	-0.000002
1.649000	-0.000002
1.650000	-0.000002
1.651000	-0.000002
1.652000	-0.000002
1.653000	-0.000002
1.654000	-0.000001
1.655000	-0.000001
1.656000	-0.000001
1.657000	-0.000001
1.658000	-0.000001
1.659000	-0.000001
1.660000	-0.000001
1.661000	-0.000001
1.662000	-0.000001
1.663000	-0.000001
1.664000	-0.000001
1.665000	-0.000001
1.666000	-0.000001
1.667000	-0.000001
1.668000	-0.000001
1.669000	-0.000001
1.670000	-0.000001
1.671000	-0.000001
1.672000	-0.000001
1.673000	-0.000001
1.674000	-0.000001
1.675000	-0.000001
1.676000	-0.000001
1.677000	-0.000000
1.678000	-0.000000
1.679000	-0.000000
1.680000	-0.000000
1.681000	-0.000000
1.682000	-0.000000
1.683000	-0.000000
1.684000	-0.000000
1.685000	-0.000000
1.686000	-0.000000
1.687000	-0.000000
1.688000	-0.000000
1.689000	-0.000000
1.690000	-0.000000
1.691000	-0.000000
1.692000	-0.000000
1.693000	-0.000000
1.694000	-0.000000
1.695000	-0.000000
1.696000	-0.000000
1.697000	-0.000000
1.698000	-0.000000
1.699000	-0.000000
1.700000	-0.000000
1.701000	-0.000000
1.702000	-0.000000
1.703000	-0.000000
1.704000	-0.000000
1.705000	-0.000000
1.706000	-0.000000
1.707000	-0.000000
1.708000	-0.000000
1.709000	-0.000000
1.710000	-0.000000
1.711000	-0.000000
1.712000	-0.000000
1.713000	-0.000000
1.714000	-0.000000
1.715000	-0.000000
1.716000	-0.000000
1.717000	-0.000000
1.718000	-0.000000
1.719000	-0.000000
1.720000	-0.000000
1.721000	-0.000000
1.722000	-0.000000
1.723000	-0.000000
1.724000	-0.000000
1.725000	-0.000000
1.726000	-0.000000
1.727000	-0.000000
1.728000	-0.000000
1.729000	-0.000000
1.730000	-0.000000
1.731000	-0.000000
1.732000	-0.000000
1.733000	-0.000000
1.734000	-0.000000
1.735000	-0.000000
1.736000	-0.000000
1.737000	-0.000000
1.738000	-0.000000
1.739000	-0.000000
1.740000	-0.000000
1.741000	-0.000000
1.742000	-0.000000
1.743000	-0.000000
1.744000	-0.000000
1.745000	-0.000000
1.746000	-0.000000
1.747000	-0.000000
1.748000	-0.000000
1.749000	-0.000000
1.750000	-0.000000
1.751000	-0.000000
1.752000	-0.000000
1.753000	-0.000000
1.754000	-0.000000
1.755000	-0.000000
1.756000	-0.000000
1.757000	-0.000000
1.758000	-0.000000
1.759000	-0.000000
1.760000	-0.000000
1.761000	-0.000000
1.762000	-0.000000
1.763000	-0.000000
1.764000	-0.000000
1.765000	-0.000000
1.766000	-0.000000
1.767000	-0.000000
1.768000	-0.000000
1.769000	-0.000000
1.770000	-0.000000
1.771000	-0.000000
1.772000	-0.000000
1.773000	-0.000000
1.774000	-0.000000
1.775000	-0.000000
1.776000	-0.000000
1.777000	-0.000000
1.778000	-0.000000
1.779000	-0.000000
1.780000	-0.000000
1.781000	-0.000000
1.782000	-0.000000
1.783000	-0.000000
1.784000	-0.000000
1.785000	-0.000000
1.786000	-0.000000
1.787000	-0.000000
1.788000	-0.000000
1.789000	-0.000000
1.790000	-0.000000
1.791000	-0.000000
1.792000	-0.000000
1.793000	-0.000000
1.794000	-0.000000
1.795000	-0.000000
1.796000	-0.000000
1.797000	-0.000000
1.798000	-0.000000
1.799000	-0.000000
1.800000	-0.000000
1.801000	-0.000000
1.802000	-0.000000
1.803000	-0.000000
1.804000	-0.000000
1.805000	-0.000000
1.806000	-0.000000
1.807000	-0.000000
1.808000	-0.000000
1.809000	-0.000000
1.810000	-0.000000
1.811000	-0.000000
1.812000	-0.000000
1.813000	-0.000000
1.814000	-0.000000
1.815000	-0.000000
1.816000	-0.000000
1.817000	-0.000000
1.818000	-0.000000
1.819000	-0.000000
1.820000	-0.000000
1.821000	-0.000000
1.822000	-0.000000
1.823000	-0.000000
1.824000	-0.000000
1.825000	-0.000000
1.826000	-0.000000
1.827000	-0.000000
1.828000	-0.000000
1.829000	-0.000000
1.830000	-0.000000
1.831000	-0.000000
1.832000	-0.000000
1.833000	-0.000000
1.834000	-0.000000
1.835000	-0.000000
1.836000	-0.000000
1.837000	-0.000000
1.838000	-0.000000
1.839000	-0.000000
1.840000	-0.000000
1.841000	-0.000000
1.842000	-0.000000
1.843000	-0.000000
1.844000	-0.000000
1.845000	-0.000000
1.846000	-0.000000
1.847000	-0.000000
1.848000	-0.000000
1.849000	-0.000000
1.850000	-0.000000
1.851000	-0.000000
1.852000	-0.000000
1.853000	-0.000000
1.854000	-0.000000
1.855000	-0.000000
1.856000	-0.000000
1.857000	-0.000000
1.858000	-0.000000
1.859000	-0.000000
1.860000	-0.000000
1.861000	-0.000000
1.862000	-0.000000
1.863000	-0.000000
1.864000	-0.000000
1.865000	-0.000000
1.866000	-0.000000
1.867000	-0.000000
1.868000	-0.000000
1.869000	-0.000000
1.870000	-0.000000
1.871000	-0.000000
1.872000	-0.000000
1.873000	-0.000000
1.874000	-0.000000
1.875000	-0.000000
1.876000	-0.000000
1.877000	-0.000000
1.878000	-0.000000
1.879000	-0.000000
1.880000	-0.000000
1.881000	-0.000000
1.882000	-0.000000
1.883000	-0.000000
1.884000	-0.000000
1.885000	-0.000000
1.886000	-0.000000
1.887000	-0.000000
1.888000	-0.000000
1.889000	-0.000000
1.890000	-0.000000
1.891000	-0.000000
1.892000	-0.000000
1.893000	-0.000000
1.894000	-0.000000
1.895000	-0.000000
1.896000	-0.000000
1.897000	-0.000000
1.898000	-0.000000
1.899000	-0.000000
1.900000	-0.000000
1.901000	-0.000000
1.902000	-0.000000
1.903000	-0.000000
1.904000	-0.000000
1.905000	-0.000000
1.906000	-0.000000
1.907000	-0.000000
1.908000	-0.000000
1.909000	-0.000000
1.910000	-0.000000
1.911000	-0.000000
1.912000	-0.000000
1.913000	-0.000000
1.914000	-0.000000
1.915000	-0.000000
1.916000	-0.000000
1.917000	-0.000000
1.918000	-0.000000
1.919000	-0.000000
1.920000	-0.000000
1.921000	-0.000000
1.922000	-0.000000
1.923000	-0.000000
1.924000	-0.000000
1.925000	-0.000000
1.926000	-0.000000
1.927000	-0.000000
1.928000	-0.000000
1.929000	-0.000000
1.930000	-0.000000
1.931000	-0.000000
1.932000	-0.000000
1.933000	-0.000000
1.934000	-0.000000
1.935000	-0.000000
1.936000	-0.000000
1.937000	-0.000000
1.938000	-0.000000
1.939000	-0.000000
1.940000	-0.000000
1.941000	-0.000000
1.942000	-0.000000
1.943000	-0.000000
1.944000	-0.000000
1.945000	-0.000000
1.946000	-0.000000
1.947000	-0.000000
1.948000	-0.000000
1.949000	-0.000000
1.950000	-0.000000
1.951000	-0.000000
1.952000	-0.000000
1.953000	-0.000000
1.954000	-0.000000
1.955000	-0.000000
1.956000	-0.000000
1.957000	-0.000000
1.958000	-0.000000
1.959000	-0.000000
1.960000	-0.000000
1.961000	-0.000000
1.962000	-0.000000
1.963000	-0.000000
1.964000	-0.000000
1.965000	-0.000000
1.966000	-0.000000
1.967000	-0.000000
1.968000	-0.000000
1.969000	-0.000000
1.970000	-0.000000
1.971000	-0.000000
1.972000	-0.000000
1.973000	-0.000000
1.974000	-0.000000
1.975000	-0.000000
1.976000	-0.000000
1.977000	-0.000000
1.978000	-0.000000
1.979000	-0.000000
1.980000	-0.000000
1.981000	-0.000000
1.982000	-0.000000
1.983000	-0.000000
1.984000	-0.000000
1.985000	-0.000000
1.986000	-0.000000
1.987000	-0.000000
1.988000	-0.000000
1.989000	-0.000000
1.990000	-0.000000
1.991000	-0.000000
1.992000	-0.000000
1.993000	-0.000000
1.994000	-0.000000
1.995000	-0.000000
1.996000	-0.000000
1.997000	-0.000000
1.998000	-0.000000
1.999000	-0.000000
2.000000	-0.000000
