0.000000	-0.000969
0.000500	-0.001040
0.001000	-0.001115
0.001500	-0.001196
0.002000	-0.001282
0.002500	-0.001373
0.003000	-0.001470
0.003500	-0.001574
0.004000	-0.001685
0.004500	-0.001803
0.005000	-0.001928
0.005500	-0.002061
0.006000	-0.002203
0.006500	-0.002353
0.007000	-0.002513
0.007500	-0.002683
0.008000	-0.002863
0.008500	-0.003054
0.009000	-0.003257
0.009500	-0.003472
0.010000	-0.003700
0.010500	-0.003941
0.011000	-0.004197
0.011500	-0.004467
0.012000	-0.004754
0.012500	-0.005057
0.013000	-0.005377
0.013500	-0.005715
0.014000	-0.006073
0.014500	-0.006450
0.015000	-0.006848
0.015500	-0.007269
0.016000	-0.007712
0.016500	-0.008179
0.017000	-0.008672
0.017500	-0.009191
0.018000	-0.009737
0.018500	-0.010312
0.019000	-0.010917
0.019500	-0.011553
0.020000	-0.012221
0.020500	-0.012923
0.021000	-0.013661
0.021500	-0.014435
0.022000	-0.015248
0.022500	-0.016100
0.023000	-0.016993
0.023500	-0.017929
0.024000	-0.018910
0.024500	-0.019937
0.025000	-0.021011
0.025500	-0.022135
0.026000	-0.023311
0.026500	-0.024539
0.027000	-0.025822
0.027500	-0.027162
0.028000	-0.028561
0.028500	-0.030020
0.029000	-0.031541
0.029500	-0.033127
0.030000	-0.034779
0.030500	-0.036499
0.031000	-0.038289
0.031500	-0.040152
0.032000	-0.042088
0.032500	-0.044101
0.033000	-0.046192
0.033500	-0.048362
0.034000	-0.050615
0.034500	-0.052952
0.035000	-0.055374
0.035500	-0.057885
0.036000	-0.060484
0.036500	-0.063176
0.037000	-0.065960
0.037500	-0.068839
0.038000	-0.071815
0.038500	-0.074889
0.039000	-0.078063
0.039500	-0.081338
0.040000	-0.084715
0.040500	-0.088196
0.041000	-0.091783
0.041500	-0.095475
0.042000	-0.099274
0.042500	-0.103182
0.043000	-0.107198
0.043500	-0.111323
0.044000	-0.115558
0.044500	-0.119904
0.045000	-0.124359
0.045500	-0.128924
0.046000	-0.133599
0.046500	-0.138384
0.047000	-0.143277
0.047500	-0.148278
0.048000	-0.153387
0.048500	-0.158601
0.049000	-0.163919
0.049500	-0.169339
0.050000	-0.174860
0.050500	-0.180480
0.051000	-0.186195
0.051500	-0.192003
0.052000	-0.197900
0.052500	-0.203884
0.053000	-0.209951
0.053500	-0.216097
0.054000	-0.222317
0.054500	-0.228607
0.055000	-0.234962
0.055500	-0.241376
0.056000	-0.247845
0.056500	-0.254362
0.057000	-0.260921
0.057500	-0.267515
0.058000	-0.274137
0.058500	-0.280781
0.059000	-0.287438
0.059500	-0.294100
0.060000	-0.300759
0.060500	-0.307406
0.061000	-0.314032
0.061500	-0.320628
0.062000	-0.327185
0.062500	-0.333691
0.063000	-0.340136
0.063500	-0.346511
0.064000	-0.352803
0.064500	-0.359002
0.065000	-0.365095
0.065500	-0.371071
0.066000	-0.376918
0.066500	-0.382624
0.067000	-0.388174
0.067500	-0.393557
0.068000	-0.398760
0.068500	-0.403768
0.069000	-0.408570
0.069500	-0.413150
0.070000	-0.417495
0.070500	-0.421591
0.071000	-0.425425
0.071500	-0.428981
0.072000	-0.432246
0.072500	-0.435206
0.073000	-0.437847
0.073500	-0.440154
0.074000	-0.442114
0.074500	-0.443712
0.075000	-0.444935
0.075500	-0.445768
0.076000	-0.446199
0.076500	-0.446215
0.077000	-0.445802
0.077500	-0.444947
0.078000	-0.443638
0.078500	-0.441863
0.079000	-0.439611
0.079500	-0.436869
0.080000	-0.433628
0.080500	-0.429876
0.081000	-0.425605
0.081500	-0.420804
0.082000	-0.415466
0.082500	-0.409581
0.083000	-0.403143
0.083500	-0.396145
0.084000	-0.388581
0.084500	-0.380446
0.085000	-0.371734
0.085500	-0.362443
0.086000	-0.352570
0.086500	-0.342112
0.087000	-0.331069
0.087500	-0.319440
0.088000	-0.307226
0.088500	-0.294429
0.089000	-0.281051
0.089500	-0.267096
0.090000	-0.252569
0.090500	-0.237475
0.091000	-0.221821
0.091500	-0.205615
0.092000	-0.188866
0.092500	-0.171583
0.093000	-0.153777
0.093500	-0.135460
0.094000	-0.116646
0.094500	-0.097348
0.095000	-0.077582
0.095500	-0.057363
0.096000	-0.036709
0.096500	-0.015639
0.097000	0.005830
0.097500	0.027675
0.098000	0.049878
0.098500	0.072414
0.099000	0.095262
0.099500	0.118397
0.100000	0.141794
0.100500	0.165429
0.101000	0.189274
0.101500	0.213303
0.102000	0.237487
0.102500	0.261799
0.103000	0.286209
0.103500	0.310688
0.104000	0.335204
0.104500	0.359729
0.105000	0.384230
0.105500	0.408676
0.106000	0.433036
0.106500	0.457277
0.107000	0.481368
0.107500	0.505275
0.108000	0.528966
0.108500	0.552410
0.109000	0.575573
0.109500	0.598423
0.110000	0.620929
0.110500	0.643057
0.111000	0.664777
0.111500	0.686058
0.112000	0.706868
0.112500	0.727177
0.113000	0.746956
0.113500	0.766175
0.114000	0.784805
0.114500	0.802819
0.115000	0.820190
0.115500	0.836892
0.116000	0.852899
0.116500	0.868186
0.117000	0.882732
0.117500	0.896513
0.118000	0.909507
0.118500	0.921696
0.119000	0.933060
0.119500	0.943582
0.120000	0.953245
0.120500	0.962034
0.121000	0.969935
0.121500	0.976936
0.122000	0.983026
0.122500	0.988195
0.123000	0.992436
0.123500	0.995741
0.124000	0.998106
0.124500	0.999526
0.125000	1.000000
0.125500	0.999526
0.126000	0.998106
0.126500	0.995741
0.127000	0.992436
0.127500	0.988195
0.128000	0.983026
0.128500	0.976936
0.129000	0.969935
0.129500	0.962034
0.130000	0.953245
0.130500	0.943582
0.131000	0.933060
0.131500	0.921696
0.132000	0.909507
0.132500	0.896513
0.133000	0.882732
0.133500	0.868186
0.134000	0.852899
0.134500	0.836892
0.135000	0.820190
0.135500	0.802819
0.136000	0.784805
0.136500	0.766175
0.137000	0.746956
0.137500	0.727177
0.138000	0.706868
0.138500	0.686058
0.139000	0.664777
0.139500	0.643057
0.140000	0.620929
0.140500	0.598423
0.141000	0.575573
0.141500	0.552410
0.142000	0.528966
0.142500	0.505275
0.143000	0.481368
0.143500	0.457277
0.144000	0.433036
0.144500	0.408676
0.145000	0.384230
0.145500	0.359729
0.146000	0.335204
0.146500	0.310688
0.147000	0.286209
0.147500	0.261799
0.148000	0.237487
0.148500	0.213303
0.149000	0.189274
0.149500	0.165429
0.150000	0.141794
0.150500	0.118397
0.151000	0.095262
0.151500	0.072414
0.152000	0.049878
0.152500	0.027675
0.153000	0.005830
0.153500	-0.015639
0.154000	-0.036709
0.154500	-0.057363
0.155000	-0.077582
0.155500	-0.097348
0.156000	-0.116646
0.156500	-0.135460
0.157000	-0.153777
0.157500	-0.171583
0.158000	-0.188866
0.158500	-0.205615
0.159000	-0.221821
0.159500	-0.237475
0.160000	-0.252569
0.160500	-0.267096
0.161000	-0.281051
0.161500	-0.294429
0.162000	-0.307226
0.162500	-0.319440
0.163000	-0.331069
0.163500	-0.342112
0.164000	-0.352570
0.164500	-0.362443
0.165000	-0.371734
0.165500	-0.380446
0.166000	-0.388581
0.166500	-0.396145
0.167000	-0.403143
0.167500	-0.409581
0.168000	-0.415466
0.168500	-0.420804
0.169000	-0.425605
0.169500	-0.429876
0.170000	-0.433628
0.170500	-0.436869
0.171000	-0.439611
0.171500	-0.441863
0.172000	-0.443638
0.172500	-0.444947
0.173000	-0.445802
0.173500	-0.446215
0.174000	-0.446199
0.174500	-0.445768
0.175000	-0.444935
0.175500	-0.443712
0.176000	-0.442114
0.176500	-0.440154
0.177000	-0.437847
0.177500	-0.435206
0.178000	-0.432246
0.178500	-0.428981
0.179000	-0.425425
0.179500	-0.421591
0.180000	-0.417495
0.180500	-0.413150
0.181000	-0.408570
0.181500	-0.403768
0.182000	-0.398760
0.182500	-0.393557
0.183000	-0.388174
0.183500	-0.382624
0.184000	-0.376918
0.184500	-0.371071
0.185000	-0.365095
0.185500	-0.359002
0.186000	-0.352803
0.186500	-0.346511
0.187000	-0.340136
0.187500	-0.333691
0.188000	-0.327185
0.188500	-0.320628
0.189000	-0.314032
0.189500	-0.307406
0.190000	-0.300759
0.190500	-0.294100
0.191000	-0.287438
0.191500	-0.280781
0.192000	-0.274137
0.192500	-0.267515
0.193000	-0.260921
0.193500	-0.254362
0.194000	-0.247845
0.194500	-0.241376
0.195000	-0.234962
0.195500	-0.228607
0.196000	-0.222317
0.196500	-0.216097
0.197000	-0.209951
0.197500	-0.203884
0.198000	-0.197900
0.198500	-0.192003
0.199000	-0.186195
0.199500	-0.180480
0.200000	-0.174860
0.200500	-0.169339
0.201000	-0.163919
0.201500	-0.158601
0.202000	-0.153387
0.202500	-0.148278
0.203000	-0.143277
0.203500	-0.138384
0.204000	-0.133599
0.204500	-0.128924
0.205000	-0.124359
0.205500	-0.119904
0.206000	-0.115558
0.206500	-0.111323
0.207000	-0.107198
0.207500	-0.103182
0.208000	-0.099274
0.208500	-0.095475
0.209000	-0.091783
0.209500	-0.088196
0.210000	-0.084715
0.210500	-0.081338
0.211000	-0.078063
0.211500	-0.074889
0.212000	-0.071815
0.212500	-0.068839
0.213000	-0.065960
0.213500	-0.063176
0.214000	-0.060484
0.214500	-0.057885
0.215000	-0.055374
0.215500	-0.052952
0.216000	-0.050615
0.216500	-0.048362
0.217000	-0.046192
0.217500	-0.044101
0.218000	-0.042088
0.218500	-0.040152
0.219000	-0.038289
0.219500	-0.036499
0.220000	-0.034779
0.220500	-0.033127
0.221000	-0.031541
0.221500	-0.030020
0.222000	-0.028561
0.222500	-0.027162
0.223000	-0.025822
0.223500	-0.024539
0.224000	-0.023311
0.224500	-0.022135
0.225000	-0.021011
0.225500	-0.019937
0.226000	-0.018910
0.226500	-0.017929
0.227000	-0.016993
0.227500	-0.016100
0.228000	-0.015248
0.228500	-0.014435
0.229000	-0.013661
0.229500	-0.012923
0.230000	-0.012221
0.230500	-0.011553
0.231000	-0.010917
0.231500	-0.010312
0.232000	-0.009737
0.232500	-0.009191
0.233000	-0.008672
0.233500	-0.008179
0.234000	-0.007712
0.234500	-0.007269
0.235000	-0.006848
0.235500	-0.006450
0.236000	-0.006073
0.236500	-0.005715
0.237000	-0.005377
0.237500	-0.005057
0.238000	-0.004754
0.238500	-0.004467
0.239000	-0.004197
0.239500	-0.003941
0.240000	-0.003700
0.240500	-0.003472
0.241000	-0.003257
0.241500	-0.003054
0.242000	-0.002863
0.242500	-0.002683
0.243000	-0.002513
0.243500	-0.002353
0.244000	-0.002203
0.244500	-0.002061
0.245000	-0.001928
0.245500	-0.001803
0.246000	-0.001685
0.246500	-0.001574
0.247000	-0.001470
0.247500	-0.001373
0.248000	-0.001282
0.248500	-0.001196
0.249000	-0.001115
0.249500	-0.001040
0.250000	-0.000969
0.250500	-0.000903
0.251000	-0.000841
0.251500	-0.000783
0.252000	-0.000729
0.252500	-0.000678
0.253000	-0.000631
0.253500	-0.000587
0.254000	-0.000545
0.254500	-0.000506
0.255000	-0.000470
0.255500	-0.000437
0.256000	-0.000405
0.256500	-0.000376
0.257000	-0.000349
0.257500	-0.000323
0.258000	-0.000300
0.258500	-0.000278
0.259000	-0.000257
0.259500	-0.000238
0.260000	-0.000220
0.260500	-0.000204
0.261000	-0.000189
0.261500	-0.000174
0.262000	-0.000161
0.262500	-0.000149
0.263000	-0.000138
0.263500	-0.000127
0.264000	-0.000117
0.264500	-0.000108
0.265000	-0.000100
0.265500	-0.000092
0.266000	-0.000085
0.266500	-0.000078
0.267000	-0.000072
0.267500	-0.000066
0.268000	-0.000061
0.268500	-0.000056
0.269000	-0.000052
0.269500	-0.000047
0.270000	-0.000044
0.270500	-0.000040
0.271000	-0.000037
0.271500	-0.000034
0.272000	-0.000031
0.272500	-0.000028
0.273000	-0.000026
0.273500	-0.000024
0.274000	-0.000022
0.274500	-0.000020
0.275000	-0.000018
0.275500	-0.000017
0.276000	-0.000015
0.276500	-0.000014
0.277000	-0.000013
0.277500	-0.000012
0.278000	-0.000011
0.278500	-0.000010
0.279000	-0.000009
0.279500	-0.000008
0.280000	-0.000008
0.280500	-0.000007
0.281000	-0.000006
0.281500	-0.000006
0.282000	-0.000005
0.282500	-0.000005
0.283000	-0.000004
0.283500	-0.000004
0.284000	-0.000004
0.284500	-0.000003
0.285000	-0.000003
0.285500	-0.000003
0.286000	-0.000002
0.286500	-0.000002
0.287000	-0.000002
0.287500	-0.000002
0.288000	-0.000002
0.288500	-0.000002
0.289000	-0.000001
0.289500	-0.000001
0.290000	-0.000001
0.290500	-0.000001
0.291000	-0.000001
0.291500	-0.000001
0.292000	-0.000001
0.292500	-0.000001
0.293000	-0.000001
0.293500	-0.000001
0.294000	-0.000001
0.294500	-0.000000
0.295000	-0.000000
0.295500	-0.000000
0.296000	-0.000000
0.296500	-0.000000
0.297000	-0.000000
0.297500	-0.000000
0.298000	-0.000000
0.298500	-0.000000
0.299000	-0.000000
0.299500	-0.000000
0.300000	-0.000000
0.300500	-0.000000
0.301000	-0.000000
0.301500	-0.000000
0.302000	-0.000000
0.302500	-0.000000
0.303000	-0.000000
0.303500	-0.000000
0.304000	-0.000000
0.304500	-0.000000
0.305000	-0.000000
0.305500	-0.000000
0.306000	-0.000000
0.306500	-0.000000
0.307000	-0.000000
0.307500	-0.000000
0.308000	-0.000000
0.308500	-0.000000
0.309000	-0.000000
0.309500	-0.000000
0.310000	-0.000000
0.310500	-0.000000
0.311000	-0.000000
0.311500	-0.000000
0.312000	-0.000000
0.312500	-0.000000
0.313000	-0.000000
0.313500	-0.000000
0.314000	-0.000000
0.314500	-0.000000
0.315000	-0.000000
0.315500	-0.000000
0.316000	-0.000000
0.316500	-0.000000
0.317000	-0.000000
0.317500	-0.000000
0.318000	-0.000000
0.318500	-0.000000
0.319000	-0.000000
0.319500	-0.000000
0.320000	-0.000000
0.320500	-0.000000
0.321000	-0.000000
0.321500	-0.000000
0.322000	-0.000000
0.322500	-0.000000
0.323000	-0.000000
0.323500	-0.000000
0.324000	-0.000000
0.324500	-0.000000
0.325000	-0.000000
0.325500	-0.000000
0.326000	-0.000000
0.326500	-0.000000
0.327000	-0.000000
0.327500	-0.000000
0.328000	-0.000000
0.328500	-0.000000
0.329000	-0.000000
0.329500	-0.000000
0.330000	-0.000000
0.330500	-0.000000
0.331000	-0.000000
0.331500	-0.000000
0.332000	-0.000000
0.332500	-0.000000
0.333000	-0.000000
0.333500	-0.000000
0.334000	-0.000000
0.334500	-0.000000
0.335000	-0.000000
0.335500	-0.000000
0.336000	-0.000000
0.336500	-0.000000
0.337000	-0.000000
0.337500	-0.000000
0.338000	-0.000000
0.338500	-0.000000
0.339000	-0.000000
0.339500	-0.000000
0.340000	-0.000000
0.340500	-0.000000
0.341000	-0.000000
0.341500	-0.000000
0.342000	-0.000000
0.342500	-0.000000
0.343000	-0.000000
0.343500	-0.000000
0.344000	-0.000000
0.344500	-0.000000
0.345000	-0.000000
0.345500	-0.000000
0.346000	-0.000000
0.346500	-0.000000
0.347000	-0.000000
0.347500	-0.000000
0.348000	-0.000000
0.348500	-0.000000
0.349000	-0.000000
0.349500	-0.000000
0.350000	-0.000000
0.350500	-0.000000
0.351000	-0.000000
0.351500	-0.000000
0.352000	-0.000000
0.352500	-0.000000
0.353000	-0.000000
0.353500	-0.000000
0.354000	-0.000000
0.354500	-0.000000
0.355000	-0.000000
0.355500	-0.000000
0.356000	-0.000000
0.356500	-0.000000
0.357000	-0.000000
0.357500	-0.000000
0.358000	-0.000000
0.358500	-0.000000
0.359000	-0.000000
0.359500	-0.000000
0.360000	-0.000000
0.360500	-0.000000
0.361000	-0.000000
0.361500	-0.000000
0.362000	-0.000000
0.362500	-0.000000
0.363000	-0.000000
0.363500	-0.000000
0.364000	-0.000000
0.364500	-0.000000
0.365000	-0.000000
0.365500	-0.000000
0.366000	-0.000000
0.366500	-0.000000
0.367000	-0.000000
0.367500	-0.000000
0.368000	-0.000000
0.368500	-0.000000
0.369000	-0.000000
0.369500	-0.000000
0.370000	-0.000000
0.370500	-0.000000
0.371000	-0.000000
0.371500	-0.000000
0.372000	-0.000000
0.372500	-0.000000
0.373000	-0.000000
0.373500	-0.000000
0.374000	-0.000000
0.374500	-0.000000
0.375000	-0.000000
0.375500	-0.000000
0.376000	-0.000000
0.376500	-0.000000
0.377000	-0.000000
0.377500	-0.000000
0.378000	-0.000000
0.378500	-0.000000
0.379000	-0.000000
0.379500	-0.000000
0.380000	-0.000000
0.380500	-0.000000
0.381000	-0.000000
0.381500	-0.000000
0.382000	-0.000000
0.382500	-0.000000
0.383000	-0.000000
0.383500	-0.000000
0.384000	-0.000000
0.384500	-0.000000
0.385000	-0.000000
0.385500	-0.000000
0.386000	-0.000000
0.386500	-0.000000
0.387000	-0.000000
0.387500	-0.000000
0.388000	-0.000000
0.388500	-0.000000
0.389000	-0.000000
0.389500	-0.000000
0.390000	-0.000000
0.390500	-0.000000
0.391000	-0.000000
0.391500	-0.000000
0.392000	-0.000000
0.392500	-0.000000
0.393000	-0.000000
0.393500	-0.000000
0.394000	-0.000000
0.394500	-0.000000
0.395000	-0.000000
0.395500	-0.000000
0.396000	-0.000000
0.396500	-0.000000
0.397000	-0.000000
0.397500	-0.000000
0.398000	-0.000000
0.398500	-0.000000
0.399000	-0.000000
0.399500	-0.000000
0.400000	-0.000000
0.400500	-0.000000
0.401000	-0.000000
0.401500	-0.000000
0.402000	-0.000000
0.402500	-0.000000
0.403000	-0.000000
0.403500	-0.000000
0.404000	-0.000000
0.404500	-0.000000
0.405000	-0.000000
0.405500	-0.000000
0.406000	-0.000000
0.406500	-0.000000
0.407000	-0.000000
0.407500	-0.000000
0.408000	-0.000000
0.408500	-0.000000
0.409000	-0.000000
0.409500	-0.000000
0.410000	-0.000000
0.410500	-0.000000
0.411000	-0.000000
0.411500	-0.000000
0.412000	-0.000000
0.412500	-0.000000
0.413000	-0.000000
0.413500	-0.000000
0.414000	-0.000000
0.414500	-0.000000
0.415000	-0.000000
0.415500	-0.000000
0.416000	-0.000000
0.416500	-0.000000
0.417000	-0.000000
0.417500	-0.000000
0.418000	-0.000000
0.418500	-0.000000
0.419000	-0.000000
0.419500	-0.000000
0.420000	-0.000000
0.420500	-0.000000
0.421000	-0.000000
0.421500	-0.000000
0.422000	-0.000000
0.422500	-0.000000
0.423000	-0.000000
0.423500	-0.000000
0.424000	-0.000000
0.424500	-0.000000
0.425000	-0.000000
0.425500	-0.000000
0.426000	-0.000000
0.426500	-0.000000
0.427000	-0.000000
0.427500	-0.000000
0.428000	-0.000000
0.428500	-0.000000
0.429000	-0.000000
0.429500	-0.000000
0.430000	-0.000000
0.430500	-0.000000
0.431000	-0.000000
0.431500	-0.000000
0.432000	-0.000000
0.432500	-0.000000
0.433000	-0.000000
0.433500	-0.000000
0.434000	-0.000000
0.434500	-0.000000
0.435000	-0.000000
0.435500	-0.000000
0.436000	-0.000000
0.436500	-0.000000
0.437000	-0.000000
0.437500	-0.000000
0.438000	-0.000000
0.438500	-0.000000
0.439000	-0.000000
0.439500	-0.000000
0.440000	-0.000000
0.440500	-0.000000
0.441000	-0.000000
0.441500	-0.000000
0.442000	-0.000000
0.442500	-0.000000
0.443000	-0.000000
0.443500	-0.000000
0.444000	-0.000000
0.444500	-0.000000
0.445000	-0.000000
0.445500	-0.000000
0.446000	-0.000000
0.446500	-0.000000
0.447000	-0.000000
0.447500	-0.000000
0.448000	-0.000000
0.448500	-0.000000
0.449000	-0.000000
0.449500	-0.000000
0.450000	-0.000000
0.450500	-0.000000
0.451000	-0.000000
0.451500	-0.000000
0.452000	-0.000000
0.452500	-0.000000
0.453000	-0.000000
0.453500	-0.000000
0.454000	-0.000000
0.454500	-0.000000
0.455000	-0.000000
0.455500	-0.000000
0.456000	-0.000000
0.456500	-0.000000
0.457000	-0.000000
0.457500	-0.000000
0.458000	-0.000000
0.458500	-0.000000
0.459000	-0.000000
0.459500	-0.000000
0.460000	-0.000000
0.460500	-0.000000
0.461000	-0.000000
0.461500	-0.000000
0.462000	-0.000000
0.462500	-0.000000
0.463000	-0.000000
0.463500	-0.000000
0.464000	-0.000000
0.464500	-0.000000
0.465000	-0.000000
0.465500	-0.000000
0.466000	-0.000000
0.466500	-0.000000
0.467000	-0.000000
0.467500	-0.000000
0.468000	-0.000000
0.468500	-0.000000
0.469000	-0.000000
0.469500	-0.000000
0.470000	-0.000000
0.470500	-0.000000
0.471000	-0.000000
0.471500	-0.000000
0.472000	-0.000000
0.472500	-0.000000
0.473000	-0.000000
0.473500	-0.000000
0.474000	-0.000000
0.474500	-0.000000
0.475000	-0.000000
0.475500	-0.000000
0.476000	-0.000000
0.476500	-0.000000
0.477000	-0.000000
0.477500	-0.000000
0.478000	-0.000000
0.478500	-0.000000
0.479000	-0.000000
0.479500	-0.000000
0.480000	-0.000000
0.480500	-0.000000
0.481000	-0.000000
0.481500	-0.000000
0.482000	-0.000000
0.482500	-0.000000
0.483000	-0.000000
0.483500	-0.000000
0.484000	-0.000000
0.484500	-0.000000
0.485000	-0.000000
0.485500	-0.000000
0.486000	-0.000000
0.486500	-0.000000
0.487000	-0.000000
0.487500	-0.000000
0.488000	-0.000000
0.488500	-0.000000
0.489000	-0.000000
0.489500	-0.000000
0.490000	-0.000000
0.490500	-0.000000
0.491000	-0.000000
0.491500	-0.000000
0.492000	-0.000000
0.492500	-0.000000
0.493000	-0.000000
0.493500	-0.000000
0.494000	-0.000000
0.494500	-0.000000
0.495000	-0.000000
0.495500	-0.000000
0.496000	-0.000000
0.496500	-0.000000
0.497000	-0.000000
0.497500	-0.000000
0.498000	-0.000000
0.498500	-0.000000
0.499000	-0.000000
0.499500	-0.000000
0.500000	-0.000000
0.500500	-0.000000
0.501000	-0.000000
0.501500	-0.000000
0.502000	-0.000000
0.502500	-0.000000
0.503000	-0.000000
0.503500	-0.000000
0.504000	-0.000000
0.504500	-0.000000
0.505000	-0.000000
0.505500	-0.000000
0.506000	-0.000000
0.506500	-0.000000
0.507000	-0.000000
0.507500	-0.000000
0.508000	-0.000000
0.508500	-0.000000
0.509000	-0.000000
0.509500	-0.000000
0.510000	-0.000000
0.510500	-0.000000
0.511000	-0.000000
0.511500	-0.000000
0.512000	-0.000000
0.512500	-0.000000
0.513000	-0.000000
0.513500	-0.000000
0.514000	-0.000000
0.514500	-0.000000
0.515000	-0.000000
0.515500	-0.000000
0.516000	-0.000000
0.516500	-0.000000
0.517000	-0.000000
0.517500	-0.000000
0.518000	-0.000000
0.518500	-0.000000
0.519000	-0.000000
0.519500	-0.000000
0.520000	-0.000000
0.520500	-0.000000
0.521000	-0.000000
0.521500	-0.000000
0.522000	-0.000000
0.522500	-0.000000
0.523000	-0.000000
0.523500	-0.000000
0.524000	-0.000000
0.524500	-0.000000
0.525000	-0.000000
0.525500	-0.000000
0.526000	-0.000000
0.526500	-0.000000
0.527000	-0.000000
0.527500	-0.000000
0.528000	-0.000000
0.528500	-0.000000
0.529000	-0.000000
0.529500	-0.000000
0.530000	-0.000000
0.530500	-0.000000
0.531000	-0.000000
0.531500	-0.000000
0.532000	-0.000000
0.532500	-0.000000
0.533000	-0.000000
0.533500	-0.000000
0.534000	-0.000000
0.534500	-0.000000
0.535000	-0.000000
0.535500	-0.000000
0.536000	-0.000000
0.536500	-0.000000
0.537000	-0.000000
0.537500	-0.000000
0.538000	-0.000000
0.538500	-0.000000
0.539000	-0.000000
0.539500	-0.000000
0.540000	-0.000000
0.540500	-0.000000
0.541000	-0.000000
0.541500	-0.000000
0.542000	-0.000000
0.542500	-0.000000
0.543000	-0.000000
0.543500	-0.000000
0.544000	-0.000000
0.544500	-0.000000
0.545000	-0.000000
0.545500	-0.000000
0.546000	-0.000000
0.546500	-0.000000
0.547000	-0.000000
0.547500	-0.000000
0.548000	-0.000000
0.548500	-0.000000
0.549000	-0.000000
0.549500	-0.000000
0.550000	-0.000000
0.550500	-0.000000
0.551000	-0.000000
0.551500	-0.000000
0.552000	-0.000000
0.552500	-0.000000
0.553000	-0.000000
0.553500	-0.000000
0.554000	-0.000000
0.554500	-0.000000
0.555000	-0.000000
0.555500	-0.000000
0.556000	-0.000000
0.556500	-0.000000
0.557000	-0.000000
0.557500	-0.000000
0.558000	-0.000000
0.558500	-0.000000
0.559000	-0.000000
0.559500	-0.000000
0.560000	-0.000000
0.560500	-0.000000
0.561000	-0.000000
0.561500	-0.000000
0.562000	-0.000000
0.562500	-0.000000
0.563000	-0.000000
0.563500	-0.000000
0.564000	-0.000000
0.564500	-0.000000
0.565000	-0.000000
0.565500	-0.000000
0.566000	-0.000000
0.566500	-0.000000
0.567000	-0.000000
0.567500	-0.000000
0.568000	-0.000000
0.568500	-0.000000
0.569000	-0.000000
0.569500	-0.000000
0.570000	-0.000000
0.570500	-0.000000
0.571000	-0.000000
0.571500	-0.000000
0.572000	-0.000000
0.572500	-0.000000
0.573000	-0.000000
0.573500	-0.000000
0.574000	-0.000000
0.574500	-0.000000
0.575000	-0.000000
0.575500	-0.000000
0.576000	-0.000000
0.576500	-0.000000
0.577000	-0.000000
0.577500	-0.000000
0.578000	-0.000000
0.578500	-0.000000
0.579000	-0.000000
0.579500	-0.000000
0.580000	-0.000000
0.580500	-0.000000
0.581000	-0.000000
0.581500	-0.000000
0.582000	-0.000000
0.582500	-0.000000
0.583000	-0.000000
0.583500	-0.000000
0.584000	-0.000000
0.584500	-0.000000
0.585000	-0.000000
0.585500	-0.000000
0.586000	-0.000000
0.586500	-0.000000
0.587000	-0.000000
0.587500	-0.000000
0.588000	-0.000000
0.588500	-0.000000
0.589000	-0.000000
0.589500	-0.000000
0.590000	-0.000000
0.590500	-0.000000
0.591000	-0.000000
0.591500	-0.000000
0.592000	-0.000000
0.592500	-0.000000
0.593000	-0.000000
0.593500	-0.000000
0.594000	-0.000000
0.594500	-0.000000
0.595000	-0.000000
0.595500	-0.000000
0.596000	-0.000000
0.596500	-0.000000
0.597000	-0.000000
0.597500	-0.000000
0.598000	-0.000000
0.598500	-0.000000
0.599000	-0.000000
0.599500	-0.000000
0.600000	-0.000000
0.600500	-0.000000
0.601000	-0.000000
0.601500	-0.000000
0.602000	-0.000000
0.602500	-0.000000
0.603000	-0.000000
0.603500	-0.000000
0.604000	-0.000000
0.604500	-0.000000
0.605000	-0.000000
0.605500	-0.000000
0.606000	-0.000000
0.606500	-0.000000
0.607000	-0.000000
0.607500	-0.000000
0.608000	-0.000000
0.608500	-0.000000
0.609000	-0.000000
0.609500	-0.000000
0.610000	-0.000000
0.610500	-0.000000
0.611000	-0.000000
0.611500	-0.000000
0.612000	-0.000000
0.612500	-0.000000
0.613000	-0.000000
0.613500	-0.000000
0.614000	-0.000000
0.614500	-0.000000
0.615000	-0.000000
0.615500	-0.000000
0.616000	-0.000000
0.616500	-0.000000
0.617000	-0.000000
0.617500	-0.000000
0.618000	-0.000000
0.618500	-0.000000
0.619000	-0.000000
0.619500	-0.000000
0.620000	-0.000000
0.620500	-0.000000
0.621000	-0.000000
0.621500	-0.000000
0.622000	-0.000000
0.622500	-0.000000
0.623000	-0.000000
0.623500	-0.000000
0.624000	-0.000000
0.624500	-0.000000
0.625000	-0.000000
0.625500	-0.000000
0.626000	-0.000000
0.626500	-0.000000
0.627000	-0.000000
0.627500	-0.000000
0.628000	-0.000000
0.628500	-0.000000
0.629000	-0.000000
0.629500	-0.000000
0.630000	-0.000000
0.630500	-0.000000
0.631000	-0.000000
0.631500	-0.000000
0.632000	-0.000000
0.632500	-0.000000
0.633000	-0.000000
0.633500	-0.000000
0.634000	-0.000000
0.634500	-0.000000
0.635000	-0.000000
0.635500	-0.000000
0.636000	-0.000000
0.636500	-0.000000
0.637000	-0.000000
0.637500	-0.000000
0.638000	-0.000000
0.638500	-0.000000
0.639000	-0.000000
0.639500	-0.000000
0.640000	-0.000000
0.640500	-0.000000
0.641000	-0.000000
0.641500	-0.000000
0.642000	-0.000000
0.642500	-0.000000
0.643000	-0.000000
0.643500	-0.000000
0.644000	-0.000000
0.644500	-0.000000
0.645000	-0.000000
0.645500	-0.000000
0.646000	-0.000000
0.646500	-0.000000
0.647000	-0.000000
0.647500	-0.000000
0.648000	-0.000000
0.648500	-0.000000
0.649000	-0.000000
0.649500	-0.000000
0.650000	-0.000000
0.650500	-0.000000
0.651000	-0.000000
0.651500	-0.000000
0.652000	-0.000000
0.652500	-0.000000
0.653000	-0.000000
0.653500	-0.000000
0.654000	-0.000000
0.654500	-0.000000
0.655000	-0.000000
0.655500	-0.000000
0.656000	-0.000000
0.656500	-0.000000
0.657000	-0.000000
0.657500	-0.000000
0.658000	-0.000000
0.658500	-0.000000
0.659000	-0.000000
0.659500	-0.000000
0.660000	-0.000000
0.660500	-0.000000
0.661000	-0.000000
0.661500	-0.000000
0.662000	-0.000000
0.662500	-0.000000
0.663000	-0.000000
0.663500	-0.000000
0.664000	-0.000000
0.664500	-0.000000
0.665000	-0.000000
0.665500	-0.000000
0.666000	-0.000000
0.666500	-0.000000
0.667000	-0.000000
0.667500	-0.000000
0.668000	-0.000000
0.668500	-0.000000
0.669000	-0.000000
0.669500	-0.000000
0.670000	-0.000000
0.670500	-0.000000
0.671000	-0.000000
0.671500	-0.000000
0.672000	-0.000000
0.672500	-0.000000
0.673000	-0.000000
0.673500	-0.000000
0.674000	-0.000000
0.674500	-0.000000
0.675000	-0.000000
0.675500	-0.000000
0.676000	-0.000000
0.676500	-0.000000
0.677000	-0.000000
0.677500	-0.000000
0.678000	-0.000000
0.678500	-0.000000
0.679000	-0.000000
0.679500	-0.000000
0.680000	-0.000000
0.680500	-0.000000
0.681000	-0.000000
0.681500	-0.000000
0.682000	-0.000000
0.682500	-0.000000
0.683000	-0.000000
0.683500	-0.000000
0.684000	-0.000000
0.684500	-0.000000
0.685000	-0.000000
0.685500	-0.000000
0.686000	-0.000000
0.686500	-0.000000
0.687000	-0.000000
0.687500	-0.000000
0.688000	-0.000000
0.688500	-0.000000
0.689000	-0.000000
0.689500	-0.000000
0.690000	-0.000000
0.690500	-0.000000
0.691000	-0.000000
0.691500	-0.000000
0.692000	-0.000000
0.692500	-0.000000
0.693000	-0.000000
0.693500	-0.000000
0.694000	-0.000000
0.694500	-0.000000
0.695000	-0.000000
0.695500	-0.000000
0.696000	-0.000000
0.696500	-0.000000
0.697000	-0.000000
0.697500	-0.000000
0.698000	-0.000000
0.698500	-0.000000
0.699000	-0.000000
0.699500	-0.000000
0.700000	-0.000000
0.700500	-0.000000
0.701000	-0.000000
0.701500	-0.000000
0.702000	-0.000000
0.702500	-0.000000
0.703000	-0.000000
0.703500	-0.000000
0.704000	-0.000000
0.704500	-0.000000
0.705000	-0.000000
0.705500	-0.000000
0.706000	-0.000000
0.706500	-0.000000
0.707000	-0.000000
0.707500	-0.000000
0.708000	-0.000000
0.708500	-0.000000
0.709000	-0.000000
0.709500	-0.000000
0.710000	-0.000000
0.710500	-0.000000
0.711000	-0.000000
0.711500	-0.000000
0.712000	-0.000000
0.712500	-0.000000
0.713000	-0.000000
0.713500	-0.000000
0.714000	-0.000000
0.714500	-0.000000
0.715000	-0.000000
0.715500	-0.000000
0.716000	-0.000000
0.716500	-0.000000
0.717000	-0.000000
0.717500	-0.000000
0.718000	-0.000000
0.718500	-0.000000
0.719000	-0.000000
0.719500	-0.000000
0.720000	-0.000000
0.720500	-0.000000
0.721000	-0.000000
0.721500	-0.000000
0.722000	-0.000000
0.722500	-0.000000
0.723000	-0.000000
0.723500	-0.000000
0.724000	-0.000000
0.724500	-0.000000
0.725000	-0.000000
0.725500	-0.000000
0.726000	-0.000000
0.726500	-0.000000
0.727000	-0.000000
0.727500	-0.000000
0.728000	-0.000000
0.728500	-0.000000
0.729000	-0.000000
0.729500	-0.000000
0.730000	-0.000000
0.730500	-0.000000
0.731000	-0.000000
0.731500	-0.000000
0.732000	-0.000000
0.732500	-0.000000
0.733000	-0.000000
0.733500	-0.000000
0.734000	-0.000000
0.734500	-0.000000
0.735000	-0.000000
0.735500	-0.000000
0.736000	-0.000000
0.736500	-0.000000
0.737000	-0.000000
0.737500	-0.000000
0.738000	-0.000000
0.738500	-0.000000
0.739000	-0.000000
0.739500	-0.000000
0.740000	-0.000000
0.740500	-0.000000
0.741000	-0.000000
0.741500	-0.000000
0.742000	-0.000000
0.742500	-0.000000
0.743000	-0.000000
0.743500	-0.000000
0.744000	-0.000000
0.744500	-0.000000
0.745000	-0.000000
0.745500	-0.000000
0.746000	-0.000000
0.746500	-0.000000
0.747000	-0.000000
0.747500	-0.000000
0.748000	-0.000000
0.748500	-0.000000
0.749000	-0.000000
0.749500	-0.000000
0.750000	-0.000000
0.750500	-0.000000
0.751000	-0.000000
0.751500	-0.000000
0.752000	-0.000000
0.752500	-0.000000
0.753000	-0.000000
0.753500	-0.000000
0.754000	-0.000000
0.754500	-0.000000
0.755000	-0.000000
0.755500	-0.000000
0.756000	-0.000000
0.756500	-0.000000
0.757000	-0.000000
0.757500	-0.000000
0.758000	-0.000000
0.758500	-0.000000
0.759000	-0.000000
0.759500	-0.000000
0.760000	-0.000000
0.760500	-0.000000
0.761000	-0.000000
0.761500	-0.000000
0.762000	-0.000000
0.762500	-0.000000
0.763000	-0.000000
0.763500	-0.000000
0.764000	-0.000000
0.764500	-0.000000
0.765000	-0.000000
0.765500	-0.000000
0.766000	-0.000000
0.766500	-0.000000
0.767000	-0.000000
0.767500	-0.000000
0.768000	-0.000000
0.768500	-0.000000
0.769000	-0.000000
0.769500	-0.000000
0.770000	-0.000000
0.770500	-0.000000
0.771000	-0.000000
0.771500	-0.000000
0.772000	-0.000000
0.772500	-0.000000
0.773000	-0.000000
0.773500	-0.000000
0.774000	-0.000000
0.774500	-0.000000
0.775000	-0.000000
0.775500	-0.000000
0.776000	-0.000000
0.776500	-0.000000
0.777000	-0.000000
0.777500	-0.000000
0.778000	-0.000000
0.778500	-0.000000
0.779000	-0.000000
0.779500	-0.000000
0.780000	-0.000000
0.780500	-0.000000
0.781000	-0.000000
0.781500	-0.000000
0.782000	-0.000000
0.782500	-0.000000
0.783000	-0.000000
0.783500	-0.000000
0.784000	-0.000000
0.784500	-0.000000
0.785000	-0.000000
0.785500	-0.000000
0.786000	-0.000000
0.786500	-0.000000
0.787000	-0.000000
0.787500	-0.000000
0.788000	-0.000000
0.788500	-0.000000
0.789000	-0.000000
0.789500	-0.000000
0.790000	-0.000000
0.790500	-0.000000
0.791000	-0.000000
0.791500	-0.000000
0.792000	-0.000000
0.792500	-0.000000
0.793000	-0.000000
0.793500	-0.000000
0.794000	-0.000000
0.794500	-0.000000
0.795000	-0.000000
0.795500	-0.000000
0.796000	-0.000000
0.796500	-0.000000
0.797000	-0.000000
0.797500	-0.000000
0.798000	-0.000000
0.798500	-0.000000
0.799000	-0.000000
0.799500	-0.000000
0.800000	-0.000000
0.800500	-0.000000
0.801000	-0.000000
0.801500	-0.000000
0.802000	-0.000000
0.802500	-0.000000
0.803000	-0.000000
0.803500	-0.000000
0.804000	-0.000000
0.804500	-0.000000
0.805000	-0.000000
0.805500	-0.000000
0.806000	-0.000000
0.806500	-0.000000
0.807000	-0.000000
0.807500	-0.000000
0.808000	-0.000000
0.808500	-0.000000
0.809000	-0.000000
0.809500	-0.000000
0.810000	-0.000000
0.810500	-0.000000
0.811000	-0.000000
0.811500	-0.000000
0.812000	-0.000000
0.812500	-0.000000
0.813000	-0.000000
0.813500	-0.000000
0.814000	-0.000000
0.814500	-0.000000
0.815000	-0.000000
0.815500	-0.000000
0.816000	-0.000000
0.816500	-0.000000
0.817000	-0.000000
0.817500	-0.000000
0.818000	-0.000000
0.818500	-0.000000
0.819000	-0.000000
0.819500	-0.000000
0.820000	-0.000000
0.820500	-0.000000
0.821000	-0.000000
0.821500	-0.000000
0.822000	-0.000000
0.822500	-0.000000
0.823000	-0.000000
0.823500	-0.000000
0.824000	-0.000000
0.824500	-0.000000
0.825000	-0.000000
0.825500	-0.000000
0.826000	-0.000000
0.826500	-0.000000
0.827000	-0.000000
0.827500	-0.000000
0.828000	-0.000000
0.828500	-0.000000
0.829000	-0.000000
0.829500	-0.000000
0.830000	-0.000000
0.830500	-0.000000
0.831000	-0.000000
0.831500	-0.000000
0.832000	-0.000000
0.832500	-0.000000
0.833000	-0.000000
0.833500	-0.000000
0.834000	-0.000000
0.834500	-0.000000
0.835000	-0.000000
0.835500	-0.000000
0.836000	-0.000000
0.836500	-0.000000
0.837000	-0.000000
0.837500	-0.000000
0.838000	-0.000000
0.838500	-0.000000
0.839000	-0.000000
0.839500	-0.000000
0.840000	-0.000000
0.840500	-0.000000
0.841000	-0.000000
0.841500	-0.000000
0.842000	-0.000000
0.842500	-0.000000
0.843000	-0.000000
0.843500	-0.000000
0.844000	-0.000000
0.844500	-0.000000
0.845000	-0.000000
0.845500	-0.000000
0.846000	-0.000000
0.846500	-0.000000
0.847000	-0.000000
0.847500	-0.000000
0.848000	-0.000000
0.848500	-0.000000
0.849000	-0.000000
0.849500	-0.000000
0.850000	-0.000000
0.850500	-0.000000
0.851000	-0.000000
0.851500	-0.000000
0.852000	-0.000000
0.852500	-0.000000
0.853000	-0.000000
0.853500	-0.000000
0.854000	-0.000000
0.854500	-0.000000
0.855000	-0.000000
0.855500	-0.000000
0.856000	-0.000000
0.856500	-0.000000
0.857000	-0.000000
0.857500	-0.000000
0.858000	-0.000000
0.858500	-0.000000
0.859000	-0.000000
0.859500	-0.000000
0.860000	-0.000000
0.860500	-0.000000
0.861000	-0.000000
0.861500	-0.000000
0.862000	-0.000000
0.862500	-0.000000
0.863000	-0.000000
0.863500	-0.000000
0.864000	-0.000000
0.864500	-0.000000
0.865000	-0.000000
0.865500	-0.000000
0.866000	-0.000000
0.866500	-0.000000
0.867000	-0.000000
0.867500	-0.000000
0.868000	-0.000000
0.868500	-0.000000
0.869000	-0.000000
0.869500	-0.000000
0.870000	-0.000000
0.870500	-0.000000
0.871000	-0.000000
0.871500	-0.000000
0.872000	-0.000000
0.872500	-0.000000
0.873000	-0.000000
0.873500	-0.000000
0.874000	-0.000000
0.874500	-0.000000
0.875000	-0.000000
0.875500	-0.000000
0.876000	-0.000000
0.876500	-0.000000
0.877000	-0.000000
0.877500	-0.000000
0.878000	-0.000000
0.878500	-0.000000
0.879000	-0.000000
0.879500	-0.000000
0.880000	-0.000000
0.880500	-0.000000
0.881000	-0.000000
0.881500	-0.000000
0.882000	-0.000000
0.882500	-0.000000
0.883000	-0.000000
0.883500	-0.000000
0.884000	-0.000000
0.884500	-0.000000
0.885000	-0.000000
0.885500	-0.000000
0.886000	-0.000000
0.886500	-0.000000
0.887000	-0.000000
0.887500	-0.000000
0.888000	-0.000000
0.888500	-0.000000
0.889000	-0.000000
0.889500	-0.000000
0.890000	-0.000000
0.890500	-0.000000
0.891000	-0.000000
0.891500	-0.000000
0.892000	-0.000000
0.892500	-0.000000
0.893000	-0.000000
0.893500	-0.000000
0.894000	-0.000000
0.894500	-0.000000
0.895000	-0.000000
0.895500	-0.000000
0.896000	-0.000000
0.896500	-0.000000
0.897000	-0.000000
0.897500	-0.000000
0.898000	-0.000000
0.898500	-0.000000
0.899000	-0.000000
0.899500	-0.000000
0.900000	-0.000000
0.900500	-0.000000
0.901000	-0.000000
0.901500	-0.000000
0.902000	-0.000000
0.902500	-0.000000
0.903000	-0.000000
0.903500	-0.000000
0.904000	-0.000000
0.904500	-0.000000
0.905000	-0.000000
0.905500	-0.000000
0.906000	-0.000000
0.906500	-0.000000
0.907000	-0.000000
0.907500	-0.000000
0.908000	-0.000000
0.908500	-0.000000
0.909000	-0.000000
0.909500	-0.000000
0.910000	-0.000000
0.910500	-0.000000
0.911000	-0.000000
0.911500	-0.000000
0.912000	-0.000000
0.912500	-0.000000
0.913000	-0.000000
0.913500	-0.000000
0.914000	-0.000000
0.914500	-0.000000
0.915000	-0.000000
0.915500	-0.000000
0.916000	-0.000000
0.916500	-0.000000
0.917000	-0.000000
0.917500	-0.000000
0.918000	-0.000000
0.918500	-0.000000
0.919000	-0.000000
0.919500	-0.000000
0.920000	-0.000000
0.920500	-0.000000
0.921000	-0.000000
0.921500	-0.000000
0.922000	-0.000000
0.922500	-0.000000
0.923000	-0.000000
0.923500	-0.000000
0.924000	-0.000000
0.924500	-0.000000
0.925000	-0.000000
0.925500	-0.000000
0.926000	-0.000000
0.926500	-0.000000
0.927000	-0.000000
0.927500	-0.000000
0.928000	-0.000000
0.928500	-0.000000
0.929000	-0.000000
0.929500	-0.000000
0.930000	-0.000000
0.930500	-0.000000
0.931000	-0.000000
0.931500	-0.000000
0.932000	-0.000000
0.932500	-0.000000
0.933000	-0.000000
0.933500	-0.000000
0.934000	-0.000000
0.934500	-0.000000
0.935000	-0.000000
0.935500	-0.000000
0.936000	-0.000000
0.936500	-0.000000
0.937000	-0.000000
0.937500	-0.000000
0.938000	-0.000000
0.938500	-0.000000
0.939000	-0.000000
0.939500	-0.000000
0.940000	-0.000000
0.940500	-0.000000
0.941000	-0.000000
0.941500	-0.000000
0.942000	-0.000000
0.942500	-0.000000
0.943000	-0.000000
0.943500	-0.000000
0.944000	-0.000000
0.944500	-0.000000
0.945000	-0.000000
0.945500	-0.000000
0.946000	-0.000000
0.946500	-0.000000
0.947000	-0.000000
0.947500	-0.000000
0.948000	-0.000000
0.948500	-0.000000
0.949000	-0.000000
0.949500	-0.000000
0.950000	-0.000000
0.950500	-0.000000
0.951000	-0.000000
0.951500	-0.000000
0.952000	-0.000000
0.952500	-0.000000
0.953000	-0.000000
0.953500	-0.000000
0.954000	-0.000000
0.954500	-0.000000
0.955000	-0.000000
0.955500	-0.000000
0.956000	-0.000000
0.956500	-0.000000
0.957000	-0.000000
0.957500	-0.000000
0.958000	-0.000000
0.958500	-0.000000
0.959000	-0.000000
0.959500	-0.000000
0.960000	-0.000000
0.960500	-0.000000
0.961000	-0.000000
0.961500	-0.000000
0.962000	-0.000000
0.962500	-0.000000
0.963000	-0.000000
0.963500	-0.000000
0.964000	-0.000000
0.964500	-0.000000
0.965000	-0.000000
0.965500	-0.000000
0.966000	-0.000000
0.966500	-0.000000
0.967000	-0.000000
0.967500	-0.000000
0.968000	-0.000000
0.968500	-0.000000
0.969000	-0.000000
0.969500	-0.000000
0.970000	-0.000000
0.970500	-0.000000
0.971000	-0.000000
0.971500	-0.000000
0.972000	-0.000000
0.972500	-0.000000
0.973000	-0.000000
0.973500	-0.000000
0.974000	-0.000000
0.974500	-0.000000
0.975000	-0.000000
0.975500	-0.000000
0.976000	-0.000000
0.976500	-0.000000
0.977000	-0.000000
0.977500	-0.000000
0.978000	-0.000000
0.978500	-0.000000
0.979000	-0.000000
0.979500	-0.000000
0.980000	-0.000000
0.980500	-0.000000
0.981000	-0.000000
0.981500	-0.000000
0.982000	-0.000000
0.982500	-0.000000
0.983000	-0.000000
0.983500	-0.000000
0.984000	-0.000000
0.984500	-0.000000
0.985000	-0.000000
0.985500	-0.000000
0.986000	-0.000000
0.986500	-0.000000
0.987000	-0.000000
0.987500	-0.000000
0.988000	-0.000000
0.988500	-0.000000
0.989000	-0.000000
0.989500	-0.000000
0.990000	-0.000000
0.990500	-0.000000
0.991000	-0.000000
0.991500	-0.000000
0.992000	-0.000000
0.992500	-0.000000
0.993000	-0.000000
0.993500	-0.000000
0.994000	-0.000000
0.994500	-0.000000
0.995000	-0.000000
0.995500	-0.000000
0.996000	-0.000000
0.996500	-0.000000
0.997000	-0.000000
0.997500	-0.000000
0.998000	-0.000000
0.998500	-0.000000
0.999000	-0.000000
0.999500	-0.000000
1.000000	-0.000000
1.000500	-0.000000
1.001000	-0.000000
1.001500	-0.000000
1.002000	-0.000000
1.002500	-0.000000
1.003000	-0.000000
1.003500	-0.000000
1.004000	-0.000000
1.004500	-0.000000
1.005000	-0.000000
1.005500	-0.000000
1.006000	-0.000000
1.006500	-0.000000
1.007000	-0.000000
1.007500	-0.000000
1.008000	-0.000000
1.008500	-0.000000
1.009000	-0.000000
1.009500	-0.000000
1.010000	-0.000000
1.010500	-0.000000
1.011000	-0.000000
1.011500	-0.000000
1.012000	-0.000000
1.012500	-0.000000
1.013000	-0.000000
1.013500	-0.000000
1.014000	-0.000000
1.014500	-0.000000
1.015000	-0.000000
1.015500	-0.000000
1.016000	-0.000000
1.016500	-0.000000
1.017000	-0.000000
1.017500	-0.000000
1.018000	-0.000000
1.018500	-0.000000
1.019000	-0.000000
1.019500	-0.000000
1.020000	-0.000000
1.020500	-0.000000
1.021000	-0.000000
1.021500	-0.000000
1.022000	-0.000000
1.022500	-0.000000
1.023000	-0.000000
1.023500	-0.000000
1.024000	-0.000000
1.024500	-0.000000
1.025000	-0.000000
1.025500	-0.000000
1.026000	-0.000000
1.026500	-0.000000
1.027000	-0.000000
1.027500	-0.000000
1.028000	-0.000000
1.028500	-0.000000
1.029000	-0.000000
1.029500	-0.000000
1.030000	-0.000000
1.030500	-0.000000
1.031000	-0.000000
1.031500	-0.000000
1.032000	-0.000000
1.032500	-0.000000
1.033000	-0.000000
1.033500	-0.000000
1.034000	-0.000000
1.034500	-0.000000
1.035000	-0.000000
1.035500	-0.000000
1.036000	-0.000000
1.036500	-0.000000
1.037000	-0.000000
1.037500	-0.000000
1.038000	-0.000000
1.038500	-0.000000
1.039000	-0.000000
1.039500	-0.000000
1.040000	-0.000000
1.040500	-0.000000
1.041000	-0.000000
1.041500	-0.000000
1.042000	-0.000000
1.042500	-0.000000
1.043000	-0.000000
1.043500	-0.000000
1.044000	-0.000000
1.044500	-0.000000
1.045000	-0.000000
1.045500	-0.000000
1.046000	-0.000000
1.046500	-0.000000
1.047000	-0.000000
1.047500	-0.000000
1.048000	-0.000000
1.048500	-0.000000
1.049000	-0.000000
1.049500	-0.000000
1.050000	-0.000000
1.050500	-0.000000
1.051000	-0.000000
1.051500	-0.000000
1.052000	-0.000000
1.052500	-0.000000
1.053000	-0.000000
1.053500	-0.000000
1.054000	-0.000000
1.054500	-0.000000
1.055000	-0.000000
1.055500	-0.000000
1.056000	-0.000000
1.056500	-0.000000
1.057000	-0.000000
1.057500	-0.000000
1.058000	-0.000000
1.058500	-0.000000
1.059000	-0.000000
1.059500	-0.000000
1.060000	-0.000000
1.060500	-0.000000
1.061000	-0.000000
1.061500	-0.000000
1.062000	-0.000000
1.062500	-0.000000
1.063000	-0.000000
1.063500	-0.000000
1.064000	-0.000000
1.064500	-0.000000
1.065000	-0.000000
1.065500	-0.000000
1.066000	-0.000000
1.066500	-0.000000
1.067000	-0.000000
1.067500	-0.000000
1.068000	-0.000000
1.068500	-0.000000
1.069000	-0.000000
1.069500	-0.000000
1.070000	-0.000000
1.070500	-0.000000
1.071000	-0.000000
1.071500	-0.000000
1.072000	-0.000000
1.072500	-0.000000
1.073000	-0.000000
1.073500	-0.000000
1.074000	-0.000000
1.074500	-0.000000
1.075000	-0.000000
1.075500	-0.000000
1.076000	-0.000000
1.076500	-0.000000
1.077000	-0.000000
1.077500	-0.000000
1.078000	-0.000000
1.078500	-0.000000
1.079000	-0.000000
1.079500	-0.000000
1.080000	-0.000000
1.080500	-0.000000
1.081000	-0.000000
1.081500	-0.000000
1.082000	-0.000000
1.082500	-0.000000
1.083000	-0.000000
1.083500	-0.000000
1.084000	-0.000000
1.084500	-0.000000
1.085000	-0.000000
1.085500	-0.000000
1.086000	-0.000000
1.086500	-0.000000
1.087000	-0.000000
1.087500	-0.000000
1.088000	-0.000000
1.088500	-0.000000
1.089000	-0.000000
1.089500	-0.000000
1.090000	-0.000000
1.090500	-0.000000
1.091000	-0.000000
1.091500	-0.000000
1.092000	-0.000000
1.092500	-0.000000
1.093000	-0.000000
1.093500	-0.000000
1.094000	-0.000000
1.094500	-0.000000
1.095000	-0.000000
1.095500	-0.000000
1.096000	-0.000000
1.096500	-0.000000
1.097000	-0.000000
1.097500	-0.000000
1.098000	-0.000000
1.098500	-0.000000
1.099000	-0.000000
1.099500	-0.000000
1.100000	-0.000000
1.100500	-0.000000
1.101000	-0.000000
1.101500	-0.000000
1.102000	-0.000000
1.102500	-0.000000
1.103000	-0.000000
1.103500	-0.000000
1.104000	-0.000000
1.104500	-0.000000
1.105000	-0.000000
1.105500	-0.000000
1.106000	-0.000000
1.106500	-0.000000
1.107000	-0.000000
1.107500	-0.000000
1.108000	-0.000000
1.108500	-0.000000
1.109000	-0.000000
1.109500	-0.000000
1.110000	-0.000000
1.110500	-0.000000
1.111000	-0.000000
1.111500	-0.000000
1.112000	-0.000000
1.112500	-0.000000
1.113000	-0.000000
1.113500	-0.000000
1.114000	-0.000000
1.114500	-0.000000
1.115000	-0.000000
1.115500	-0.000000
1.116000	-0.000000
1.116500	-0.000000
1.117000	-0.000000
1.117500	-0.000000
1.118000	-0.000000
1.118500	-0.000000
1.119000	-0.000000
1.119500	-0.000000
1.120000	-0.000000
1.120500	-0.000000
1.121000	-0.000000
1.121500	-0.000000
1.122000	-0.000000
1.122500	-0.000000
1.123000	-0.000000
1.123500	-0.000000
1.124000	-0.000000
1.124500	-0.000000
1.125000	-0.000000
1.125500	-0.000000
1.126000	-0.000000
1.126500	-0.000000
1.127000	-0.000000
1.127500	-0.000000
1.128000	-0.000000
1.128500	-0.000000
1.129000	-0.000000
1.129500	-0.000000
1.130000	-0.000000
1.130500	-0.000000
1.131000	-0.000000
1.131500	-0.000000
1.132000	-0.000000
1.132500	-0.000000
1.133000	-0.000000
1.133500	-0.000000
1.134000	-0.000000
1.134500	-0.000000
1.135000	-0.000000
1.135500	-0.000000
1.136000	-0.000000
1.136500	-0.000000
1.137000	-0.000000
1.137500	-0.000000
1.138000	-0.000000
1.138500	-0.000000
1.139000	-0.000000
1.139500	-0.000000
1.140000	-0.000000
1.140500	-0.000000
1.141000	-0.000000
1.141500	-0.000000
1.142000	-0.000000
1.142500	-0.000000
1.143000	-0.000000
1.143500	-0.000000
1.144000	-0.000000
1.144500	-0.000000
1.145000	-0.000000
1.145500	-0.000000
1.146000	-0.000000
1.146500	-0.000000
1.147000	-0.000000
1.147500	-0.000000
1.148000	-0.000000
1.148500	-0.000000
1.149000	-0.000000
1.149500	-0.000000
1.150000	-0.000000
1.150500	-0.000000
1.151000	-0.000000
1.151500	-0.000000
1.152000	-0.000000
1.152500	-0.000000
1.153000	-0.000000
1.153500	-0.000000
1.154000	-0.000000
1.154500	-0.000000
1.155000	-0.000000
1.155500	-0.000000
1.156000	-0.000000
1.156500	-0.000000
1.157000	-0.000000
1.157500	-0.000000
1.158000	-0.000000
1.158500	-0.000000
1.159000	-0.000000
1.159500	-0.000000
1.160000	-0.000000
1.160500	-0.000000
1.161000	-0.000000
1.161500	-0.000000
1.162000	-0.000000
1.162500	-0.000000
1.163000	-0.000000
1.163500	-0.000000
1.164000	-0.000000
1.164500	-0.000000
1.165000	-0.000000
1.165500	-0.000000
1.166000	-0.000000
1.166500	-0.000000
1.167000	-0.000000
1.167500	-0.000000
1.168000	-0.000000
1.168500	-0.000000
1.169000	-0.000000
1.169500	-0.000000
1.170000	-0.000000
1.170500	-0.000000
1.171000	-0.000000
1.171500	-0.000000
1.172000	-0.000000
1.172500	-0.000000
1.173000	-0.000000
1.173500	-0.000000
1.174000	-0.000000
1.174500	-0.000000
1.175000	-0.000000
1.175500	-0.000000
1.176000	-0.000000
1.176500	-0.000000
1.177000	-0.000000
1.177500	-0.000000
1.178000	-0.000000
1.178500	-0.000000
1.179000	-0.000000
1.179500	-0.000000
1.180000	-0.000000
1.180500	-0.000000
1.181000	-0.000000
1.181500	-0.000000
1.182000	-0.000000
1.182500	-0.000000
1.183000	-0.000000
1.183500	-0.000000
1.184000	-0.000000
1.184500	-0.000000
1.185000	-0.000000
1.185500	-0.000000
1.186000	-0.000000
1.186500	-0.000000
1.187000	-0.000000
1.187500	-0.000000
1.188000	-0.000000
1.188500	-0.000000
1.189000	-0.000000
1.189500	-0.000000
1.190000	-0.000000
1.190500	-0.000000
1.191000	-0.000000
1.191500	-0.000000
1.192000	-0.000000
1.192500	-0.000000
1.193000	-0.000000
1.193500	-0.000000
1.194000	-0.000000
1.194500	-0.000000
1.195000	-0.000000
1.195500	-0.000000
1.196000	-0.000000
1.196500	-0.000000
1.197000	-0.000000
1.197500	-0.000000
1.198000	-0.000000
1.198500	-0.000000
1.199000	-0.000000
1.199500	-0.000000
1.200000	-0.000000
1.200500	-0.000000
1.201000	-0.000000
1.201500	-0.000000
1.202000	-0.000000
1.202500	-0.000000
1.203000	-0.000000
1.203500	-0.000000
1.204000	-0.000000
1.204500	-0.000000
1.205000	-0.000000
1.205500	-0.000000
1.206000	-0.000000
1.206500	-0.000000
1.207000	-0.000000
1.207500	-0.000000
1.208000	-0.000000
1.208500	-0.000000
1.209000	-0.000000
1.209500	-0.000000
1.210000	-0.000000
1.210500	-0.000000
1.211000	-0.000000
1.211500	-0.000000
1.212000	-0.000000
1.212500	-0.000000
1.213000	-0.000000
1.213500	-0.000000
1.214000	-0.000000
1.214500	-0.000000
1.215000	-0.000000
1.215500	-0.000000
1.216000	-0.000000
1.216500	-0.000000
1.217000	-0.000000
1.217500	-0.000000
1.218000	-0.000000
1.218500	-0.000000
1.219000	-0.000000
1.219500	-0.000000
1.220000	-0.000000
1.220500	-0.000000
1.221000	-0.000000
1.221500	-0.000000
1.222000	-0.000000
1.222500	-0.000000
1.223000	-0.000000
1.223500	-0.000000
1.224000	-0.000000
1.224500	-0.000000
1.225000	-0.000000
1.225500	-0.000000
1.226000	-0.000000
1.226500	-0.000000
1.227000	-0.000000
1.227500	-0.000000
1.228000	-0.000000
1.228500	-0.000000
1.229000	-0.000000
1.229500	-0.000000
1.230000	-0.000000
1.230500	-0.000000
1.231000	-0.000000
1.231500	-0.000000
1.232000	-0.000000
1.232500	-0.000000
1.233000	-0.000000
1.233500	-0.000000
1.234000	-0.000000
1.234500	-0.000000
1.235000	-0.000000
1.235500	-0.000000
1.236000	-0.000000
1.236500	-0.000000
1.237000	-0.000000
1.237500	-0.000000
1.238000	-0.000000
1.238500	-0.000000
1.239000	-0.000000
1.239500	-0.000000
1.240000	-0.000000
1.240500	-0.000000
1.241000	-0.000000
1.241500	-0.000000
1.242000	-0.000000
1.242500	-0.000000
1.243000	-0.000000
1.243500	-0.000000
1.244000	-0.000000
1.244500	-0.000000
1.245000	-0.000000
1.245500	-0.000000
1.246000	-0.000000
1.246500	-0.000000
1.247000	-0.000000
1.247500	-0.000000
1.248000	-0.000000
1.248500	-0.000000
1.249000	-0.000000
1.249500	-0.000000
1.250000	-0.000000
1.250500	-0.000000
1.251000	-0.000000
1.251500	-0.000000
1.252000	-0.000000
1.252500	-0.000000
1.253000	-0.000000
1.253500	-0.000000
1.254000	-0.000000
1.254500	-0.000000
1.255000	-0.000000
1.255500	-0.000000
1.256000	-0.000000
1.256500	-0.000000
1.257000	-0.000000
1.257500	-0.000000
1.258000	-0.000000
1.258500	-0.000000
1.259000	-0.000000
1.259500	-0.000000
1.260000	-0.000000
1.260500	-0.000000
1.261000	-0.000000
1.261500	-0.000000
1.262000	-0.000000
1.262500	-0.000000
1.263000	-0.000000
1.263500	-0.000000
1.264000	-0.000000
1.264500	-0.000000
1.265000	-0.000000
1.265500	-0.000000
1.266000	-0.000000
1.266500	-0.000000
1.267000	-0.000000
1.267500	-0.000000
1.268000	-0.000000
1.268500	-0.000000
1.269000	-0.000000
1.269500	-0.000000
1.270000	-0.000000
1.270500	-0.000000
1.271000	-0.000000
1.271500	-0.000000
1.272000	-0.000000
1.272500	-0.000000
1.273000	-0.000000
1.273500	-0.000000
1.274000	-0.000000
1.274500	-0.000000
1.275000	-0.000000
1.275500	-0.000000
1.276000	-0.000000
1.276500	-0.000000
1.277000	-0.000000
1.277500	-0.000000
1.278000	-0.000000
1.278500	-0.000000
1.279000	-0.000000
1.279500	-0.000000
1.280000	-0.000000
1.280500	-0.000000
1.281000	-0.000000
1.281500	-0.000000
1.282000	-0.000000
1.282500	-0.000000
1.283000	-0.000000
1.283500	-0.000000
1.284000	-0.000000
1.284500	-0.000000
1.285000	-0.000000
1.285500	-0.000000
1.286000	-0.000000
1.286500	-0.000000
1.287000	-0.000000
1.287500	-0.000000
1.288000	-0.000000
1.288500	-0.000000
1.289000	-0.000000
1.289500	-0.000000
1.290000	-0.000000
1.290500	-0.000000
1.291000	-0.000000
1.291500	-0.000000
1.292000	-0.000000
1.292500	-0.000000
1.293000	-0.000000
1.293500	-0.000000
1.294000	-0.000000
1.294500	-0.000000
1.295000	-0.000000
1.295500	-0.000000
1.296000	-0.000000
1.296500	-0.000000
1.297000	-0.000000
1.297500	-0.000000
1.298000	-0.000000
1.298500	-0.000000
1.299000	-0.000000
1.299500	-0.000000
1.300000	-0.000000
1.300500	-0.000000
1.301000	-0.000000
1.301500	-0.000000
1.302000	-0.000000
1.302500	-0.000000
1.303000	-0.000000
1.303500	-0.000000
1.304000	-0.000000
1.304500	-0.000000
1.305000	-0.000000
1.305500	-0.000000
1.306000	-0.000000
1.306500	-0.000000
1.307000	-0.000000
1.307500	-0.000000
1.308000	-0.000000
1.308500	-0.000000
1.309000	-0.000000
1.309500	-0.000000
1.310000	-0.000000
1.310500	-0.000000
1.311000	-0.000000
1.311500	-0.000000
1.312000	-0.000000
1.312500	-0.000000
1.313000	-0.000000
1.313500	-0.000000
1.314000	-0.000000
1.314500	-0.000000
1.315000	-0.000000
1.315500	-0.000000
1.316000	-0.000000
1.316500	-0.000000
1.317000	-0.000000
1.317500	-0.000000
1.318000	-0.000000
1.318500	-0.000000
1.319000	-0.000000
1.319500	-0.000000
1.320000	-0.000000
1.320500	-0.000000
1.321000	-0.000000
1.321500	-0.000000
1.322000	-0.000000
1.322500	-0.000000
1.323000	-0.000000
1.323500	-0.000000
1.324000	-0.000000
1.324500	-0.000000
1.325000	-0.000000
1.325500	-0.000000
1.326000	-0.000000
1.326500	-0.000000
1.327000	-0.000000
1.327500	-0.000000
1.328000	-0.000000
1.328500	-0.000000
1.329000	-0.000000
1.329500	-0.000000
1.330000	-0.000000
1.330500	-0.000000
1.331000	-0.000000
1.331500	-0.000000
1.332000	-0.000000
1.332500	-0.000000
1.333000	-0.000000
1.333500	-0.000000
1.334000	-0.000000
1.334500	-0.000000
1.335000	-0.000000
1.335500	-0.000000
1.336000	-0.000000
1.336500	-0.000000
1.337000	-0.000000
1.337500	-0.000000
1.338000	-0.000000
1.338500	-0.000000
1.339000	-0.000000
1.339500	-0.000000
1.340000	-0.000000
1.340500	-0.000000
1.341000	-0.000000
1.341500	-0.000000
1.342000	-0.000000
1.342500	-0.000000
1.343000	-0.000000
1.343500	-0.000000
1.344000	-0.000000
1.344500	-0.000000
1.345000	-0.000000
1.345500	-0.000000
1.346000	-0.000000
1.346500	-0.000000
1.347000	-0.000000
1.347500	-0.000000
1.348000	-0.000000
1.348500	-0.000000
1.349000	-0.000000
1.349500	-0.000000
1.350000	-0.000000
1.350500	-0.000000
1.351000	-0.000000
1.351500	-0.000000
1.352000	-0.000000
1.352500	-0.000000
1.353000	-0.000000
1.353500	-0.000000
1.354000	-0.000000
1.354500	-0.000000
1.355000	-0.000000
1.355500	-0.000000
1.356000	-0.000000
1.356500	-0.000000
1.357000	-0.000000
1.357500	-0.000000
1.358000	-0.000000
1.358500	-0.000000
1.359000	-0.000000
1.359500	-0.000000
1.360000	-0.000000
1.360500	-0.000000
1.361000	-0.000000
1.361500	-0.000000
1.362000	-0.000000
1.362500	-0.000000
1.363000	-0.000000
1.363500	-0.000000
1.364000	-0.000000
1.364500	-0.000000
1.365000	-0.000000
1.365500	-0.000000
1.366000	-0.000000
1.366500	-0.000000
1.367000	-0.000000
1.367500	-0.000000
1.368000	-0.000000
1.368500	-0.000000
1.369000	-0.000000
1.369500	-0.000000
1.370000	-0.000000
1.370500	-0.000000
1.371000	-0.000000
1.371500	-0.000000
1.372000	-0.000000
1.372500	-0.000000
1.373000	-0.000000
1.373500	-0.000000
1.374000	-0.000000
1.374500	-0.000000
1.375000	-0.000000
1.375500	-0.000000
1.376000	-0.000000
1.376500	-0.000000
1.377000	-0.000000
1.377500	-0.000000
1.378000	-0.000000
1.378500	-0.000000
1.379000	-0.000000
1.379500	-0.000000
1.380000	-0.000000
1.380500	-0.000000
1.381000	-0.000000
1.381500	-0.000000
1.382000	-0.000000
1.382500	-0.000000
1.383000	-0.000000
1.383500	-0.000000
1.384000	-0.000000
1.384500	-0.000000
1.385000	-0.000000
1.385500	-0.000000
1.386000	-0.000000
1.386500	-0.000000
1.387000	-0.000000
1.387500	-0.000000
1.388000	-0.000000
1.388500	-0.000000
1.389000	-0.000000
1.389500	-0.000000
1.390000	-0.000000
1.390500	-0.000000
1.391000	-0.000000
1.391500	-0.000000
1.392000	-0.000000
1.392500	-0.000000
1.393000	-0.000000
1.393500	-0.000000
1.394000	-0.000000
1.394500	-0.000000
1.395000	-0.000000
1.395500	-0.000000
1.396000	-0.000000
1.396500	-0.000000
1.397000	-0.000000
1.397500	-0.000000
1.398000	-0.000000
1.398500	-0.000000
1.399000	-0.000000
1.399500	-0.000000
1.400000	-0.000000
1.400500	-0.000000
1.401000	-0.000000
1.401500	-0.000000
1.402000	-0.000000
1.402500	-0.000000
1.403000	-0.000000
1.403500	-0.000000
1.404000	-0.000000
1.404500	-0.000000
1.405000	-0.000000
1.405500	-0.000000
1.406000	-0.000000
1.406500	-0.000000
1.407000	-0.000000
1.407500	-0.000000
1.408000	-0.000000
1.408500	-0.000000
1.409000	-0.000000
1.409500	-0.000000
1.410000	-0.000000
1.410500	-0.000000
1.411000	-0.000000
1.411500	-0.000000
1.412000	-0.000000
1.412500	-0.000000
1.413000	-0.000000
1.413500	-0.000000
1.414000	-0.000000
1.414500	-0.000000
1.415000	-0.000000
1.415500	-0.000000
1.416000	-0.000000
1.416500	-0.000000
1.417000	-0.000000
1.417500	-0.000000
1.418000	-0.000000
1.418500	-0.000000
1.419000	-0.000000
1.419500	-0.000000
1.420000	-0.000000
1.420500	-0.000000
1.421000	-0.000000
1.421500	-0.000000
1.422000	-0.000000
1.422500	-0.000000
1.423000	-0.000000
1.423500	-0.000000
1.424000	-0.000000
1.424500	-0.000000
1.425000	-0.000000
1.425500	-0.000000
1.426000	-0.000000
1.426500	-0.000000
1.427000	-0.000000
1.427500	-0.000000
1.428000	-0.000000
1.428500	-0.000000
1.429000	-0.000000
1.429500	-0.000000
1.430000	-0.000000
1.430500	-0.000000
1.431000	-0.000000
1.431500	-0.000000
1.432000	-0.000000
1.432500	-0.000000
1.433000	-0.000000
1.433500	-0.000000
1.434000	-0.000000
1.434500	-0.000000
1.435000	-0.000000
1.435500	-0.000000
1.436000	-0.000000
1.436500	-0.000000
1.437000	-0.000000
1.437500	-0.000000
1.438000	-0.000000
1.438500	-0.000000
1.439000	-0.000000
1.439500	-0.000000
1.440000	-0.000000
1.440500	-0.000000
1.441000	-0.000000
1.441500	-0.000000
1.442000	-0.000000
1.442500	-0.000000
1.443000	-0.000000
1.443500	-0.000000
1.444000	-0.000000
1.444500	-0.000000
1.445000	-0.000000
1.445500	-0.000000
1.446000	-0.000000
1.446500	-0.000000
1.447000	-0.000000
1.447500	-0.000000
1.448000	-0.000000
1.448500	-0.000000
1.449000	-0.000000
1.449500	-0.000000
1.450000	-0.000000
1.450500	-0.000000
1.451000	-0.000000
1.451500	-0.000000
1.452000	-0.000000
1.452500	-0.000000
1.453000	-0.000000
1.453500	-0.000000
1.454000	-0.000000
1.454500	-0.000000
1.455000	-0.000000
1.455500	-0.000000
1.456000	-0.000000
1.456500	-0.000000
1.457000	-0.000000
1.457500	-0.000000
1.458000	-0.000000
1.458500	-0.000000
1.459000	-0.000000
1.459500	-0.000000
1.460000	-0.000000
1.460500	-0.000000
1.461000	-0.000000
1.461500	-0.000000
1.462000	-0.000000
1.462500	-0.000000
1.463000	-0.000000
1.463500	-0.000000
1.464000	-0.000000
1.464500	-0.000000
1.465000	-0.000000
1.465500	-0.000000
1.466000	-0.000000
1.466500	-0.000000
1.467000	-0.000000
1.467500	-0.000000
1.468000	-0.000000
1.468500	-0.000000
1.469000	-0.000000
1.469500	-0.000000
1.470000	-0.000000
1.470500	-0.000000
1.471000	-0.000000
1.471500	-0.000000
1.472000	-0.000000
1.472500	-0.000000
1.473000	-0.000000
1.473500	-0.000000
1.474000	-0.000000
1.474500	-0.000000
1.475000	-0.000000
1.475500	-0.000000
1.476000	-0.000000
1.476500	-0.000000
1.477000	-0.000000
1.477500	-0.000000
1.478000	-0.000000
1.478500	-0.000000
1.479000	-0.000000
1.479500	-0.000000
1.480000	-0.000000
1.480500	-0.000000
1.481000	-0.000000
1.481500	-0.000000
1.482000	-0.000000
1.482500	-0.000000
1.483000	-0.000000
1.483500	-0.000000
1.484000	-0.000000
1.484500	-0.000000
1.485000	-0.000000
1.485500	-0.000000
1.486000	-0.000000
1.486500	-0.000000
1.487000	-0.000000
1.487500	-0.000000
1.488000	-0.000000
1.488500	-0.000000
1.489000	-0.000000
1.489500	-0.000000
1.490000	-0.000000
1.490500	-0.000000
1.491000	-0.000000
1.491500	-0.000000
1.492000	-0.000000
1.492500	-0.000000
1.493000	-0.000000
1.493500	-0.000000
1.494000	-0.000000
1.494500	-0.000000
1.495000	-0.000000
1.495500	-0.000000
1.496000	-0.000000
1.496500	-0.000000
1.497000	-0.000000
1.497500	-0.000000
1.498000	-0.000000
1.498500	-0.000000
1.499000	-0.000000
1.499500	-0.000000
1.500000	-0.000000
1.500500	-0.000000
1.501000	-0.000000
1.501500	-0.000000
1.502000	-0.000000
1.502500	-0.000000
1.503000	-0.000000
1.503500	-0.000000
1.504000	-0.000000
1.504500	-0.000000
1.505000	-0.000000
1.505500	-0.000000
1.506000	-0.000000
1.506500	-0.000000
1.507000	-0.000000
1.507500	-0.000000
1.508000	-0.000000
1.508500	-0.000000
1.509000	-0.000000
1.509500	-0.000000
1.510000	-0.000000
1.510500	-0.000000
1.511000	-0.000000
1.511500	-0.000000
1.512000	-0.000000
1.512500	-0.000000
1.513000	-0.000000
1.513500	-0.000000
1.514000	-0.000000
1.514500	-0.000000
1.515000	-0.000000
1.515500	-0.000000
1.516000	-0.000000
1.516500	-0.000000
1.517000	-0.000000
1.517500	-0.000000
1.518000	-0.000000
1.518500	-0.000000
1.519000	-0.000000
1.519500	-0.000000
1.520000	-0.000000
1.520500	-0.000000
1.521000	-0.000000
1.521500	-0.000000
1.522000	-0.000000
1.522500	-0.000000
1.523000	-0.000000
1.523500	-0.000000
1.524000	-0.000000
1.524500	-0.000000
1.525000	-0.000000
1.525500	-0.000000
1.526000	-0.000000
1.526500	-0.000000
1.527000	-0.000000
1.527500	-0.000000
1.528000	-0.000000
1.528500	-0.000000
1.529000	-0.000000
1.529500	-0.000000
1.530000	-0.000000
1.530500	-0.000000
1.531000	-0.000000
1.531500	-0.000000
1.532000	-0.000000
1.532500	-0.000000
1.533000	-0.000000
1.533500	-0.000000
1.534000	-0.000000
1.534500	-0.000000
1.535000	-0.000000
1.535500	-0.000000
1.536000	-0.000000
1.536500	-0.000000
1.537000	-0.000000
1.537500	-0.000000
1.538000	-0.000000
1.538500	-0.000000
1.539000	-0.000000
1.539500	-0.000000
1.540000	-0.000000
1.540500	-0.000000
1.541000	-0.000000
1.541500	-0.000000
1.542000	-0.000000
1.542500	-0.000000
1.543000	-0.000000
1.543500	-0.000000
1.544000	-0.000000
1.544500	-0.000000
1.545000	-0.000000
1.545500	-0.000000
1.546000	-0.000000
1.546500	-0.000000
1.547000	-0.000000
1.547500	-0.000000
1.548000	-0.000000
1.548500	-0.000000
1.549000	-0.000000
1.549500	-0.000000
1.550000	-0.000000
1.550500	-0.000000
1.551000	-0.000000
1.551500	-0.000000
1.552000	-0.000000
1.552500	-0.000000
1.553000	-0.000000
1.553500	-0.000000
1.554000	-0.000000
1.554500	-0.000000
1.555000	-0.000000
1.555500	-0.000000
1.556000	-0.000000
1.556500	-0.000000
1.557000	-0.000000
1.557500	-0.000000
1.558000	-0.000000
1.558500	-0.000000
1.559000	-0.000000
1.559500	-0.000000
1.560000	-0.000000
1.560500	-0.000000
1.561000	-0.000000
1.561500	-0.000000
1.562000	-0.000000
1.562500	-0.000000
1.563000	-0.000000
1.563500	-0.000000
1.564000	-0.000000
1.564500	-0.000000
1.565000	-0.000000
1.565500	-0.000000
1.566000	-0.000000
1.566500	-0.000000
1.567000	-0.000000
1.567500	-0.000000
1.568000	-0.000000
1.568500	-0.000000
1.569000	-0.000000
1.569500	-0.000000
1.570000	-0.000000
1.570500	-0.000000
1.571000	-0.000000
1.571500	-0.000000
1.572000	-0.000000
1.572500	-0.000000
1.573000	-0.000000
1.573500	-0.000000
1.574000	-0.000000
1.574500	-0.000000
1.575000	-0.000000
1.575500	-0.000000
1.576000	-0.000000
1.576500	-0.000000
1.577000	-0.000000
1.577500	-0.000000
1.578000	-0.000000
1.578500	-0.000000
1.579000	-0.000000
1.579500	-0.000000
1.580000	-0.000000
1.580500	-0.000000
1.581000	-0.000000
1.581500	-0.000000
1.582000	-0.000000
1.582500	-0.000000
1.583000	-0.000000
1.583500	-0.000000
1.584000	-0.000000
1.584500	-0.000000
1.585000	-0.000000
1.585500	-0.000000
1.586000	-0.000000
1.586500	-0.000000
1.587000	-0.000000
1.587500	-0.000000
1.588000	-0.000000
1.588500	-0.000000
1.589000	-0.000000
1.589500	-0.000000
1.590000	-0.000000
1.590500	-0.000000
1.591000	-0.000000
1.591500	-0.000000
1.592000	-0.000000
1.592500	-0.000000
1.593000	-0.000000
1.593500	-0.000000
1.594000	-0.000000
1.594500	-0.000000
1.595000	-0.000000
1.595500	-0.000000
1.596000	-0.000000
1.596500	-0.000000
1.597000	-0.000000
1.597500	-0.000000
1.598000	-0.000000
1.598500	-0.000000
1.599000	-0.000000
1.599500	-0.000000
1.600000	-0.000000
1.600500	-0.000000
1.601000	-0.000000
1.601500	-0.000000
1.602000	-0.000000
1.602500	-0.000000
1.603000	-0.000000
1.603500	-0.000000
1.604000	-0.000000
1.604500	-0.000000
1.605000	-0.000000
1.605500	-0.000000
1.606000	-0.000000
1.606500	-0.000000
1.607000	-0.000000
1.607500	-0.000000
1.608000	-0.000000
1.608500	-0.000000
1.609000	-0.000000
1.609500	-0.000000
1.610000	-0.000000
1.610500	-0.000000
1.611000	-0.000000
1.611500	-0.000000
1.612000	-0.000000
1.612500	-0.000000
1.613000	-0.000000
1.613500	-0.000000
1.614000	-0.000000
1.614500	-0.000000
1.615000	-0.000000
1.615500	-0.000000
1.616000	-0.000000
1.616500	-0.000000
1.617000	-0.000000
1.617500	-0.000000
1.618000	-0.000000
1.618500	-0.000000
1.619000	-0.000000
1.619500	-0.000000
1.620000	-0.000000
1.620500	-0.000000
1.621000	-0.000000
1.621500	-0.000000
1.622000	-0.000000
1.622500	-0.000000
1.623000	-0.000000
1.623500	-0.000000
1.624000	-0.000000
1.624500	-0.000000
1.625000	-0.000000
1.625500	-0.000000
1.626000	-0.000000
1.626500	-0.000000
1.627000	-0.000000
1.627500	-0.000000
1.628000	-0.000000
1.628500	-0.000000
1.629000	-0.000000
1.629500	-0.000000
1.630000	-0.000000
1.630500	-0.000000
1.631000	-0.000000
1.631500	-0.000000
1.632000	-0.000000
1.632500	-0.000000
1.633000	-0.000000
1.633500	-0.000000
1.634000	-0.000000
1.634500	-0.000000
1.635000	-0.000000
1.635500	-0.000000
1.636000	-0.000000
1.636500	-0.000000
1.637000	-0.000000
1.637500	-0.000000
1.638000	-0.000000
1.638500	-0.000000
1.639000	-0.000000
1.639500	-0.000000
1.640000	-0.000000
1.640500	-0.000000
1.641000	-0.000000
1.641500	-0.000000
1.642000	-0.000000
1.642500	-0.000000
1.643000	-0.000000
1.643500	-0.000000
1.644000	-0.000000
1.644500	-0.000000
1.645000	-0.000000
1.645500	-0.000000
1.646000	-0.000000
1.646500	-0.000000
1.647000	-0.000000
1.647500	-0.000000
1.648000	-0.000000
1.648500	-0.000000
1.649000	-0.000000
1.649500	-0.000000
1.650000	-0.000000
1.650500	-0.000000
1.651000	-0.000000
1.651500	-0.000000
1.652000	-0.000000
1.652500	-0.000000
1.653000	-0.000000
1.653500	-0.000000
1.654000	-0.000000
1.654500	-0.000000
1.655000	-0.000000
1.655500	-0.000000
1.656000	-0.000000
1.656500	-0.000000
1.657000	-0.000000
1.657500	-0.000000
1.658000	-0.000000
1.658500	-0.000000
1.659000	-0.000000
1.659500	-0.000000
1.660000	-0.000000
1.660500	-0.000000
1.661000	-0.000000
1.661500	-0.000000
1.662000	-0.000000
1.662500	-0.000000
1.663000	-0.000000
1.663500	-0.000000
1.664000	-0.000000
1.664500	-0.000000
1.665000	-0.000000
1.665500	-0.000000
1.666000	-0.000000
1.666500	-0.000000
1.667000	-0.000000
1.667500	-0.000000
1.668000	-0.000000
1.668500	-0.000000
1.669000	-0.000000
1.669500	-0.000000
1.670000	-0.000000
1.670500	-0.000000
1.671000	-0.000000
1.671500	-0.000000
1.672000	-0.000000
1.672500	-0.000000
1.673000	-0.000000
1.673500	-0.000000
1.674000	-0.000000
1.674500	-0.000000
1.675000	-0.000000
1.675500	-0.000000
1.676000	-0.000000
1.676500	-0.000000
1.677000	-0.000000
1.677500	-0.000000
1.678000	-0.000000
1.678500	-0.000000
1.679000	-0.000000
1.679500	-0.000000
1.680000	-0.000000
1.680500	-0.000000
1.681000	-0.000000
1.681500	-0.000000
1.682000	-0.000000
1.682500	-0.000000
1.683000	-0.000000
1.683500	-0.000000
1.684000	-0.000000
1.684500	-0.000000
1.685000	-0.000000
1.685500	-0.000000
1.686000	-0.000000
1.686500	-0.000000
1.687000	-0.000000
1.687500	-0.000000
1.688000	-0.000000
1.688500	-0.000000
1.689000	-0.000000
1.689500	-0.000000
1.690000	-0.000000
1.690500	-0.000000
1.691000	-0.000000
1.691500	-0.000000
1.692000	-0.000000
1.692500	-0.000000
1.693000	-0.000000
1.693500	-0.000000
1.694000	-0.000000
1.694500	-0.000000
1.695000	-0.000000
1.695500	-0.000000
1.696000	-0.000000
1.696500	-0.000000
1.697000	-0.000000
1.697500	-0.000000
1.698000	-0.000000
1.698500	-0.000000
1.699000	-0.000000
1.699500	-0.000000
1.700000	-0.000000
1.700500	-0.000000
1.701000	-0.000000
1.701500	-0.000000
1.702000	-0.000000
1.702500	-0.000000
1.703000	-0.000000
1.703500	-0.000000
1.704000	-0.000000
1.704500	-0.000000
1.705000	-0.000000
1.705500	-0.000000
1.706000	-0.000000
1.706500	-0.000000
1.707000	-0.000000
1.707500	-0.000000
1.708000	-0.000000
1.708500	-0.000000
1.709000	-0.000000
1.709500	-0.000000
1.710000	-0.000000
1.710500	-0.000000
1.711000	-0.000000
1.711500	-0.000000
1.712000	-0.000000
1.712500	-0.000000
1.713000	-0.000000
1.713500	-0.000000
1.714000	-0.000000
1.714500	-0.000000
1.715000	-0.000000
1.715500	-0.000000
1.716000	-0.000000
1.716500	-0.000000
1.717000	-0.000000
1.717500	-0.000000
1.718000	-0.000000
1.718500	-0.000000
1.719000	-0.000000
1.719500	-0.000000
1.720000	-0.000000
1.720500	-0.000000
1.721000	-0.000000
1.721500	-0.000000
1.722000	-0.000000
1.722500	-0.000000
1.723000	-0.000000
1.723500	-0.000000
1.724000	-0.000000
1.724500	-0.000000
1.725000	-0.000000
1.725500	-0.000000
1.726000	-0.000000
1.726500	-0.000000
1.727000	-0.000000
1.727500	-0.000000
1.728000	-0.000000
1.728500	-0.000000
1.729000	-0.000000
1.729500	-0.000000
1.730000	-0.000000
1.730500	-0.000000
1.731000	-0.000000
1.731500	-0.000000
1.732000	-0.000000
1.732500	-0.000000
1.733000	-0.000000
1.733500	-0.000000
1.734000	-0.000000
1.734500	-0.000000
1.735000	-0.000000
1.735500	-0.000000
1.736000	-0.000000
1.736500	-0.000000
1.737000	-0.000000
1.737500	-0.000000
1.738000	-0.000000
1.738500	-0.000000
1.739000	-0.000000
1.739500	-0.000000
1.740000	-0.000000
1.740500	-0.000000
1.741000	-0.000000
1.741500	-0.000000
1.742000	-0.000000
1.742500	-0.000000
1.743000	-0.000000
1.743500	-0.000000
1.744000	-0.000000
1.744500	-0.000000
1.745000	-0.000000
1.745500	-0.000000
1.746000	-0.000000
1.746500	-0.000000
1.747000	-0.000000
1.747500	-0.000000
1.748000	-0.000000
1.748500	-0.000000
1.749000	-0.000000
1.749500	-0.000000
1.750000	-0.000000
1.750500	-0.000000
1.751000	-0.000000
1.751500	-0.000000
1.752000	-0.000000
1.752500	-0.000000
1.753000	-0.000000
1.753500	-0.000000
1.754000	-0.000000
1.754500	-0.000000
1.755000	-0.000000
1.755500	-0.000000
1.756000	-0.000000
1.756500	-0.000000
1.757000	-0.000000
1.757500	-0.000000
1.758000	-0.000000
1.758500	-0.000000
1.759000	-0.000000
1.759500	-0.000000
1.760000	-0.000000
1.760500	-0.000000
1.761000	-0.000000
1.761500	-0.000000
1.762000	-0.000000
1.762500	-0.000000
1.763000	-0.000000
1.763500	-0.000000
1.764000	-0.000000
1.764500	-0.000000
1.765000	-0.000000
1.765500	-0.000000
1.766000	-0.000000
1.766500	-0.000000
1.767000	-0.000000
1.767500	-0.000000
1.768000	-0.000000
1.768500	-0.000000
1.769000	-0.000000
1.769500	-0.000000
1.770000	-0.000000
1.770500	-0.000000
1.771000	-0.000000
1.771500	-0.000000
1.772000	-0.000000
1.772500	-0.000000
1.773000	-0.000000
1.773500	-0.000000
1.774000	-0.000000
1.774500	-0.000000
1.775000	-0.000000
1.775500	-0.000000
1.776000	-0.000000
1.776500	-0.000000
1.777000	-0.000000
1.777500	-0.000000
1.778000	-0.000000
1.778500	-0.000000
1.779000	-0.000000
1.779500	-0.000000
1.780000	-0.000000
1.780500	-0.000000
1.781000	-0.000000
1.781500	-0.000000
1.782000	-0.000000
1.782500	-0.000000
1.783000	-0.000000
1.783500	-0.000000
1.784000	-0.000000
1.784500	-0.000000
1.785000	-0.000000
1.785500	-0.000000
1.786000	-0.000000
1.786500	-0.000000
1.787000	-0.000000
1.787500	-0.000000
1.788000	-0.000000
1.788500	-0.000000
1.789000	-0.000000
1.789500	-0.000000
1.790000	-0.000000
1.790500	-0.000000
1.791000	-0.000000
1.791500	-0.000000
1.792000	-0.000000
1.792500	-0.000000
1.793000	-0.000000
1.793500	-0.000000
1.794000	-0.000000
1.794500	-0.000000
1.795000	-0.000000
1.795500	-0.000000
1.796000	-0.000000
1.796500	-0.000000
1.797000	-0.000000
1.797500	-0.000000
1.798000	-0.000000
1.798500	-0.000000
1.799000	-0.000000
1.799500	-0.000000
1.800000	-0.000000
1.800500	-0.000000
1.801000	-0.000000
1.801500	-0.000000
1.802000	-0.000000
1.802500	-0.000000
1.803000	-0.000000
1.803500	-0.000000
1.804000	-0.000000
1.804500	-0.000000
1.805000	-0.000000
1.805500	-0.000000
1.806000	-0.000000
1.806500	-0.000000
1.807000	-0.000000
1.807500	-0.000000
1.808000	-0.000000
1.808500	-0.000000
1.809000	-0.000000
1.809500	-0.000000
1.810000	-0.000000
1.810500	-0.000000
1.811000	-0.000000
1.811500	-0.000000
1.812000	-0.000000
1.812500	-0.000000
1.813000	-0.000000
1.813500	-0.000000
1.814000	-0.000000
1.814500	-0.000000
1.815000	-0.000000
1.815500	-0.000000
1.816000	-0.000000
1.816500	-0.000000
1.817000	-0.000000
1.817500	-0.000000
1.818000	-0.000000
1.818500	-0.000000
1.819000	-0.000000
1.819500	-0.000000
1.820000	-0.000000
1.820500	-0.000000
1.821000	-0.000000
1.821500	-0.000000
1.822000	-0.000000
1.822500	-0.000000
1.823000	-0.000000
1.823500	-0.000000
1.824000	-0.000000
1.824500	-0.000000
1.825000	-0.000000
1.825500	-0.000000
1.826000	-0.000000
1.826500	-0.000000
1.827000	-0.000000
1.827500	-0.000000
1.828000	-0.000000
1.828500	-0.000000
1.829000	-0.000000
1.829500	-0.000000
1.830000	-0.000000
1.830500	-0.000000
1.831000	-0.000000
1.831500	-0.000000
1.832000	-0.000000
1.832500	-0.000000
1.833000	-0.000000
1.833500	-0.000000
1.834000	-0.000000
1.834500	-0.000000
1.835000	-0.000000
1.835500	-0.000000
1.836000	-0.000000
1.836500	-0.000000
1.837000	-0.000000
1.837500	-0.000000
1.838000	-0.000000
1.838500	-0.000000
1.839000	-0.000000
1.839500	-0.000000
1.840000	-0.000000
1.840500	-0.000000
1.841000	-0.000000
1.841500	-0.000000
1.842000	-0.000000
1.842500	-0.000000
1.843000	-0.000000
1.843500	-0.000000
1.844000	-0.000000
1.844500	-0.000000
1.845000	-0.000000
1.845500	-0.000000
1.846000	-0.000000
1.846500	-0.000000
1.847000	-0.000000
1.847500	-0.000000
1.848000	-0.000000
1.848500	-0.000000
1.849000	-0.000000
1.849500	-0.000000
1.850000	-0.000000
1.850500	-0.000000
1.851000	-0.000000
1.851500	-0.000000
1.852000	-0.000000
1.852500	-0.000000
1.853000	-0.000000
1.853500	-0.000000
1.854000	-0.000000
1.854500	-0.000000
1.855000	-0.000000
1.855500	-0.000000
1.856000	-0.000000
1.856500	-0.000000
1.857000	-0.000000
1.857500	-0.000000
1.858000	-0.000000
1.858500	-0.000000
1.859000	-0.000000
1.859500	-0.000000
1.860000	-0.000000
1.860500	-0.000000
1.861000	-0.000000
1.861500	-0.000000
1.862000	-0.000000
1.862500	-0.000000
1.863000	-0.000000
1.863500	-0.000000
1.864000	-0.000000
1.864500	-0.000000
1.865000	-0.000000
1.865500	-0.000000
1.866000	-0.000000
1.866500	-0.000000
1.867000	-0.000000
1.867500	-0.000000
1.868000	-0.000000
1.868500	-0.000000
1.869000	-0.000000
1.869500	-0.000000
1.870000	-0.000000
1.870500	-0.000000
1.871000	-0.000000
1.871500	-0.000000
1.872000	-0.000000
1.872500	-0.000000
1.873000	-0.000000
1.873500	-0.000000
1.874000	-0.000000
1.874500	-0.000000
1.875000	-0.000000
1.875500	-0.000000
1.876000	-0.000000
1.876500	-0.000000
1.877000	-0.000000
1.877500	-0.000000
1.878000	-0.000000
1.878500	-0.000000
1.879000	-0.000000
1.879500	-0.000000
1.880000	-0.000000
1.880500	-0.000000
1.881000	-0.000000
1.881500	-0.000000
1.882000	-0.000000
1.882500	-0.000000
1.883000	-0.000000
1.883500	-0.000000
1.884000	-0.000000
1.884500	-0.000000
1.885000	-0.000000
1.885500	-0.000000
1.886000	-0.000000
1.886500	-0.000000
1.887000	-0.000000
1.887500	-0.000000
1.888000	-0.000000
1.888500	-0.000000
1.889000	-0.000000
1.889500	-0.000000
1.890000	-0.000000
1.890500	-0.000000
1.891000	-0.000000
1.891500	-0.000000
1.892000	-0.000000
1.892500	-0.000000
1.893000	-0.000000
1.893500	-0.000000
1.894000	-0.000000
1.894500	-0.000000
1.895000	-0.000000
1.895500	-0.000000
1.896000	-0.000000
1.896500	-0.000000
1.897000	-0.000000
1.897500	-0.000000
1.898000	-0.000000
1.898500	-0.000000
1.899000	-0.000000
1.899500	-0.000000
1.900000	-0.000000
1.900500	-0.000000
1.901000	-0.000000
1.901500	-0.000000
1.902000	-0.000000
1.902500	-0.000000
1.903000	-0.000000
1.903500	-0.000000
1.904000	-0.000000
1.904500	-0.000000
1.905000	-0.000000
1.905500	-0.000000
1.906000	-0.000000
1.906500	-0.000000
1.907000	-0.000000
1.907500	-0.000000
1.908000	-0.000000
1.908500	-0.000000
1.909000	-0.000000
1.909500	-0.000000
1.910000	-0.000000
1.910500	-0.000000
1.911000	-0.000000
1.911500	-0.000000
1.912000	-0.000000
1.912500	-0.000000
1.913000	-0.000000
1.913500	-0.000000
1.914000	-0.000000
1.914500	-0.000000
1.915000	-0.000000
1.915500	-0.000000
1.916000	-0.000000
1.916500	-0.000000
1.917000	-0.000000
1.917500	-0.000000
1.918000	-0.000000
1.918500	-0.000000
1.919000	-0.000000
1.919500	-0.000000
1.920000	-0.000000
1.920500	-0.000000
1.921000	-0.000000
1.921500	-0.000000
1.922000	-0.000000
1.922500	-0.000000
1.923000	-0.000000
1.923500	-0.000000
1.924000	-0.000000
1.924500	-0.000000
1.925000	-0.000000
1.925500	-0.000000
1.926000	-0.000000
1.926500	-0.000000
1.927000	-0.000000
1.927500	-0.000000
1.928000	-0.000000
1.928500	-0.000000
1.929000	-0.000000
1.929500	-0.000000
1.930000	-0.000000
1.930500	-0.000000
1.931000	-0.000000
1.931500	-0.000000
1.932000	-0.000000
1.932500	-0.000000
1.933000	-0.000000
1.933500	-0.000000
1.934000	-0.000000
1.934500	-0.000000
1.935000	-0.000000
1.935500	-0.000000
1.936000	-0.000000
1.936500	-0.000000
1.937000	-0.000000
1.937500	-0.000000
1.938000	-0.000000
1.938500	-0.000000
1.939000	-0.000000
1.939500	-0.000000
1.940000	-0.000000
1.940500	-0.000000
1.941000	-0.000000
1.941500	-0.000000
1.942000	-0.000000
1.942500	-0.000000
1.943000	-0.000000
1.943500	-0.000000
1.944000	-0.000000
1.944500	-0.000000
1.945000	-0.000000
1.945500	-0.000000
1.946000	-0.000000
1.946500	-0.000000
1.947000	-0.000000
1.947500	-0.000000
1.948000	-0.000000
1.948500	-0.000000
1.949000	-0.000000
1.949500	-0.000000
1.950000	-0.000000
1.950500	-0.000000
1.951000	-0.000000
1.951500	-0.000000
1.952000	-0.000000
1.952500	-0.000000
1.953000	-0.000000
1.953500	-0.000000
1.954000	-0.000000
1.954500	-0.000000
1.955000	-0.000000
1.955500	-0.000000
1.956000	-0.000000
1.956500	-0.000000
1.957000	-0.000000
1.957500	-0.000000
1.958000	-0.000000
1.958500	-0.000000
1.959000	-0.000000
1.959500	-0.000000
1.960000	-0.000000
1.960500	-0.000000
1.961000	-0.000000
1.961500	-0.000000
1.962000	-0.000000
1.962500	-0.000000
1.963000	-0.000000
1.963500	-0.000000
1.964000	-0.000000
1.964500	-0.000000
1.965000	-0.000000
1.965500	-0.000000
1.966000	-0.000000
1.966500	-0.000000
1.967000	-0.000000
1.967500	-0.000000
1.968000	-0.000000
1.968500	-0.000000
1.969000	-0.000000
1.969500	-0.000000
1.970000	-0.000000
1.970500	-0.000000
1.971000	-0.000000
1.971500	-0.000000
1.972000	-0.000000
1.972500	-0.000000
1.973000	-0.000000
1.973500	-0.000000
1.974000	-0.000000
1.974500	-0.000000
1.975000	-0.000000
1.975500	-0.000000
1.976000	-0.000000
1.976500	-0.000000
1.977000	-0.000000
1.977500	-0.000000
1.978000	-0.000000
1.978500	-0.000000
1.979000	-0.000000
1.979500	-0.000000
1.980000	-0.000000
1.980500	-0.000000
1.981000	-0.000000
1.981500	-0.000000
1.982000	-0.000000
1.982500	-0.000000
1.983000	-0.000000
1.983500	-0.000000
1.984000	-0.000000
1.984500	-0.000000
1.985000	-0.000000
1.985500	-0.000000
1.986000	-0.000000
1.986500	-0.000000
1.987000	-0.000000
1.987500	-0.000000
1.988000	-0.000000
1.988500	-0.000000
1.989000	-0.000000
1.989500	-0.000000
1.990000	-0.000000
1.990500	-0.000000
1.991000	-0.000000
1.991500	-0.000000
1.992000	-0.000000
1.992500	-0.000000
1.993000	-0.000000
1.993500	-0.000000
1.994000	-0.000000
1.994500	-0.000000
1.995000	-0.000000
1.995500	-0.000000
1.996000	-0.000000
1.996500	-0.000000
1.997000	-0.000000
1.997500	-0.000000
1.998000	-0.000000
1.998500	-0.000000
1.999000	-0.000000
1.999500	-0.000000
2.000000	-0.000000
