0.000000	-0.000000
0.001000	-0.000000
0.002000	-0.000000
0.003000	-0.000000
0.004000	-0.000000
0.005000	-0.000000
0.006000	-0.000000
0.007000	-0.000000
0.008000	-0.000000
0.009000	-0.000000
0.010000	-0.000000
0.011000	-0.000000
0.012000	-0.000000
0.013000	-0.000000
0.014000	-0.000000
0.015000	-0.000000
0.016000	-0.000000
0.017000	-0.000000
0.018000	-0.000000
0.019000	-0.000000
0.020000	-0.000000
0.021000	-0.000000
0.022000	-0.000000
0.023000	-0.000000
0.024000	-0.000000
0.025000	-0.000000
0.026000	-0.000000
0.027000	-0.000000
0.028000	-0.000000
0.029000	-0.000000
0.030000	-0.000000
0.031000	-0.000000
0.032000	-0.000000
0.033000	-0.000000
0.034000	-0.000000
0.035000	-0.000000
0.036000	-0.000000
0.037000	-0.000000
0.038000	-0.000000
0.039000	-0.000000
0.040000	-0.000000
0.041000	-0.000000
0.042000	-0.000000
0.043000	-0.000000
0.044000	-0.000000
0.045000	-0.000000
0.046000	-0.000000
0.047000	-0.000000
0.048000	-0.000000
0.049000	-0.000000
0.050000	-0.000000
0.051000	-0.000000
0.052000	-0.000000
0.053000	-0.000000
0.054000	-0.000000
0.055000	-0.000000
0.056000	-0.000000
0.057000	-0.000000
0.058000	-0.000000
0.059000	-0.000000
0.060000	-0.000000
0.061000	-0.000000
0.062000	-0.000000
0.063000	-0.000000
0.064000	-0.000000
0.065000	-0.000000
0.066000	-0.000000
0.067000	-0.000000
0.068000	-0.000000
0.069000	-0.000000
0.070000	-0.000000
0.071000	-0.000000
0.072000	-0.000000
0.073000	-0.000000
0.074000	-0.000000
0.075000	-0.000000
0.076000	-0.000000
0.077000	-0.000000
0.078000	-0.000000
0.079000	-0.000000
0.080000	-0.000000
0.081000	-0.000000
0.082000	-0.000000
0.083000	-0.000000
0.084000	-0.000000
0.085000	-0.000000
0.086000	-0.000000
0.087000	-0.000000
0.088000	-0.000000
0.089000	-0.000000
0.090000	-0.000000
0.091000	-0.000000
0.092000	-0.000000
0.093000	-0.000000
0.094000	-0.000000
0.095000	-0.000000
0.096000	-0.000000
0.097000	-0.000000
0.098000	-0.000000
0.099000	-0.000000
0.100000	-0.000000
0.101000	-0.000000
0.102000	-0.000000
0.103000	-0.000000
0.104000	-0.000000
0.105000	-0.000000
0.106000	-0.000000
0.107000	-0.000000
0.108000	-0.000000
0.109000	-0.000000
0.110000	-0.000000
0.111000	-0.000000
0.112000	-0.000000
0.113000	-0.000000
0.114000	-0.000000
0.115000	-0.000000
0.116000	-0.000000
0.117000	-0.000000
0.118000	-0.000000
0.119000	-0.000000
0.120000	-0.000000
0.121000	-0.000000
0.122000	-0.000000
0.123000	-0.000000
0.124000	-0.000000
0.125000	-0.000000
0.126000	-0.000000
0.127000	-0.000000
0.128000	-0.000000
0.129000	-0.000000
0.130000	-0.000000
0.131000	-0.000000
0.132000	-0.000000
0.133000	-0.000000
0.134000	-0.000000
0.135000	-0.000000
0.136000	-0.000000
0.137000	-0.000000
0.138000	-0.000000
0.139000	-0.000000
0.140000	-0.000000
0.141000	-0.000000
0.142000	-0.000000
0.143000	-0.000000
0.144000	-0.000000
0.145000	-0.000000
0.146000	-0.000000
0.147000	-0.000000
0.148000	-0.000000
0.149000	-0.000000
0.150000	-0.000000
0.151000	-0.000000
0.152000	-0.000000
0.153000	-0.000000
0.154000	-0.000000
0.155000	-0.000000
0.156000	-0.000000
0.157000	-0.000000
0.158000	-0.000000
0.159000	-0.000000
0.160000	-0.000000
0.161000	-0.000000
0.162000	-0.000000
0.163000	-0.000000
0.164000	-0.000000
0.165000	-0.000000
0.166000	-0.000000
0.167000	-0.000000
0.168000	-0.000000
0.169000	-0.000000
0.170000	-0.000000
0.171000	-0.000000
0.172000	-0.000000
0.173000	-0.000000
0.174000	-0.000000
0.175000	-0.000000
0.176000	-0.000000
0.177000	-0.000000
0.178000	-0.000000
0.179000	-0.000000
0.180000	-0.000000
0.181000	-0.000000
0.182000	-0.000000
0.183000	-0.000000
0.184000	-0.000000
0.185000	-0.000000
0.186000	-0.000000
0.187000	-0.000000
0.188000	-0.000000
0.189000	-0.000000
0.190000	-0.000000
0.191000	-0.000000
0.192000	-0.000000
0.193000	-0.000000
0.194000	-0.000000
0.195000	-0.000000
0.196000	-0.000000
0.197000	-0.000000
0.198000	-0.000000
0.199000	-0.000000
0.200000	-0.000000
0.201000	-0.000000
0.202000	-0.000000
0.203000	-0.000000
0.204000	-0.000000
0.205000	-0.000000
0.206000	-0.000000
0.207000	-0.000000
0.208000	-0.000000
0.209000	-0.000000
0.210000	-0.000000
0.211000	-0.000000
0.212000	-0.000000
0.213000	-0.000000
0.214000	-0.000000
0.215000	-0.000000
0.216000	-0.000000
0.217000	-0.000000
0.218000	-0.000000
0.219000	-0.000000
0.220000	-0.000000
0.221000	-0.000000
0.222000	-0.000000
0.223000	-0.000000
0.224000	-0.000000
0.225000	-0.000000
0.226000	-0.000000
0.227000	-0.000000
0.228000	-0.000000
0.229000	-0.000000
0.230000	-0.000000
0.231000	-0.000000
0.232000	-0.000000
0.233000	-0.000000
0.234000	-0.000000
0.235000	-0.000000
0.236000	-0.000000
0.237000	-0.000000
0.238000	-0.000000
0.239000	-0.000000
0.240000	-0.000000
0.241000	-0.000000
0.242000	-0.000000
0.243000	-0.000000
0.244000	-0.000000
0.245000	-0.000000
0.246000	-0.000000
0.247000	-0.000000
0.248000	-0.000000
0.249000	-0.000000
0.250000	-0.000000
0.251000	-0.000000
0.252000	-0.000000
0.253000	-0.000000
0.254000	-0.000000
0.255000	-0.000000
0.256000	-0.000000
0.257000	-0.000000
0.258000	-0.000000
0.259000	-0.000000
0.260000	-0.000000
0.261000	-0.000000
0.262000	-0.000000
0.263000	-0.000000
0.264000	-0.000000
0.265000	-0.000000
0.266000	-0.000000
0.267000	-0.000000
0.268000	-0.000000
0.269000	-0.000000
0.270000	-0.000000
0.271000	-0.000000
0.272000	-0.000000
0.273000	-0.000000
0.274000	-0.000000
0.275000	-0.000000
0.276000	-0.000000
0.277000	-0.000000
0.278000	-0.000000
0.279000	-0.000000
0.280000	-0.000000
0.281000	-0.000000
0.282000	-0.000000
0.283000	-0.000000
0.284000	-0.000000
0.285000	-0.000000
0.286000	-0.000000
0.287000	-0.000000
0.288000	-0.000000
0.289000	-0.000000
0.290000	-0.000000
0.291000	-0.000000
0.292000	-0.000000
0.293000	-0.000000
0.294000	-0.000000
0.295000	-0.000000
0.296000	-0.000000
0.297000	-0.000000
0.298000	-0.000000
0.299000	-0.000000
0.300000	-0.000000
0.301000	-0.000000
0.302000	-0.000000
0.303000	-0.000000
0.304000	-0.000000
0.305000	-0.000000
0.306000	-0.000000
0.307000	-0.000000
0.308000	-0.000000
0.309000	-0.000000
0.310000	-0.000000
0.311000	-0.000000
0.312000	-0.000000
0.313000	-0.000000
0.314000	-0.000000
0.315000	-0.000000
0.316000	-0.000000
0.317000	-0.000000
0.318000	-0.000000
0.319000	-0.000000
0.320000	-0.000000
0.321000	-0.000000
0.322000	-0.000000
0.323000	-0.000000
0.324000	-0.000000
0.325000	-0.000000
0.326000	-0.000000
0.327000	-0.000000
0.328000	-0.000000
0.329000	-0.000000
0.330000	-0.000000
0.331000	-0.000000
0.332000	-0.000000
0.333000	-0.000000
0.334000	-0.000000
0.335000	-0.000000
0.336000	-0.000000
0.337000	-0.000000
0.338000	-0.000001
0.339000	-0.000001
0.340000	-0.000001
0.341000	-0.000001
0.342000	-0.000001
0.343000	-0.000001
0.344000	-0.000001
0.345000	-0.000001
0.346000	-0.000001
0.347000	-0.000001
0.348000	-0.000001
0.349000	-0.000001
0.350000	-0.000001
0.351000	-0.000001
0.352000	-0.000001
0.353000	-0.000001
0.354000	-0.000001
0.355000	-0.000001
0.356000	-0.000001
0.357000	-0.000001
0.358000	-0.000001
0.359000	-0.000001
0.360000	-0.000001
0.361000	-0.000002
0.362000	-0.000002
0.363000	-0.000002
0.364000	-0.000002
0.365000	-0.000002
0.366000	-0.000002
0.367000	-0.000002
0.368000	-0.000002
0.369000	-0.000002
0.370000	-0.000002
0.371000	-0.000002
0.372000	-0.000003
0.373000	-0.000003
0.374000	-0.000003
0.375000	-0.000003
0.376000	-0.000003
0.377000	-0.000003
0.378000	-0.000003
0.379000	-0.000004
0.380000	-0.000004
0.381000	-0.000004
0.382000	-0.000004
0.383000	-0.000004
0.384000	-0.000004
0.385000	-0.000005
0.386000	-0.000005
0.387000	-0.000005
0.388000	-0.000005
0.389000	-0.000006
0.390000	-0.000006
0.391000	-0.000006
0.392000	-0.000006
0.393000	-0.000007
0.394000	-0.000007
0.395000	-0.000007
0.396000	-0.000008
0.397000	-0.000008
0.398000	-0.000008
0.399000	-0.000009
0.400000	-0.000009
0.401000	-0.000009
0.402000	-0.000010
0.403000	-0.000010
0.404000	-0.000011
0.405000	-0.000011
0.406000	-0.000012
0.407000	-0.000012
0.408000	-0.000013
0.409000	-0.000013
0.410000	-0.000014
0.411000	-0.000015
0.412000	-0.000015
0.413000	-0.000016
0.414000	-0.000017
0.415000	-0.000017
0.416000	-0.000018
0.417000	-0.000019
0.418000	-0.000020
0.419000	-0.000021
0.420000	-0.000021
0.421000	-0.000022
0.422000	-0.000023
0.423000	-0.000024
0.424000	-0.000025
0.425000	-0.000026
0.426000	-0.000028
0.427000	-0.000029
0.428000	-0.000030
0.429000	-0.000031
0.430000	-0.000033
0.431000	-0.000034
0.432000	-0.000035
0.433000	-0.000037
0.434000	-0.000038
0.435000	-0.000040
0.436000	-0.000042
0.437000	-0.000043
0.438000	-0.000045
0.439000	-0.000047
0.440000	-0.000049
0.441000	-0.000051
0.442000	-0.000053
0.443000	-0.000055
0.444000	-0.000058
0.445000	-0.000060
0.446000	-0.000062
0.447000	-0.000065
0.448000	-0.000067
0.449000	-0.000070
0.450000	-0.000073
0.451000	-0.000076
0.452000	-0.000079
0.453000	-0.000082
0.454000	-0.000086
0.455000	-0.000089
0.456000	-0.000093
0.457000	-0.000096
0.458000	-0.000100
0.459000	-0.000104
0.460000	-0.000108
0.461000	-0.000112
0.462000	-0.000117
0.463000	-0.000121
0.464000	-0.000126
0.465000	-0.000131
0.466000	-0.000136
0.467000	-0.000142
0.468000	-0.000147
0.469000	-0.000153
0.470000	-0.000159
0.471000	-0.000165
0.472000	-0.000171
0.473000	-0.000178
0.474000	-0.000184
0.475000	-0.000192
0.476000	-0.000199
0.477000	-0.000206
0.478000	-0.000214
0.479000	-0.000222
0.480000	-0.000231
0.481000	-0.000239
0.482000	-0.000248
0.483000	-0.000258
0.484000	-0.000267
0.485000	-0.000277
0.486000	-0.000288
0.487000	-0.000298
0.488000	-0.000309
0.489000	-0.000321
0.490000	-0.000333
0.491000	-0.000345
0.492000	-0.000358
0.493000	-0.000371
0.494000	-0.000384
0.495000	-0.000398
0.496000	-0.000413
0.497000	-0.000428
0.498000	-0.000443
0.499000	-0.000459
0.500000	-0.000475
0.501000	-0.000492
0.502000	-0.000510
0.503000	-0.000528
0.504000	-0.000547
0.505000	-0.000566
0.506000	-0.000587
0.507000	-0.000607
0.508000	-0.000629
0.509000	-0.000651
0.510000	-0.000673
0.511000	-0.000697
0.512000	-0.000721
0.513000	-0.000746
0.514000	-0.000772
0.515000	-0.000799
0.516000	-0.000826
0.517000	-0.000855
0.518000	-0.000884
0.519000	-0.000914
0.520000	-0.000946
0.521000	-0.000978
0.522000	-0.001011
0.523000	-0.001045
0.524000	-0.001080
0.525000	-0.001117
0.526000	-0.001154
0.527000	-0.001193
0.528000	-0.001233
0.529000	-0.001274
0.530000	-0.001316
0.531000	-0.001359
0.532000	-0.001404
0.533000	-0.001450
0.534000	-0.001498
0.535000	-0.001547
0.536000	-0.001597
0.537000	-0.001649
0.538000	-0.001703
0.539000	-0.001758
0.540000	-0.001815
0.541000	-0.001873
0.542000	-0.001933
0.543000	-0.001995
0.544000	-0.002058
0.545000	-0.002124
0.546000	-0.002191
0.547000	-0.002260
0.548000	-0.002332
0.549000	-0.002405
0.550000	-0.002480
0.551000	-0.002558
0.552000	-0.002637
0.553000	-0.002719
0.554000	-0.002803
0.555000	-0.002890
0.556000	-0.002979
0.557000	-0.003070
0.558000	-0.003164
0.559000	-0.003260
0.560000	-0.003359
0.561000	-0.003461
0.562000	-0.003565
0.563000	-0.003673
0.564000	-0.003783
0.565000	-0.003896
0.566000	-0.004012
0.567000	-0.004131
0.568000	-0.004254
0.569000	-0.004379
0.570000	-0.004508
0.571000	-0.004640
0.572000	-0.004776
0.573000	-0.004915
0.574000	-0.005058
0.575000	-0.005204
0.576000	-0.005355
0.577000	-0.005509
0.578000	-0.005667
0.579000	-0.005828
0.580000	-0.005994
0.581000	-0.006165
0.582000	-0.006339
0.583000	-0.006518
0.584000	-0.006701
0.585000	-0.006888
0.586000	-0.007080
0.587000	-0.007277
0.588000	-0.007479
0.589000	-0.007685
0.590000	-0.007897
0.591000	-0.008113
0.592000	-0.008335
0.593000	-0.008562
0.594000	-0.008794
0.595000	-0.009032
0.596000	-0.009275
0.597000	-0.009524
0.598000	-0.009779
0.599000	-0.010040
0.600000	-0.010306
0.601000	-0.010579
0.602000	-0.010857
0.603000	-0.011142
0.604000	-0.011434
0.605000	-0.011732
0.606000	-0.012036
0.607000	-0.012348
0.608000	-0.012666
0.609000	-0.012991
0.610000	-0.013323
0.611000	-0.013662
0.612000	-0.014009
0.613000	-0.014363
0.614000	-0.014725
0.615000	-0.015094
0.616000	-0.015471
0.617000	-0.015856
0.618000	-0.016249
0.619000	-0.016650
0.620000	-0.017059
0.621000	-0.017477
0.622000	-0.017903
0.623000	-0.018337
0.624000	-0.018781
0.625000	-0.019233
0.626000	-0.019694
0.627000	-0.020165
0.628000	-0.020644
0.629000	-0.021133
0.630000	-0.021631
0.631000	-0.022139
0.632000	-0.022657
0.633000	-0.023184
0.634000	-0.023722
0.635000	-0.024269
0.636000	-0.024827
0.637000	-0.025395
0.638000	-0.025973
0.639000	-0.026562
0.640000	-0.027161
0.641000	-0.027771
0.642000	-0.028392
0.643000	-0.029024
0.644000	-0.029668
0.645000	-0.030322
0.646000	-0.030988
0.647000	-0.031665
0.648000	-0.032353
0.649000	-0.033054
0.650000	-0.033766
0.651000	-0.034489
0.652000	-0.035225
0.653000	-0.035973
0.654000	-0.036733
0.655000	-0.037505
0.656000	-0.038290
0.657000	-0.039087
0.658000	-0.039896
0.659000	-0.040718
0.660000	-0.041553
0.661000	-0.042400
0.662000	-0.043260
0.663000	-0.044133
0.664000	-0.045019
0.665000	-0.045918
0.666000	-0.046830
0.667000	-0.047756
0.668000	-0.048694
0.669000	-0.049646
0.670000	-0.050611
0.671000	-0.051589
0.672000	-0.052581
0.673000	-0.053586
0.674000	-0.054604
0.675000	-0.055636
0.676000	-0.056681
0.677000	-0.057740
0.678000	-0.058813
0.679000	-0.059899
0.680000	-0.060998
0.681000	-0.062111
0.682000	-0.063237
0.683000	-0.064377
0.684000	-0.065530
0.685000	-0.066697
0.686000	-0.067877
0.687000	-0.069071
0.688000	-0.070277
0.689000	-0.071497
0.690000	-0.072731
0.691000	-0.073977
0.692000	-0.075236
0.693000	-0.076508
0.694000	-0.077794
0.695000	-0.079092
0.696000	-0.080402
0.697000	-0.081725
0.698000	-0.083061
0.699000	-0.084409
0.700000	-0.085769
0.701000	-0.087141
0.702000	-0.088525
0.703000	-0.089921
0.704000	-0.091328
0.705000	-0.092747
0.706000	-0.094177
0.707000	-0.095618
0.708000	-0.097070
0.709000	-0.098532
0.710000	-0.100005
0.711000	-0.101488
0.712000	-0.102981
0.713000	-0.104483
0.714000	-0.105995
0.715000	-0.107516
0.716000	-0.109046
0.717000	-0.110585
0.718000	-0.112132
0.719000	-0.113686
0.720000	-0.115249
0.721000	-0.116818
0.722000	-0.118395
0.723000	-0.119978
0.724000	-0.121568
0.725000	-0.123164
0.726000	-0.124765
0.727000	-0.126371
0.728000	-0.127982
0.729000	-0.129597
0.730000	-0.131216
0.731000	-0.132839
0.732000	-0.134464
0.733000	-0.136093
0.734000	-0.137723
0.735000	-0.139355
0.736000	-0.140988
0.737000	-0.142622
0.738000	-0.144256
0.739000	-0.145889
0.740000	-0.147522
0.741000	-0.149153
0.742000	-0.150783
0.743000	-0.152409
0.744000	-0.154033
0.745000	-0.155653
0.746000	-0.157268
0.747000	-0.158879
0.748000	-0.160484
0.749000	-0.162083
0.750000	-0.163675
0.751000	-0.165260
0.752000	-0.166837
0.753000	-0.168405
0.754000	-0.169964
0.755000	-0.171512
0.756000	-0.173050
0.757000	-0.174576
0.758000	-0.176090
0.759000	-0.177592
0.760000	-0.179079
0.761000	-0.180552
0.762000	-0.182011
0.763000	-0.183453
0.764000	-0.184878
0.765000	-0.186287
0.766000	-0.187677
0.767000	-0.189048
0.768000	-0.190399
0.769000	-0.191730
0.770000	-0.193040
0.771000	-0.194327
0.772000	-0.195592
0.773000	-0.196832
0.774000	-0.198048
0.775000	-0.199239
0.776000	-0.200403
0.777000	-0.201541
0.778000	-0.202650
0.779000	-0.203730
0.780000	-0.204781
0.781000	-0.205802
0.782000	-0.206790
0.783000	-0.207747
0.784000	-0.208671
0.785000	-0.209560
0.786000	-0.210415
0.787000	-0.211234
0.788000	-0.212017
0.789000	-0.212762
0.790000	-0.213469
0.791000	-0.214136
0.792000	-0.214764
0.793000	-0.215351
0.794000	-0.215896
0.795000	-0.216398
0.796000	-0.216857
0.797000	-0.217271
0.798000	-0.217641
0.799000	-0.217964
0.800000	-0.218240
0.801000	-0.218469
0.802000	-0.218649
0.803000	-0.218780
0.804000	-0.218861
0.805000	-0.218891
0.806000	-0.218868
0.807000	-0.218794
0.808000	-0.218666
0.809000	-0.218484
0.810000	-0.218246
0.811000	-0.217954
0.812000	-0.217604
0.813000	-0.217198
0.814000	-0.216734
0.815000	-0.216211
0.816000	-0.215629
0.817000	-0.214987
0.818000	-0.214284
0.819000	-0.213520
0.820000	-0.212694
0.821000	-0.211806
0.822000	-0.210854
0.823000	-0.209839
0.824000	-0.208759
0.825000	-0.207615
0.826000	-0.206405
0.827000	-0.205128
0.828000	-0.203786
0.829000	-0.202377
0.830000	-0.200900
0.831000	-0.199355
0.832000	-0.197742
0.833000	-0.196060
0.834000	-0.194309
0.835000	-0.192489
0.836000	-0.190599
0.837000	-0.188639
0.838000	-0.186609
0.839000	-0.184508
0.840000	-0.182336
0.841000	-0.180093
0.842000	-0.177778
0.843000	-0.175393
0.844000	-0.172936
0.845000	-0.170407
0.846000	-0.167806
0.847000	-0.165134
0.848000	-0.162389
0.849000	-0.159573
0.850000	-0.156685
0.851000	-0.153726
0.852000	-0.150694
0.853000	-0.147592
0.854000	-0.144417
0.855000	-0.141172
0.856000	-0.137855
0.857000	-0.134468
0.858000	-0.131011
0.859000	-0.127483
0.860000	-0.123885
0.861000	-0.120218
0.862000	-0.116482
0.863000	-0.112677
0.864000	-0.108803
0.865000	-0.104862
0.866000	-0.100854
0.867000	-0.096779
0.868000	-0.092639
0.869000	-0.088432
0.870000	-0.084161
0.871000	-0.079826
0.872000	-0.075428
0.873000	-0.070966
0.874000	-0.066443
0.875000	-0.061859
0.876000	-0.057215
0.877000	-0.052511
0.878000	-0.047749
0.879000	-0.042930
0.880000	-0.038054
0.881000	-0.033123
0.882000	-0.028137
0.883000	-0.023097
0.884000	-0.018006
0.885000	-0.012863
0.886000	-0.007671
0.887000	-0.002429
0.888000	0.002859
0.889000	0.008195
0.890000	0.013575
0.891000	0.018999
0.892000	0.024465
0.893000	0.029972
0.894000	0.035519
0.895000	0.041104
0.896000	0.046726
0.897000	0.052383
0.898000	0.058074
0.899000	0.063796
0.900000	0.069550
0.901000	0.075333
0.902000	0.081143
0.903000	0.086979
0.904000	0.092839
0.905000	0.098722
0.906000	0.104625
0.907000	0.110548
0.908000	0.116487
0.909000	0.122443
0.910000	0.128412
0.911000	0.134394
0.912000	0.140386
0.913000	0.146386
0.914000	0.152392
0.915000	0.158404
0.916000	0.164418
0.917000	0.170433
0.918000	0.176447
0.919000	0.182458
0.920000	0.188465
0.921000	0.194465
0.922000	0.200456
0.923000	0.206436
0.924000	0.212404
0.925000	0.218358
0.926000	0.224295
0.927000	0.230213
0.928000	0.236111
0.929000	0.241986
0.930000	0.247837
0.931000	0.253662
0.932000	0.259458
0.933000	0.265224
0.934000	0.270957
0.935000	0.276656
0.936000	0.282319
0.937000	0.287943
0.938000	0.293527
0.939000	0.299068
0.940000	0.304566
0.941000	0.310017
0.942000	0.315420
0.943000	0.320772
0.944000	0.326073
0.945000	0.331320
0.946000	0.336511
0.947000	0.341645
0.948000	0.346719
0.949000	0.351731
0.950000	0.356680
0.951000	0.361565
0.952000	0.366382
0.953000	0.371130
0.954000	0.375809
0.955000	0.380415
0.956000	0.384947
0.957000	0.389403
0.958000	0.393783
0.959000	0.398083
0.960000	0.402303
0.961000	0.406441
0.962000	0.410495
0.963000	0.414464
0.964000	0.418347
0.965000	0.422141
0.966000	0.425845
0.967000	0.429459
0.968000	0.432980
0.969000	0.436407
0.970000	0.439739
0.971000	0.442975
0.972000	0.446113
0.973000	0.449153
0.974000	0.452092
0.975000	0.454930
0.976000	0.457666
0.977000	0.460299
0.978000	0.462827
0.979000	0.465250
0.980000	0.467567
0.981000	0.469776
0.982000	0.471877
0.983000	0.473870
0.984000	0.475753
0.985000	0.477526
0.986000	0.479187
0.987000	0.480737
0.988000	0.482174
0.989000	0.483499
0.990000	0.484710
0.991000	0.485807
0.992000	0.486790
0.993000	0.487658
0.994000	0.488411
0.995000	0.489049
0.996000	0.489571
0.997000	0.489977
0.998000	0.490268
0.999000	0.490442
1.000000	0.490500
1.001000	0.490442
1.002000	0.490268
1.003000	0.489977
1.004000	0.489571
1.005000	0.489049
1.006000	0.488411
1.007000	0.487658
1.008000	0.486790
1.009000	0.485807
1.010000	0.484710
1.011000	0.483499
1.012000	0.482174
1.013000	0.480737
1.014000	0.479187
1.015000	0.477526
1.016000	0.475753
1.017000	0.473870
1.018000	0.471877
1.019000	0.469776
1.020000	0.467567
1.021000	0.465250
1.022000	0.462827
1.023000	0.460299
1.024000	0.457666
1.025000	0.454930
1.026000	0.452092
1.027000	0.449153
1.028000	0.446113
1.029000	0.442975
1.030000	0.439739
1.031000	0.436407
1.032000	0.432980
1.033000	0.429459
1.034000	0.425845
1.035000	0.422141
1.036000	0.418347
1.037000	0.414464
1.038000	0.410495
1.039000	0.406441
1.040000	0.402303
1.041000	0.398083
1.042000	0.393783
1.043000	0.389403
1.044000	0.384947
1.045000	0.380415
1.046000	0.375809
1.047000	0.371130
1.048000	0.366382
1.049000	0.361565
1.050000	0.356680
1.051000	0.351731
1.052000	0.346719
1.053000	0.341645
1.054000	0.336511
1.055000	0.331320
1.056000	0.326073
1.057000	0.320772
1.058000	0.315420
1.059000	0.310017
1.060000	0.304566
1.061000	0.299068
1.062000	0.293527
1.063000	0.287943
1.064000	0.282319
1.065000	0.276656
1.066000	0.270957
1.067000	0.265224
1.068000	0.259458
1.069000	0.253662
1.070000	0.247837
1.071000	0.241986
1.072000	0.236111
1.073000	0.230213
1.074000	0.224295
1.075000	0.218358
1.076000	0.212404
1.077000	0.206436
1.078000	0.200456
1.079000	0.194465
1.080000	0.188465
1.081000	0.182458
1.082000	0.176447
1.083000	0.170433
1.084000	0.164418
1.085000	0.158404
1.086000	0.152392
1.087000	0.146386
1.088000	0.140386
1.089000	0.134394
1.090000	0.128412
1.091000	0.122443
1.092000	0.116487
1.093000	0.110548
1.094000	0.104625
1.095000	0.098722
1.096000	0.092839
1.097000	0.086979
1.098000	0.081143
1.099000	0.075333
1.100000	0.069550
1.101000	0.063796
1.102000	0.058074
1.103000	0.052383
1.104000	0.046726
1.105000	0.041104
1.106000	0.035519
1.107000	0.029972
1.108000	0.024465
1.109000	0.018999
1.110000	0.013575
1.111000	0.008195
1.112000	0.002859
1.113000	-0.002429
1.114000	-0.007671
1.115000	-0.012863
1.116000	-0.018006
1.117000	-0.023097
1.118000	-0.028137
1.119000	-0.033123
1.120000	-0.038054
1.121000	-0.042930
1.122000	-0.047749
1.123000	-0.052511
1.124000	-0.057215
1.125000	-0.061859
1.126000	-0.066443
1.127000	-0.070966
1.128000	-0.075428
1.129000	-0.079826
1.130000	-0.084161
1.131000	-0.088432
1.132000	-0.092639
1.133000	-0.096779
1.134000	-0.100854
1.135000	-0.104862
1.136000	-0.108803
1.137000	-0.112677
1.138000	-0.116482
1.139000	-0.120218
1.140000	-0.123885
1.141000	-0.127483
1.142000	-0.131011
1.143000	-0.134468
1.144000	-0.137855
1.145000	-0.141172
1.146000	-0.144417
1.147000	-0.147592
1.148000	-0.150694
1.149000	-0.153726
1.150000	-0.156685
1.151000	-0.159573
1.152000	-0.162389
1.153000	-0.165134
1.154000	-0.167806
1.155000	-0.170407
1.156000	-0.172936
1.157000	-0.175393
1.158000	-0.177778
1.159000	-0.180093
1.160000	-0.182336
1.161000	-0.184508
1.162000	-0.186609
1.163000	-0.188639
1.164000	-0.190599
1.165000	-0.192489
1.166000	-0.194309
1.167000	-0.196060
1.168000	-0.197742
1.169000	-0.199355
1.170000	-0.200900
1.171000	-0.202377
1.172000	-0.203786
1.173000	-0.205128
1.174000	-0.206405
1.175000	-0.207615
1.176000	-0.208759
1.177000	-0.209839
1.178000	-0.210854
1.179000	-0.211806
1.180000	-0.212694
1.181000	-0.213520
1.182000	-0.214284
1.183000	-0.214987
1.184000	-0.215629
1.185000	-0.216211
1.186000	-0.216734
1.187000	-0.217198
1.188000	-0.217604
1.189000	-0.217954
1.190000	-0.218246
1.191000	-0.218484
1.192000	-0.218666
1.193000	-0.218794
1.194000	-0.218868
1.195000	-0.218891
1.196000	-0.218861
1.197000	-0.218780
1.198000	-0.218649
1.199000	-0.218469
1.200000	-0.218240
1.201000	-0.217964
1.202000	-0.217641
1.203000	-0.217271
1.204000	-0.216857
1.205000	-0.216398
1.206000	-0.215896
1.207000	-0.215351
1.208000	-0.214764
1.209000	-0.214136
1.210000	-0.213469
1.211000	-0.212762
1.212000	-0.212017
1.213000	-0.211234
1.214000	-0.210415
1.215000	-0.209560
1.216000	-0.208671
1.217000	-0.207747
1.218000	-0.206790
1.219000	-0.205802
1.220000	-0.204781
1.221000	-0.203730
1.222000	-0.202650
1.223000	-0.201541
1.224000	-0.200403
1.225000	-0.199239
1.226000	-0.198048
1.227000	-0.196832
1.228000	-0.195592
1.229000	-0.194327
1.230000	-0.193040
1.231000	-0.191730
1.232000	-0.190399
1.233000	-0.189048
1.234000	-0.187677
1.235000	-0.186287
1.236000	-0.184878
1.237000	-0.183453
1.238000	-0.182011
1.239000	-0.180552
1.240000	-0.179079
1.241000	-0.177592
1.242000	-0.176090
1.243000	-0.174576
1.244000	-0.173050
1.245000	-0.171512
1.246000	-0.169964
1.247000	-0.168405
1.248000	-0.166837
1.249000	-0.165260
1.250000	-0.163675
1.251000	-0.162083
1.252000	-0.160484
1.253000	-0.158879
1.254000	-0.157268
1.255000	-0.155653
1.256000	-0.154033
1.257000	-0.152409
1.258000	-0.150783
1.259000	-0.149153
1.260000	-0.147522
1.261000	-0.145889
1.262000	-0.144256
1.263000	-0.142622
1.264000	-0.140988
1.265000	-0.139355
1.266000	-0.137723
1.267000	-0.136093
1.268000	-0.134464
1.269000	-0.132839
1.270000	-0.131216
1.271000	-0.129597
1.272000	-0.127982
1.273000	-0.126371
1.274000	-0.124765
1.275000	-0.123164
1.276000	-0.121568
1.277000	-0.119978
1.278000	-0.118395
1.279000	-0.116818
1.280000	-0.115249
1.281000	-0.113686
1.282000	-0.112132
1.283000	-0.110585
1.284000	-0.109046
1.285000	-0.107516
1.286000	-0.105995
1.287000	-0.104483
1.288000	-0.102981
1.289000	-0.101488
1.290000	-0.100005
1.291000	-0.098532
1.292000	-0.097070
1.293000	-0.095618
1.294000	-0.094177
1.295000	-0.092747
1.296000	-0.091328
1.297000	-0.089921
1.298000	-0.088525
1.299000	-0.087141
1.300000	-0.085769
1.301000	-0.084409
1.302000	-0.083061
1.303000	-0.081725
1.304000	-0.080402
1.305000	-0.079092
1.306000	-0.077794
1.307000	-0.076508
1.308000	-0.075236
1.309000	-0.073977
1.310000	-0.072731
1.311000	-0.071497
1.312000	-0.070277
1.313000	-0.069071
1.314000	-0.067877
1.315000	-0.066697
1.316000	-0.065530
1.317000	-0.064377
1.318000	-0.063237
1.319000	-0.062111
1.320000	-0.060998
1.321000	-0.059899
1.322000	-0.058813
1.323000	-0.057740
1.324000	-0.056681
1.325000	-0.055636
1.326000	-0.054604
1.327000	-0.053586
1.328000	-0.052581
1.329000	-0.051589
1.330000	-0.050611
1.331000	-0.049646
1.332000	-0.048694
1.333000	-0.047756
1.334000	-0.046830
1.335000	-0.045918
1.336000	-0.045019
1.337000	-0.044133
1.338000	-0.043260
1.339000	-0.042400
1.340000	-0.041553
1.341000	-0.040718
1.342000	-0.039896
1.343000	-0.039087
1.344000	-0.038290
1.345000	-0.037505
1.346000	-0.036733
1.347000	-0.035973
1.348000	-0.035225
1.349000	-0.034489
1.350000	-0.033766
1.351000	-0.033054
1.352000	-0.032353
1.353000	-0.031665
1.354000	-0.030988
1.355000	-0.030322
1.356000	-0.029668
1.357000	-0.029024
1.358000	-0.028392
1.359000	-0.027771
1.360000	-0.027161
1.361000	-0.026562
1.362000	-0.025973
1.363000	-0.025395
1.364000	-0.024827
1.365000	-0.024269
1.366000	-0.023722
1.367000	-0.023184
1.368000	-0.022657
1.369000	-0.022139
1.370000	-0.021631
1.371000	-0.021133
1.372000	-0.020644
1.373000	-0.020165
1.374000	-0.019694
1.375000	-0.019233
1.376000	-0.018781
1.377000	-0.018337
1.378000	-0.017903
1.379000	-0.017477
1.380000	-0.017059
1.381000	-0.016650
1.382000	-0.016249
1.383000	-0.015856
1.384000	-0.015471
1.385000	-0.015094
1.386000	-0.014725
1.387000	-0.014363
1.388000	-0.014009
1.389000	-0.013662
1.390000	-0.013323
1.391000	-0.012991
1.392000	-0.012666
1.393000	-0.012348
1.394000	-0.012036
1.395000	-0.011732
1.396000	-0.011434
1.397000	-0.011142
1.398000	-0.010857
1.399000	-0.010579
1.400000	-0.010306
1.401000	-0.010040
1.402000	-0.009779
1.403000	-0.009524
1.404000	-0.009275
1.405000	-0.009032
1.406000	-0.008794
1.407000	-0.008562
1.408000	-0.008335
1.409000	-0.008113
1.410000	-0.007897
1.411000	-0.007685
1.412000	-0.007479
1.413000	-0.007277
1.414000	-0.007080
1.415000	-0.006888
1.416000	-0.006701
1.417000	-0.006518
1.418000	-0.006339
1.419000	-0.006165
1.420000	-0.005994
1.421000	-0.005828
1.422000	-0.005667
1.423000	-0.005509
1.424000	-0.005355
1.425000	-0.005204
1.426000	-0.005058
1.427000	-0.004915
1.428000	-0.004776
1.429000	-0.004640
1.430000	-0.004508
1.431000	-0.004379
1.432000	-0.004254
1.433000	-0.004131
1.434000	-0.004012
1.435000	-0.003896
1.436000	-0.003783
1.437000	-0.003673
1.438000	-0.003565
1.439000	-0.003461
1.440000	-0.003359
1.441000	-0.003260
1.442000	-0.003164
1.443000	-0.003070
1.444000	-0.002979
1.445000	-0.002890
1.446000	-0.002803
1.447000	-0.002719
1.448000	-0.002637
1.449000	-0.002558
1.450000	-0.002480
1.451000	-0.002405
1.452000	-0.002332
1.453000	-0.002260
1.454000	-0.002191
1.455000	-0.002124
1.456000	-0.002058
1.457000	-0.001995
1.458000	-0.001933
1.459000	-0.001873
1.460000	-0.001815
1.461000	-0.001758
1.462000	-0.001703
1.463000	-0.001649
1.464000	-0.001597
1.465000	-0.001547
1.466000	-0.001498
1.467000	-0.001450
1.468000	-0.001404
1.469000	-0.001359
1.470000	-0.001316
1.471000	-0.001274
1.472000	-0.001233
1.473000	-0.001193
1.474000	-0.001154
1.475000	-0.001117
1.476000	-0.001080
1.477000	-0.001045
1.478000	-0.001011
1.479000	-0.000978
1.480000	-0.000946
1.481000	-0.000914
1.482000	-0.000884
1.483000	-0.000855
1.484000	-0.000826
1.485000	-0.000799
1.486000	-0.000772
1.487000	-0.000746
1.488000	-0.000721
1.489000	-0.000697
1.490000	-0.000673
1.491000	-0.000651
1.492000	-0.000629
1.493000	-0.000607
1.494000	-0.000587
1.495000	-0.000566
1.496000	-0.000547
1.497000	-0.000528
1.498000	-0.000510
1.499000	-0.000492
1.500000	-0.000475
1.501000	-0.000459
1.502000	-0.000443
1.503000	-0.000428
1.504000	-0.000413
1.505000	-0.000398
1.506000	-0.000384
1.507000	-0.000371
1.508000	-0.000358
1.509000	-0.000345
1.510000	-0.000333
1.511000	-0.000321
1.512000	-0.000309
1.513000	-0.000298
1.514000	-0.000288
1.515000	-0.000277
1.516000	-0.000267
1.517000	-0.000258
1.518000	-0.000248
1.519000	-0.000239
1.520000	-0.000231
1.521000	-0.000222
1.522000	-0.000214
1.523000	-0.000206
1.524000	-0.000199
1.525000	-0.000192
1.526000	-0.000184
1.527000	-0.000178
1.528000	-0.000171
1.529000	-0.000165
1.530000	-0.000159
1.531000	-0.000153
1.532000	-0.000147
1.533000	-0.000142
1.534000	-0.000136
1.535000	-0.000131
1.536000	-0.000126
1.537000	-0.000121
1.538000	-0.000117
1.539000	-0.000112
1.540000	-0.000108
1.541000	-0.000104
1.542000	-0.000100
1.543000	-0.000096
1.544000	-0.000093
1.545000	-0.000089
1.546000	-0.000086
1.547000	-0.000082
1.548000	-0.000079
1.549000	-0.000076
1.550000	-0.000073
1.551000	-0.000070
1.552000	-0.000067
1.553000	-0.000065
1.554000	-0.000062
1.555000	-0.000060
1.556000	-0.000058
1.557000	-0.000055
1.558000	-0.000053
1.559000	-0.000051
1.560000	-0.000049
1.561000	-0.000047
1.562000	-0.000045
1.563000	-0.000043
1.564000	-0.000042
1.565000	-0.000040
1.566000	-0.000038
1.567000	-0.000037
1.568000	-0.000035
1.569000	-0.000034
1.570000	-0.000033
1.571000	-0.000031
1.572000	-0.000030
1.573000	-0.000029
1.574000	-0.000028
1.575000	-0.000026
1.576000	-0.000025
1.577000	-0.000024
1.578000	-0.000023
1.579000	-0.000022
1.580000	-0.000021
1.581000	-0.000021
1.582000	-0.000020
1.583000	-0.000019
1.584000	-0.000018
1.585000	-0.000017
1.586000	-0.000017
1.587000	-0.000016
1.588000	-0.000015
1.589000	-0.000015
1.590000	-0.000014
1.591000	-0.000013
1.592000	-0.000013
1.593000	-0.000012
1.594000	-0.000012
1.595000	-0.000011
1.596000	-0.000011
1.597000	-0.000010
1.598000	-0.000010
1.599000	-0.000009
1.600000	-0.000009
1.601000	-0.000009
1.602000	-0.000008
1.603000	-0.000008
1.604000	-0.000008
1.605000	-0.000007
1.606000	-0.000007
1.607000	-0.000007
1.608000	-0.000006
1.609000	-0.000006
1.610000	-0.000006
1.611000	-0.000006
1.612000	-0.000005
1.613000	-0.000005
1.614000	-0.000005
1.615000	-0.000005
1.616000	-0.000004
1.617000	-0.000004
1.618000	-0.000004
1.619000	-0.000004
1.620000	-0.000004
1.621000	-0.000004
1.622000	-0.000003
1.623000	-0.000003
1.624000	-0.000003
1.625000	-0.000003
1.626000	-0.000003
1.627000	-0.000003
1.628000	-0.000003
1.629000	-0.000002
1.630000	-0.000002
1.631000	-0.000002
1.632000	-0.000002
1.633000	-0.000002
1.634000	-0.000002
1.635000	-0.000002
1.636000	-0.000002
1.637000	-0.000002
1.638000	-0.000002
1.639000	-0.000002
1.640000	-0.000001
1.641000	-0.000001
1.642000	-0.000001
1.643000	-0.000001
1.644000	-0.000001
1.645000	-0.000001
1.646000	-0.000001
1.647000	-0.000001
1.648000	-0.000001
1.649000	-0.000001
1.650000	-0.000001
1.651000	-0.000001
1.652000	-0.000001
1.653000	-0.000001
1.654000	-0.000001
1.655000	-0.000001
1.656000	-0.000001
1.657000	-0.000001
1.658000	-0.000001
1.659000	-0.000001
1.660000	-0.000001
1.661000	-0.000001
1.662000	-0.000001
1.663000	-0.000000
1.664000	-0.000000
1.665000	-0.000000
1.666000	-0.000000
1.667000	-0.000000
1.668000	-0.000000
1.669000	-0.000000
1.670000	-0.000000
1.671000	-0.000000
1.672000	-0.000000
1.673000	-0.000000
1.674000	-0.000000
1.675000	-0.000000
1.676000	-0.000000
1.677000	-0.000000
1.678000	-0.000000
1.679000	-0.000000
1.680000	-0.000000
1.681000	-0.000000
1.682000	-0.000000
1.683000	-0.000000
1.684000	-0.000000
1.685000	-0.000000
1.686000	-0.000000
1.687000	-0.000000
1.688000	-0.000000
1.689000	-0.000000
1.690000	-0.000000
1.691000	-0.000000
1.692000	-0.000000
1.693000	-0.000000
1.694000	-0.000000
1.695000	-0.000000
1.696000	-0.000000
1.697000	-0.000000
1.698000	-0.000000
1.699000	-0.000000
1.700000	-0.000000
1.701000	-0.000000
1.702000	-0.000000
1.703000	-0.000000
1.704000	-0.000000
1.705000	-0.000000
1.706000	-0.000000
1.707000	-0.000000
1.708000	-0.000000
1.709000	-0.000000
1.710000	-0.000000
1.711000	-0.000000
1.712000	-0.000000
1.713000	-0.000000
1.714000	-0.000000
1.715000	-0.000000
1.716000	-0.000000
1.717000	-0.000000
1.718000	-0.000000
1.719000	-0.000000
1.720000	-0.000000
1.721000	-0.000000
1.722000	-0.000000
1.723000	-0.000000
1.724000	-0.000000
1.725000	-0.000000
1.726000	-0.000000
1.727000	-0.000000
1.728000	-0.000000
1.729000	-0.000000
1.730000	-0.000000
1.731000	-0.000000
1.732000	-0.000000
1.733000	-0.000000
1.734000	-0.000000
1.735000	-0.000000
1.736000	-0.000000
1.737000	-0.000000
1.738000	-0.000000
1.739000	-0.000000
1.740000	-0.000000
1.741000	-0.000000
1.742000	-0.000000
1.743000	-0.000000
1.744000	-0.000000
1.745000	-0.000000
1.746000	-0.000000
1.747000	-0.000000
1.748000	-0.000000
1.749000	-0.000000
1.750000	-0.000000
1.751000	-0.000000
1.752000	-0.000000
1.753000	-0.000000
1.754000	-0.000000
1.755000	-0.000000
1.756000	-0.000000
1.757000	-0.000000
1.758000	-0.000000
1.759000	-0.000000
1.760000	-0.000000
1.761000	-0.000000
1.762000	-0.000000
1.763000	-0.000000
1.764000	-0.000000
1.765000	-0.000000
1.766000	-0.000000
1.767000	-0.000000
1.768000	-0.000000
1.769000	-0.000000
1.770000	-0.000000
1.771000	-0.000000
1.772000	-0.000000
1.773000	-0.000000
1.774000	-0.000000
1.775000	-0.000000
1.776000	-0.000000
1.777000	-0.000000
1.778000	-0.000000
1.779000	-0.000000
1.780000	-0.000000
1.781000	-0.000000
1.782000	-0.000000
1.783000	-0.000000
1.784000	-0.000000
1.785000	-0.000000
1.786000	-0.000000
1.787000	-0.000000
1.788000	-0.000000
1.789000	-0.000000
1.790000	-0.000000
1.791000	-0.000000
1.792000	-0.000000
1.793000	-0.000000
1.794000	-0.000000
1.795000	-0.000000
1.796000	-0.000000
1.797000	-0.000000
1.798000	-0.000000
1.799000	-0.000000
1.800000	-0.000000
1.801000	-0.000000
1.802000	-0.000000
1.803000	-0.000000
1.804000	-0.000000
1.805000	-0.000000
1.806000	-0.000000
1.807000	-0.000000
1.808000	-0.000000
1.809000	-0.000000
1.810000	-0.000000
1.811000	-0.000000
1.812000	-0.000000
1.813000	-0.000000
1.814000	-0.000000
1.815000	-0.000000
1.816000	-0.000000
1.817000	-0.000000
1.818000	-0.000000
1.819000	-0.000000
1.820000	-0.000000
1.821000	-0.000000
1.822000	-0.000000
1.823000	-0.000000
1.824000	-0.000000
1.825000	-0.000000
1.826000	-0.000000
1.827000	-0.000000
1.828000	-0.000000
1.829000	-0.000000
1.830000	-0.000000
1.831000	-0.000000
1.832000	-0.000000
1.833000	-0.000000
1.834000	-0.000000
1.835000	-0.000000
1.836000	-0.000000
1.837000	-0.000000
1.838000	-0.000000
1.839000	-0.000000
1.840000	-0.000000
1.841000	-0.000000
1.842000	-0.000000
1.843000	-0.000000
1.844000	-0.000000
1.845000	-0.000000
1.846000	-0.000000
1.847000	-0.000000
1.848000	-0.000000
1.849000	-0.000000
1.850000	-0.000000
1.851000	-0.000000
1.852000	-0.000000
1.853000	-0.000000
1.854000	-0.000000
1.855000	-0.000000
1.856000	-0.000000
1.857000	-0.000000
1.858000	-0.000000
1.859000	-0.000000
1.860000	-0.000000
1.861000	-0.000000
1.862000	-0.000000
1.863000	-0.000000
1.864000	-0.000000
1.865000	-0.000000
1.866000	-0.000000
1.867000	-0.000000
1.868000	-0.000000
1.869000	-0.000000
1.870000	-0.000000
1.871000	-0.000000
1.872000	-0.000000
1.873000	-0.000000
1.874000	-0.000000
1.875000	-0.000000
1.876000	-0.000000
1.877000	-0.000000
1.878000	-0.000000
1.879000	-0.000000
1.880000	-0.000000
1.881000	-0.000000
1.882000	-0.000000
1.883000	-0.000000
1.884000	-0.000000
1.885000	-0.000000
1.886000	-0.000000
1.887000	-0.000000
1.888000	-0.000000
1.889000	-0.000000
1.890000	-0.000000
1.891000	-0.000000
1.892000	-0.000000
1.893000	-0.000000
1.894000	-0.000000
1.895000	-0.000000
1.896000	-0.000000
1.897000	-0.000000
1.898000	-0.000000
1.899000	-0.000000
1.900000	-0.000000
1.901000	-0.000000
1.902000	-0.000000
1.903000	-0.000000
1.904000	-0.000000
1.905000	-0.000000
1.906000	-0.000000
1.907000	-0.000000
1.908000	-0.000000
1.909000	-0.000000
1.910000	-0.000000
1.911000	-0.000000
1.912000	-0.000000
1.913000	-0.000000
1.914000	-0.000000
1.915000	-0.000000
1.916000	-0.000000
1.917000	-0.000000
1.918000	-0.000000
1.919000	-0.000000
1.920000	-0.000000
1.921000	-0.000000
1.922000	-0.000000
1.923000	-0.000000
1.924000	-0.000000
1.925000	-0.000000
1.926000	-0.000000
1.927000	-0.000000
1.928000	-0.000000
1.929000	-0.000000
1.930000	-0.000000
1.931000	-0.000000
1.932000	-0.000000
1.933000	-0.000000
1.934000	-0.000000
1.935000	-0.000000
1.936000	-0.000000
1.937000	-0.000000
1.938000	-0.000000
1.939000	-0.000000
1.940000	-0.000000
1.941000	-0.000000
1.942000	-0.000000
1.943000	-0.000000
1.944000	-0.000000
1.945000	-0.000000
1.946000	-0.000000
1.947000	-0.000000
1.948000	-0.000000
1.949000	-0.000000
1.950000	-0.000000
1.951000	-0.000000
1.952000	-0.000000
1.953000	-0.000000
1.954000	-0.000000
1.955000	-0.000000
1.956000	-0.000000
1.957000	-0.000000
1.958000	-0.000000
1.959000	-0.000000
1.960000	-0.000000
1.961000	-0.000000
1.962000	-0.000000
1.963000	-0.000000
1.964000	-0.000000
1.965000	-0.000000
1.966000	-0.000000
1.967000	-0.000000
1.968000	-0.000000
1.969000	-0.000000
1.970000	-0.000000
1.971000	-0.000000
1.972000	-0.000000
1.973000	-0.000000
1.974000	-0.000000
1.975000	-0.000000
1.976000	-0.000000
1.977000	-0.000000
1.978000	-0.000000
1.979000	-0.000000
1.980000	-0.000000
1.981000	-0.000000
1.982000	-0.000000
1.983000	-0.000000
1.984000	-0.000000
1.985000	-0.000000
1.986000	-0.000000
1.987000	-0.000000
1.988000	-0.000000
1.989000	-0.000000
1.990000	-0.000000
1.991000	-0.000000
1.992000	-0.000000
1.993000	-0.000000
1.994000	-0.000000
1.995000	-0.000000
1.996000	-0.000000
1.997000	-0.000000
1.998000	-0.000000
1.999000	-0.000000
2.000000	-0.000000
