0.000000	-0.000000
0.001000	-0.000000
0.002000	-0.000000
0.003000	-0.000000
0.004000	-0.000000
0.005000	-0.000000
0.006000	-0.000000
0.007000	-0.000000
0.008000	-0.000000
0.009000	-0.000000
0.010000	-0.000000
0.011000	-0.000000
0.012000	-0.000000
0.013000	-0.000000
0.014000	-0.000000
0.015000	-0.000000
0.016000	-0.000000
0.017000	-0.000000
0.018000	-0.000000
0.019000	-0.000000
0.020000	-0.000000
0.021000	-0.000000
0.022000	-0.000000
0.023000	-0.000000
0.024000	-0.000000
0.025000	-0.000000
0.026000	-0.000000
0.027000	-0.000000
0.028000	-0.000000
0.029000	-0.000000
0.030000	-0.000000
0.031000	-0.000000
0.032000	-0.000000
0.033000	-0.000000
0.034000	-0.000000
0.035000	-0.000000
0.036000	-0.000000
0.037000	-0.000000
0.038000	-0.000000
0.039000	-0.000000
0.040000	-0.000000
0.041000	-0.000000
0.042000	-0.000000
0.043000	-0.000000
0.044000	-0.000000
0.045000	-0.000000
0.046000	-0.000000
0.047000	-0.000000
0.048000	-0.000000
0.049000	-0.000000
0.050000	-0.000000
0.051000	-0.000000
0.052000	-0.000000
0.053000	-0.000000
0.054000	-0.000000
0.055000	-0.000000
0.056000	-0.000000
0.057000	-0.000000
0.058000	-0.000000
0.059000	-0.000000
0.060000	-0.000000
0.061000	-0.000000
0.062000	-0.000000
0.063000	-0.000000
0.064000	-0.000000
0.065000	-0.000000
0.066000	-0.000000
0.067000	-0.000000
0.068000	-0.000000
0.069000	-0.000000
0.070000	-0.000000
0.071000	-0.000000
0.072000	-0.000000
0.073000	-0.000000
0.074000	-0.000000
0.075000	-0.000000
0.076000	-0.000000
0.077000	-0.000000
0.078000	-0.000000
0.079000	-0.000000
0.080000	-0.000000
0.081000	-0.000000
0.082000	-0.000000
0.083000	-0.000000
0.084000	-0.000000
0.085000	-0.000000
0.086000	-0.000000
0.087000	-0.000000
0.088000	-0.000000
0.089000	-0.000000
0.090000	-0.000000
0.091000	-0.000000
0.092000	-0.000000
0.093000	-0.000000
0.094000	-0.000000
0.095000	-0.000000
0.096000	-0.000000
0.097000	-0.000000
0.098000	-0.000000
0.099000	-0.000000
0.100000	-0.000000
0.101000	-0.000000
0.102000	-0.000000
0.103000	-0.000000
0.104000	-0.000000
0.105000	-0.000000
0.106000	-0.000000
0.107000	-0.000000
0.108000	-0.000000
0.109000	-0.000000
0.110000	-0.000000
0.111000	-0.000000
0.112000	-0.000000
0.113000	-0.000000
0.114000	-0.000000
0.115000	-0.000000
0.116000	-0.000000
0.117000	-0.000000
0.118000	-0.000000
0.119000	-0.000000
0.120000	-0.000000
0.121000	-0.000000
0.122000	-0.000000
0.123000	-0.000000
0.124000	-0.000000
0.125000	-0.000000
0.126000	-0.000000
0.127000	-0.000000
0.128000	-0.000000
0.129000	-0.000000
0.130000	-0.000000
0.131000	-0.000000
0.132000	-0.000000
0.133000	-0.000000
0.134000	-0.000000
0.135000	-0.000000
0.136000	-0.000000
0.137000	-0.000000
0.138000	-0.000000
0.139000	-0.000000
0.140000	-0.000000
0.141000	-0.000000
0.142000	-0.000000
0.143000	-0.000000
0.144000	-0.000000
0.145000	-0.000000
0.146000	-0.000000
0.147000	-0.000000
0.148000	-0.000000
0.149000	-0.000000
0.150000	-0.000000
0.151000	-0.000000
0.152000	-0.000000
0.153000	-0.000000
0.154000	-0.000000
0.155000	-0.000000
0.156000	-0.000000
0.157000	-0.000000
0.158000	-0.000000
0.159000	-0.000000
0.160000	-0.000000
0.161000	-0.000000
0.162000	-0.000000
0.163000	-0.000000
0.164000	-0.000000
0.165000	-0.000000
0.166000	-0.000000
0.167000	-0.000000
0.168000	-0.000000
0.169000	-0.000000
0.170000	-0.000000
0.171000	-0.000000
0.172000	-0.000000
0.173000	-0.000000
0.174000	-0.000000
0.175000	-0.000000
0.176000	-0.000000
0.177000	-0.000000
0.178000	-0.000000
0.179000	-0.000000
0.180000	-0.000000
0.181000	-0.000000
0.182000	-0.000000
0.183000	-0.000000
0.184000	-0.000000
0.185000	-0.000000
0.186000	-0.000000
0.187000	-0.000000
0.188000	-0.000000
0.189000	-0.000000
0.190000	-0.000000
0.191000	-0.000000
0.192000	-0.000000
0.193000	-0.000000
0.194000	-0.000000
0.195000	-0.000000
0.196000	-0.000000
0.197000	-0.000000
0.198000	-0.000000
0.199000	-0.000000
0.200000	-0.000000
0.201000	-0.000000
0.202000	-0.000000
0.203000	-0.000000
0.204000	-0.000000
0.205000	-0.000000
0.206000	-0.000000
0.207000	-0.000000
0.208000	-0.000000
0.209000	-0.000000
0.210000	-0.000000
0.211000	-0.000000
0.212000	-0.000000
0.213000	-0.000000
0.214000	-0.000000
0.215000	-0.000000
0.216000	-0.000000
0.217000	-0.000000
0.218000	-0.000000
0.219000	-0.000000
0.220000	-0.000000
0.221000	-0.000000
0.222000	-0.000000
0.223000	-0.000000
0.224000	-0.000000
0.225000	-0.000000
0.226000	-0.000000
0.227000	-0.000000
0.228000	-0.000000
0.229000	-0.000000
0.230000	-0.000000
0.231000	-0.000000
0.232000	-0.000000
0.233000	-0.000000
0.234000	-0.000000
0.235000	-0.000000
0.236000	-0.000000
0.237000	-0.000000
0.238000	-0.000000
0.239000	-0.000000
0.240000	-0.000000
0.241000	-0.000000
0.242000	-0.000000
0.243000	-0.000000
0.244000	-0.000000
0.245000	-0.000000
0.246000	-0.000000
0.247000	-0.000000
0.248000	-0.000000
0.249000	-0.000000
0.250000	-0.000000
0.251000	-0.000000
0.252000	-0.000000
0.253000	-0.000000
0.254000	-0.000000
0.255000	-0.000000
0.256000	-0.000000
0.257000	-0.000000
0.258000	-0.000000
0.259000	-0.000000
0.260000	-0.000000
0.261000	-0.000000
0.262000	-0.000000
0.263000	-0.000000
0.264000	-0.000000
0.265000	-0.000000
0.266000	-0.000000
0.267000	-0.000000
0.268000	-0.000000
0.269000	-0.000000
0.270000	-0.000000
0.271000	-0.000000
0.272000	-0.000000
0.273000	-0.000000
0.274000	-0.000000
0.275000	-0.000000
0.276000	-0.000000
0.277000	-0.000000
0.278000	-0.000000
0.279000	-0.000000
0.280000	-0.000000
0.281000	-0.000000
0.282000	-0.000000
0.283000	-0.000000
0.284000	-0.000000
0.285000	-0.000000
0.286000	-0.000000
0.287000	-0.000000
0.288000	-0.000000
0.289000	-0.000000
0.290000	-0.000000
0.291000	-0.000000
0.292000	-0.000000
0.293000	-0.000000
0.294000	-0.000000
0.295000	-0.000000
0.296000	-0.000000
0.297000	-0.000000
0.298000	-0.000000
0.299000	-0.000000
0.300000	-0.000000
0.301000	-0.000000
0.302000	-0.000000
0.303000	-0.000000
0.304000	-0.000000
0.305000	-0.000000
0.306000	-0.000000
0.307000	-0.000000
0.308000	-0.000000
0.309000	-0.000000
0.310000	-0.000000
0.311000	-0.000001
0.312000	-0.000001
0.313000	-0.000001
0.314000	-0.000001
0.315000	-0.000001
0.316000	-0.000001
0.317000	-0.000001
0.318000	-0.000001
0.319000	-0.000001
0.320000	-0.000001
0.321000	-0.000001
0.322000	-0.000001
0.323000	-0.000001
0.324000	-0.000001
0.325000	-0.000001
0.326000	-0.000001
0.327000	-0.000001
0.328000	-0.000001
0.329000	-0.000001
0.330000	-0.000001
0.331000	-0.000001
0.332000	-0.000002
0.333000	-0.000002
0.334000	-0.000002
0.335000	-0.000002
0.336000	-0.000002
0.337000	-0.000002
0.338000	-0.000002
0.339000	-0.000002
0.340000	-0.000002
0.341000	-0.000002
0.342000	-0.000002
0.343000	-0.000003
0.344000	-0.000003
0.345000	-0.000003
0.346000	-0.000003
0.347000	-0.000003
0.348000	-0.000003
0.349000	-0.000003
0.350000	-0.000004
0.351000	-0.000004
0.352000	-0.000004
0.353000	-0.000004
0.354000	-0.000004
0.355000	-0.000005
0.356000	-0.000005
0.357000	-0.000005
0.358000	-0.000005
0.359000	-0.000006
0.360000	-0.000006
0.361000	-0.000006
0.362000	-0.000006
0.363000	-0.000007
0.364000	-0.000007
0.365000	-0.000007
0.366000	-0.000008
0.367000	-0.000008
0.368000	-0.000008
0.369000	-0.000009
0.370000	-0.000009
0.371000	-0.000010
0.372000	-0.000010
0.373000	-0.000011
0.374000	-0.000011
0.375000	-0.000012
0.376000	-0.000012
0.377000	-0.000013
0.378000	-0.000013
0.379000	-0.000014
0.380000	-0.000015
0.381000	-0.000015
0.382000	-0.000016
0.383000	-0.000017
0.384000	-0.000018
0.385000	-0.000019
0.386000	-0.000019
0.387000	-0.000020
0.388000	-0.000021
0.389000	-0.000022
0.390000	-0.000023
0.391000	-0.000024
0.392000	-0.000025
0.393000	-0.000027
0.394000	-0.000028
0.395000	-0.000029
0.396000	-0.000030
0.397000	-0.000032
0.398000	-0.000033
0.399000	-0.000035
0.400000	-0.000036
0.401000	-0.000038
0.402000	-0.000040
0.403000	-0.000041
0.404000	-0.000043
0.405000	-0.000045
0.406000	-0.000047
0.407000	-0.000049
0.408000	-0.000051
0.409000	-0.000054
0.410000	-0.000056
0.411000	-0.000058
0.412000	-0.000061
0.413000	-0.000064
0.414000	-0.000066
0.415000	-0.000069
0.416000	-0.000072
0.417000	-0.000075
0.418000	-0.000079
0.419000	-0.000082
0.420000	-0.000086
0.421000	-0.000089
0.422000	-0.000093
0.423000	-0.000097
0.424000	-0.000101
0.425000	-0.000106
0.426000	-0.000110
0.427000	-0.000115
0.428000	-0.000120
0.429000	-0.000125
0.430000	-0.000130
0.431000	-0.000136
0.432000	-0.000141
0.433000	-0.000147
0.434000	-0.000153
0.435000	-0.000160
0.436000	-0.000166
0.437000	-0.000173
0.438000	-0.000181
0.439000	-0.000188
0.440000	-0.000196
0.441000	-0.000204
0.442000	-0.000212
0.443000	-0.000221
0.444000	-0.000230
0.445000	-0.000239
0.446000	-0.000249
0.447000	-0.000259
0.448000	-0.000270
0.449000	-0.000281
0.450000	-0.000292
0.451000	-0.000304
0.452000	-0.000316
0.453000	-0.000329
0.454000	-0.000342
0.455000	-0.000356
0.456000	-0.000370
0.457000	-0.000385
0.458000	-0.000400
0.459000	-0.000416
0.460000	-0.000433
0.461000	-0.000450
0.462000	-0.000467
0.463000	-0.000486
0.464000	-0.000505
0.465000	-0.000524
0.466000	-0.000545
0.467000	-0.000566
0.468000	-0.000588
0.469000	-0.000611
0.470000	-0.000635
0.471000	-0.000659
0.472000	-0.000684
0.473000	-0.000711
0.474000	-0.000738
0.475000	-0.000766
0.476000	-0.000795
0.477000	-0.000826
0.478000	-0.000857
0.479000	-0.000889
0.480000	-0.000923
0.481000	-0.000958
0.482000	-0.000994
0.483000	-0.001031
0.484000	-0.001070
0.485000	-0.001109
0.486000	-0.001151
0.487000	-0.001193
0.488000	-0.001238
0.489000	-0.001283
0.490000	-0.001331
0.491000	-0.001380
0.492000	-0.001430
0.493000	-0.001482
0.494000	-0.001537
0.495000	-0.001593
0.496000	-0.001650
0.497000	-0.001710
0.498000	-0.001772
0.499000	-0.001836
0.500000	-0.001902
0.501000	-0.001970
0.502000	-0.002040
0.503000	-0.002113
0.504000	-0.002188
0.505000	-0.002266
0.506000	-0.002346
0.507000	-0.002429
0.508000	-0.002514
0.509000	-0.002603
0.510000	-0.002694
0.511000	-0.002788
0.512000	-0.002885
0.513000	-0.002985
0.514000	-0.003089
0.515000	-0.003196
0.516000	-0.003306
0.517000	-0.003419
0.518000	-0.003537
0.519000	-0.003658
0.520000	-0.003782
0.521000	-0.003911
0.522000	-0.004044
0.523000	-0.004180
0.524000	-0.004321
0.525000	-0.004467
0.526000	-0.004617
0.527000	-0.004771
0.528000	-0.004930
0.529000	-0.005094
0.530000	-0.005263
0.531000	-0.005437
0.532000	-0.005617
0.533000	-0.005802
0.534000	-0.005992
0.535000	-0.006188
0.536000	-0.006390
0.537000	-0.006598
0.538000	-0.006812
0.539000	-0.007032
0.540000	-0.007259
0.541000	-0.007492
0.542000	-0.007732
0.543000	-0.007980
0.544000	-0.008234
0.545000	-0.008496
0.546000	-0.008765
0.547000	-0.009042
0.548000	-0.009327
0.549000	-0.009620
0.550000	-0.009921
0.551000	-0.010231
0.552000	-0.010549
0.553000	-0.010876
0.554000	-0.011213
0.555000	-0.011559
0.556000	-0.011914
0.557000	-0.012280
0.558000	-0.012655
0.559000	-0.013040
0.560000	-0.013437
0.561000	-0.013843
0.562000	-0.014261
0.563000	-0.014690
0.564000	-0.015131
0.565000	-0.015584
0.566000	-0.016048
0.567000	-0.016525
0.568000	-0.017014
0.569000	-0.017517
0.570000	-0.018032
0.571000	-0.018561
0.572000	-0.019104
0.573000	-0.019661
0.574000	-0.020232
0.575000	-0.020818
0.576000	-0.021418
0.577000	-0.022034
0.578000	-0.022666
0.579000	-0.023314
0.580000	-0.023978
0.581000	-0.024658
0.582000	-0.025356
0.583000	-0.026070
0.584000	-0.026803
0.585000	-0.027553
0.586000	-0.028322
0.587000	-0.029109
0.588000	-0.029916
0.589000	-0.030742
0.590000	-0.031588
0.591000	-0.032454
0.592000	-0.033341
0.593000	-0.034248
0.594000	-0.035177
0.595000	-0.036128
0.596000	-0.037101
0.597000	-0.038097
0.598000	-0.039116
0.599000	-0.040158
0.600000	-0.041224
0.601000	-0.042315
0.602000	-0.043430
0.603000	-0.044570
0.604000	-0.045736
0.605000	-0.046927
0.606000	-0.048146
0.607000	-0.049391
0.608000	-0.050664
0.609000	-0.051964
0.610000	-0.053293
0.611000	-0.054650
0.612000	-0.056036
0.613000	-0.057453
0.614000	-0.058899
0.615000	-0.060376
0.616000	-0.061884
0.617000	-0.063423
0.618000	-0.064995
0.619000	-0.066599
0.620000	-0.068236
0.621000	-0.069907
0.622000	-0.071611
0.623000	-0.073350
0.624000	-0.075123
0.625000	-0.076933
0.626000	-0.078778
0.627000	-0.080659
0.628000	-0.082577
0.629000	-0.084533
0.630000	-0.086526
0.631000	-0.088558
0.632000	-0.090628
0.633000	-0.092738
0.634000	-0.094887
0.635000	-0.097077
0.636000	-0.099307
0.637000	-0.101578
0.638000	-0.103891
0.639000	-0.106247
0.640000	-0.108644
0.641000	-0.111085
0.642000	-0.113569
0.643000	-0.116098
0.644000	-0.118670
0.645000	-0.121288
0.646000	-0.123950
0.647000	-0.126659
0.648000	-0.129413
0.649000	-0.132214
0.650000	-0.135062
0.651000	-0.137958
0.652000	-0.140901
0.653000	-0.143892
0.654000	-0.146932
0.655000	-0.150021
0.656000	-0.153159
0.657000	-0.156347
0.658000	-0.159584
0.659000	-0.162872
0.660000	-0.166211
0.661000	-0.169600
0.662000	-0.173041
0.663000	-0.176533
0.664000	-0.180077
0.665000	-0.183673
0.666000	-0.187322
0.667000	-0.191023
0.668000	-0.194776
0.669000	-0.198583
0.670000	-0.202443
0.671000	-0.206356
0.672000	-0.210322
0.673000	-0.214343
0.674000	-0.218416
0.675000	-0.222544
0.676000	-0.226726
0.677000	-0.230961
0.678000	-0.235251
0.679000	-0.239594
0.680000	-0.243992
0.681000	-0.248443
0.682000	-0.252949
0.683000	-0.257508
0.684000	-0.262122
0.685000	-0.266788
0.686000	-0.271509
0.687000	-0.276283
0.688000	-0.281110
0.689000	-0.285990
0.690000	-0.290922
0.691000	-0.295907
0.692000	-0.300945
0.693000	-0.306034
0.694000	-0.311174
0.695000	-0.316366
0.696000	-0.321609
0.697000	-0.326901
0.698000	-0.332244
0.699000	-0.337636
0.700000	-0.343076
0.701000	-0.348565
0.702000	-0.354101
0.703000	-0.359684
0.704000	-0.365314
0.705000	-0.370989
0.706000	-0.376709
0.707000	-0.382473
0.708000	-0.388280
0.709000	-0.394130
0.710000	-0.400021
0.711000	-0.405953
0.712000	-0.411924
0.713000	-0.417934
0.714000	-0.423982
0.715000	-0.430066
0.716000	-0.436185
0.717000	-0.442339
0.718000	-0.448526
0.719000	-0.454745
0.720000	-0.460995
0.721000	-0.467274
0.722000	-0.473580
0.723000	-0.479914
0.724000	-0.486272
0.725000	-0.492654
0.726000	-0.499058
0.727000	-0.505483
0.728000	-0.511927
0.729000	-0.518388
0.730000	-0.524865
0.731000	-0.531355
0.732000	-0.537858
0.733000	-0.544371
0.734000	-0.550892
0.735000	-0.557420
0.736000	-0.563953
0.737000	-0.570488
0.738000	-0.577024
0.739000	-0.583558
0.740000	-0.590089
0.741000	-0.596613
0.742000	-0.603130
0.743000	-0.609637
0.744000	-0.616131
0.745000	-0.622611
0.746000	-0.629073
0.747000	-0.635516
0.748000	-0.641936
0.749000	-0.648332
0.750000	-0.654701
0.751000	-0.661041
0.752000	-0.667348
0.753000	-0.673620
0.754000	-0.679854
0.755000	-0.686049
0.756000	-0.692200
0.757000	-0.698305
0.758000	-0.704362
0.759000	-0.710366
0.760000	-0.716317
0.761000	-0.722210
0.762000	-0.728042
0.763000	-0.733811
0.764000	-0.739514
0.765000	-0.745147
0.766000	-0.750707
0.767000	-0.756192
0.768000	-0.761598
0.769000	-0.766921
0.770000	-0.772159
0.771000	-0.777309
0.772000	-0.782367
0.773000	-0.787330
0.774000	-0.792194
0.775000	-0.796956
0.776000	-0.801614
0.777000	-0.806163
0.778000	-0.810600
0.779000	-0.814922
0.780000	-0.819125
0.781000	-0.823206
0.782000	-0.827162
0.783000	-0.830989
0.784000	-0.834683
0.785000	-0.838242
0.786000	-0.841661
0.787000	-0.844937
0.788000	-0.848067
0.789000	-0.851048
0.790000	-0.853875
0.791000	-0.856545
0.792000	-0.859056
0.793000	-0.861403
0.794000	-0.863582
0.795000	-0.865592
0.796000	-0.867427
0.797000	-0.869085
0.798000	-0.870563
0.799000	-0.871856
0.800000	-0.872962
0.801000	-0.873876
0.802000	-0.874597
0.803000	-0.875121
0.804000	-0.875443
0.805000	-0.875562
0.806000	-0.875474
0.807000	-0.875175
0.808000	-0.874663
0.809000	-0.873934
0.810000	-0.872986
0.811000	-0.871815
0.812000	-0.870418
0.813000	-0.868792
0.814000	-0.866936
0.815000	-0.864844
0.816000	-0.862516
0.817000	-0.859948
0.818000	-0.857137
0.819000	-0.854082
0.820000	-0.850778
0.821000	-0.847224
0.822000	-0.843418
0.823000	-0.839356
0.824000	-0.835037
0.825000	-0.830459
0.826000	-0.825618
0.827000	-0.820514
0.828000	-0.815144
0.829000	-0.809506
0.830000	-0.803598
0.831000	-0.797419
0.832000	-0.790967
0.833000	-0.784240
0.834000	-0.777237
0.835000	-0.769956
0.836000	-0.762396
0.837000	-0.754556
0.838000	-0.746434
0.839000	-0.738030
0.840000	-0.729343
0.841000	-0.720371
0.842000	-0.711114
0.843000	-0.701571
0.844000	-0.691742
0.845000	-0.681627
0.846000	-0.671224
0.847000	-0.660534
0.848000	-0.649557
0.849000	-0.638293
0.850000	-0.626741
0.851000	-0.614903
0.852000	-0.602777
0.853000	-0.590366
0.854000	-0.577669
0.855000	-0.564688
0.856000	-0.551422
0.857000	-0.537873
0.858000	-0.524043
0.859000	-0.509931
0.860000	-0.495540
0.861000	-0.480871
0.862000	-0.465926
0.863000	-0.450706
0.864000	-0.435213
0.865000	-0.419449
0.866000	-0.403417
0.867000	-0.387118
0.868000	-0.370554
0.869000	-0.353729
0.870000	-0.336645
0.871000	-0.319304
0.872000	-0.301710
0.873000	-0.283865
0.874000	-0.265773
0.875000	-0.247437
0.876000	-0.228860
0.877000	-0.210045
0.878000	-0.190997
0.879000	-0.171719
0.880000	-0.152216
0.881000	-0.132490
0.882000	-0.112547
0.883000	-0.092390
0.884000	-0.072024
0.885000	-0.051454
0.886000	-0.030683
0.887000	-0.009718
0.888000	0.011438
0.889000	0.032778
0.890000	0.054299
0.891000	0.075995
0.892000	0.097860
0.893000	0.119889
0.894000	0.142076
0.895000	0.164416
0.896000	0.186903
0.897000	0.209531
0.898000	0.232294
0.899000	0.255186
0.900000	0.278200
0.901000	0.301331
0.902000	0.324571
0.903000	0.347915
0.904000	0.371355
0.905000	0.394886
0.906000	0.418500
0.907000	0.442190
0.908000	0.465950
0.909000	0.489772
0.910000	0.513650
0.911000	0.537575
0.912000	0.561542
0.913000	0.585542
0.914000	0.609569
0.915000	0.633614
0.916000	0.657671
0.917000	0.681731
0.918000	0.705788
0.919000	0.729833
0.920000	0.753859
0.921000	0.777859
0.922000	0.801823
0.923000	0.825745
0.924000	0.849617
0.925000	0.873431
0.926000	0.897178
0.927000	0.920852
0.928000	0.944443
0.929000	0.967945
0.930000	0.991349
0.931000	1.014648
0.932000	1.037832
0.933000	1.060895
0.934000	1.083828
0.935000	1.106624
0.936000	1.129274
0.937000	1.151771
0.938000	1.174106
0.939000	1.196273
0.940000	1.218262
0.941000	1.240066
0.942000	1.261678
0.943000	1.283090
0.944000	1.304293
0.945000	1.325281
0.946000	1.346046
0.947000	1.366580
0.948000	1.386875
0.949000	1.406925
0.950000	1.426722
0.951000	1.446258
0.952000	1.465527
0.953000	1.484522
0.954000	1.503235
0.955000	1.521659
0.956000	1.539787
0.957000	1.557614
0.958000	1.575131
0.959000	1.592333
0.960000	1.609213
0.961000	1.625765
0.962000	1.641982
0.963000	1.657858
0.964000	1.673387
0.965000	1.688564
0.966000	1.703382
0.967000	1.717836
0.968000	1.731920
0.969000	1.745629
0.970000	1.758958
0.971000	1.771901
0.972000	1.784454
0.973000	1.796611
0.974000	1.808368
0.975000	1.819721
0.976000	1.830664
0.977000	1.841195
0.978000	1.851308
0.979000	1.861000
0.980000	1.870266
0.981000	1.879104
0.982000	1.887510
0.983000	1.895480
0.984000	1.903012
0.985000	1.910102
0.986000	1.916748
0.987000	1.922947
0.988000	1.928697
0.989000	1.933995
0.990000	1.938839
0.991000	1.943228
0.992000	1.947160
0.993000	1.950632
0.994000	1.953645
0.995000	1.956196
0.996000	1.958284
0.997000	1.959909
0.998000	1.961071
0.999000	1.961768
1.000000	1.962000
1.001000	1.961768
1.002000	1.961071
1.003000	1.959909
1.004000	1.958284
1.005000	1.956196
1.006000	1.953645
1.007000	1.950632
1.008000	1.947160
1.009000	1.943228
1.010000	1.938839
1.011000	1.933995
1.012000	1.928697
1.013000	1.922947
1.014000	1.916748
1.015000	1.910102
1.016000	1.903012
1.017000	1.895480
1.018000	1.887510
1.019000	1.879104
1.020000	1.870266
1.021000	1.861000
1.022000	1.851308
1.023000	1.841195
1.024000	1.830664
1.025000	1.819721
1.026000	1.808368
1.027000	1.796611
1.028000	1.784454
1.029000	1.771901
1.030000	1.758958
1.031000	1.745629
1.032000	1.731920
1.033000	1.717836
1.034000	1.703382
1.035000	1.688564
1.036000	1.673387
1.037000	1.657858
1.038000	1.641982
1.039000	1.625765
1.040000	1.609213
1.041000	1.592333
1.042000	1.575131
1.043000	1.557614
1.044000	1.539787
1.045000	1.521659
1.046000	1.503235
1.047000	1.484522
1.048000	1.465527
1.049000	1.446258
1.050000	1.426722
1.051000	1.406925
1.052000	1.386875
1.053000	1.366580
1.054000	1.346046
1.055000	1.325281
1.056000	1.304293
1.057000	1.283090
1.058000	1.261678
1.059000	1.240066
1.060000	1.218262
1.061000	1.196273
1.062000	1.174106
1.063000	1.151771
1.064000	1.129274
1.065000	1.106624
1.066000	1.083828
1.067000	1.060895
1.068000	1.037832
1.069000	1.014648
1.070000	0.991349
1.071000	0.967945
1.072000	0.944443
1.073000	0.920852
1.074000	0.897178
1.075000	0.873431
1.076000	0.849617
1.077000	0.825745
1.078000	0.801823
1.079000	0.777859
1.080000	0.753859
1.081000	0.729833
1.082000	0.705788
1.083000	0.681731
1.084000	0.657671
1.085000	0.633614
1.086000	0.609569
1.087000	0.585542
1.088000	0.561542
1.089000	0.537575
1.090000	0.513650
1.091000	0.489772
1.092000	0.465950
1.093000	0.442190
1.094000	0.418500
1.095000	0.394886
1.096000	0.371355
1.097000	0.347915
1.098000	0.324571
1.099000	0.301331
1.100000	0.278200
1.101000	0.255186
1.102000	0.232294
1.103000	0.209531
1.104000	0.186903
1.105000	0.164416
1.106000	0.142076
1.107000	0.119889
1.108000	0.097860
1.109000	0.075995
1.110000	0.054299
1.111000	0.032778
1.112000	0.011438
1.113000	-0.009718
1.114000	-0.030683
1.115000	-0.051454
1.116000	-0.072024
1.117000	-0.092390
1.118000	-0.112547
1.119000	-0.132490
1.120000	-0.152216
1.121000	-0.171719
1.122000	-0.190997
1.123000	-0.210045
1.124000	-0.228860
1.125000	-0.247437
1.126000	-0.265773
1.127000	-0.283865
1.128000	-0.301710
1.129000	-0.319304
1.130000	-0.336645
1.131000	-0.353729
1.132000	-0.370554
1.133000	-0.387118
1.134000	-0.403417
1.135000	-0.419449
1.136000	-0.435213
1.137000	-0.450706
1.138000	-0.465926
1.139000	-0.480871
1.140000	-0.495540
1.141000	-0.509931
1.142000	-0.524043
1.143000	-0.537873
1.144000	-0.551422
1.145000	-0.564688
1.146000	-0.577669
1.147000	-0.590366
1.148000	-0.602777
1.149000	-0.614903
1.150000	-0.626741
1.151000	-0.638293
1.152000	-0.649557
1.153000	-0.660534
1.154000	-0.671224
1.155000	-0.681627
1.156000	-0.691742
1.157000	-0.701571
1.158000	-0.711114
1.159000	-0.720371
1.160000	-0.729343
1.161000	-0.738030
1.162000	-0.746434
1.163000	-0.754556
1.164000	-0.762396
1.165000	-0.769956
1.166000	-0.777237
1.167000	-0.784240
1.168000	-0.790967
1.169000	-0.797419
1.170000	-0.803598
1.171000	-0.809506
1.172000	-0.815144
1.173000	-0.820514
1.174000	-0.825618
1.175000	-0.830459
1.176000	-0.835037
1.177000	-0.839356
1.178000	-0.843418
1.179000	-0.847224
1.180000	-0.850778
1.181000	-0.854082
1.182000	-0.857137
1.183000	-0.859948
1.184000	-0.862516
1.185000	-0.864844
1.186000	-0.866936
1.187000	-0.868792
1.188000	-0.870418
1.189000	-0.871815
1.190000	-0.872986
1.191000	-0.873934
1.192000	-0.874663
1.193000	-0.875175
1.194000	-0.875474
1.195000	-0.875562
1.196000	-0.875443
1.197000	-0.875121
1.198000	-0.874597
1.199000	-0.873876
1.200000	-0.872962
1.201000	-0.871856
1.202000	-0.870563
1.203000	-0.869085
1.204000	-0.867427
1.205000	-0.865592
1.206000	-0.863582
1.207000	-0.861403
1.208000	-0.859056
1.209000	-0.856545
1.210000	-0.853875
1.211000	-0.851048
1.212000	-0.848067
1.213000	-0.844937
1.214000	-0.841661
1.215000	-0.838242
1.216000	-0.834683
1.217000	-0.830989
1.218000	-0.827162
1.219000	-0.823206
1.220000	-0.819125
1.221000	-0.814922
1.222000	-0.810600
1.223000	-0.806163
1.224000	-0.801614
1.225000	-0.796956
1.226000	-0.792194
1.227000	-0.787330
1.228000	-0.782367
1.229000	-0.777309
1.230000	-0.772159
1.231000	-0.766921
1.232000	-0.761598
1.233000	-0.756192
1.234000	-0.750707
1.235000	-0.745147
1.236000	-0.739514
1.237000	-0.733811
1.238000	-0.728042
1.239000	-0.722210
1.240000	-0.716317
1.241000	-0.710366
1.242000	-0.704362
1.243000	-0.698305
1.244000	-0.692200
1.245000	-0.686049
1.246000	-0.679854
1.247000	-0.673620
1.248000	-0.667348
1.249000	-0.661041
1.250000	-0.654701
1.251000	-0.648332
1.252000	-0.641936
1.253000	-0.635516
1.254000	-0.629073
1.255000	-0.622611
1.256000	-0.616131
1.257000	-0.609637
1.258000	-0.603130
1.259000	-0.596613
1.260000	-0.590089
1.261000	-0.583558
1.262000	-0.577024
1.263000	-0.570488
1.264000	-0.563953
1.265000	-0.557420
1.266000	-0.550892
1.267000	-0.544371
1.268000	-0.537858
1.269000	-0.531355
1.270000	-0.524865
1.271000	-0.518388
1.272000	-0.511927
1.273000	-0.505483
1.274000	-0.499058
1.275000	-0.492654
1.276000	-0.486272
1.277000	-0.479914
1.278000	-0.473580
1.279000	-0.467274
1.280000	-0.460995
1.281000	-0.454745
1.282000	-0.448526
1.283000	-0.442339
1.284000	-0.436185
1.285000	-0.430066
1.286000	-0.423982
1.287000	-0.417934
1.288000	-0.411924
1.289000	-0.405953
1.290000	-0.400021
1.291000	-0.394130
1.292000	-0.388280
1.293000	-0.382473
1.294000	-0.376709
1.295000	-0.370989
1.296000	-0.365314
1.297000	-0.359684
1.298000	-0.354101
1.299000	-0.348565
1.300000	-0.343076
1.301000	-0.337636
1.302000	-0.332244
1.303000	-0.326901
1.304000	-0.321609
1.305000	-0.316366
1.306000	-0.311174
1.307000	-0.306034
1.308000	-0.300945
1.309000	-0.295907
1.310000	-0.290922
1.311000	-0.285990
1.312000	-0.281110
1.313000	-0.276283
1.314000	-0.271509
1.315000	-0.266788
1.316000	-0.262122
1.317000	-0.257508
1.318000	-0.252949
1.319000	-0.248443
1.320000	-0.243992
1.321000	-0.239594
1.322000	-0.235251
1.323000	-0.230961
1.324000	-0.226726
1.325000	-0.222544
1.326000	-0.218416
1.327000	-0.214343
1.328000	-0.210322
1.329000	-0.206356
1.330000	-0.202443
1.331000	-0.198583
1.332000	-0.194776
1.333000	-0.191023
1.334000	-0.187322
1.335000	-0.183673
1.336000	-0.180077
1.337000	-0.176533
1.338000	-0.173041
1.339000	-0.169600
1.340000	-0.166211
1.341000	-0.162872
1.342000	-0.159584
1.343000	-0.156347
1.344000	-0.153159
1.345000	-0.150021
1.346000	-0.146932
1.347000	-0.143892
1.348000	-0.140901
1.349000	-0.137958
1.350000	-0.135062
1.351000	-0.132214
1.352000	-0.129413
1.353000	-0.126659
1.354000	-0.123950
1.355000	-0.121288
1.356000	-0.118670
1.357000	-0.116098
1.358000	-0.113569
1.359000	-0.111085
1.360000	-0.108644
1.361000	-0.106247
1.362000	-0.103891
1.363000	-0.101578
1.364000	-0.099307
1.365000	-0.097077
1.366000	-0.094887
1.367000	-0.092738
1.368000	-0.090628
1.369000	-0.088558
1.370000	-0.086526
1.371000	-0.084533
1.372000	-0.082577
1.373000	-0.080659
1.374000	-0.078778
1.375000	-0.076933
1.376000	-0.075123
1.377000	-0.073350
1.378000	-0.071611
1.379000	-0.069907
1.380000	-0.068236
1.381000	-0.066599
1.382000	-0.064995
1.383000	-0.063423
1.384000	-0.061884
1.385000	-0.060376
1.386000	-0.058899
1.387000	-0.057453
1.388000	-0.056036
1.389000	-0.054650
1.390000	-0.053293
1.391000	-0.051964
1.392000	-0.050664
1.393000	-0.049391
1.394000	-0.048146
1.395000	-0.046927
1.396000	-0.045736
1.397000	-0.044570
1.398000	-0.043430
1.399000	-0.042315
1.400000	-0.041224
1.401000	-0.040158
1.402000	-0.039116
1.403000	-0.038097
1.404000	-0.037101
1.405000	-0.036128
1.406000	-0.035177
1.407000	-0.034248
1.408000	-0.033341
1.409000	-0.032454
1.410000	-0.031588
1.411000	-0.030742
1.412000	-0.029916
1.413000	-0.029109
1.414000	-0.028322
1.415000	-0.027553
1.416000	-0.026803
1.417000	-0.026070
1.418000	-0.025356
1.419000	-0.024658
1.420000	-0.023978
1.421000	-0.023314
1.422000	-0.022666
1.423000	-0.022034
1.424000	-0.021418
1.425000	-0.020818
1.426000	-0.020232
1.427000	-0.019661
1.428000	-0.019104
1.429000	-0.018561
1.430000	-0.018032
1.431000	-0.017517
1.432000	-0.017014
1.433000	-0.016525
1.434000	-0.016048
1.435000	-0.015584
1.436000	-0.015131
1.437000	-0.014690
1.438000	-0.014261
1.439000	-0.013843
1.440000	-0.013437
1.441000	-0.013040
1.442000	-0.012655
1.443000	-0.012280
1.444000	-0.011914
1.445000	-0.011559
1.446000	-0.011213
1.447000	-0.010876
1.448000	-0.010549
1.449000	-0.010231
1.450000	-0.009921
1.451000	-0.009620
1.452000	-0.009327
1.453000	-0.009042
1.454000	-0.008765
1.455000	-0.008496
1.456000	-0.008234
1.457000	-0.007980
1.458000	-0.007732
1.459000	-0.007492
1.460000	-0.007259
1.461000	-0.007032
1.462000	-0.006812
1.463000	-0.006598
1.464000	-0.006390
1.465000	-0.006188
1.466000	-0.005992
1.467000	-0.005802
1.468000	-0.005617
1.469000	-0.005437
1.470000	-0.005263
1.471000	-0.005094
1.472000	-0.004930
1.473000	-0.004771
1.474000	-0.004617
1.475000	-0.004467
1.476000	-0.004321
1.477000	-0.004180
1.478000	-0.004044
1.479000	-0.003911
1.480000	-0.003782
1.481000	-0.003658
1.482000	-0.003537
1.483000	-0.003419
1.484000	-0.003306
1.485000	-0.003196
1.486000	-0.003089
1.487000	-0.002985
1.488000	-0.002885
1.489000	-0.002788
1.490000	-0.002694
1.491000	-0.002603
1.492000	-0.002514
1.493000	-0.002429
1.494000	-0.002346
1.495000	-0.002266
1.496000	-0.002188
1.497000	-0.002113
1.498000	-0.002040
1.499000	-0.001970
1.500000	-0.001902
1.501000	-0.001836
1.502000	-0.001772
1.503000	-0.001710
1.504000	-0.001650
1.505000	-0.001593
1.506000	-0.001537
1.507000	-0.001482
1.508000	-0.001430
1.509000	-0.001380
1.510000	-0.001331
1.511000	-0.001283
1.512000	-0.001238
1.513000	-0.001193
1.514000	-0.001151
1.515000	-0.001109
1.516000	-0.001070
1.517000	-0.001031
1.518000	-0.000994
1.519000	-0.000958
1.520000	-0.000923
1.521000	-0.000889
1.522000	-0.000857
1.523000	-0.000826
1.524000	-0.000795
1.525000	-0.000766
1.526000	-0.000738
1.527000	-0.000711
1.528000	-0.000684
1.529000	-0.000659
1.530000	-0.000635
1.531000	-0.000611
1.532000	-0.000588
1.533000	-0.000566
1.534000	-0.000545
1.535000	-0.000524
1.536000	-0.000505
1.537000	-0.000486
1.538000	-0.000467
1.539000	-0.000450
1.540000	-0.000433
1.541000	-0.000416
1.542000	-0.000400
1.543000	-0.000385
1.544000	-0.000370
1.545000	-0.000356
1.546000	-0.000342
1.547000	-0.000329
1.548000	-0.000316
1.549000	-0.000304
1.550000	-0.000292
1.551000	-0.000281
1.552000	-0.000270
1.553000	-0.000259
1.554000	-0.000249
1.555000	-0.000239
1.556000	-0.000230
1.557000	-0.000221
1.558000	-0.000212
1.559000	-0.000204
1.560000	-0.000196
1.561000	-0.000188
1.562000	-0.000181
1.563000	-0.000173
1.564000	-0.000166
1.565000	-0.000160
1.566000	-0.000153
1.567000	-0.000147
1.568000	-0.000141
1.569000	-0.000136
1.570000	-0.000130
1.571000	-0.000125
1.572000	-0.000120
1.573000	-0.000115
1.574000	-0.000110
1.575000	-0.000106
1.576000	-0.000101
1.577000	-0.000097
1.578000	-0.000093
1.579000	-0.000089
1.580000	-0.000086
1.581000	-0.000082
1.582000	-0.000079
1.583000	-0.000075
1.584000	-0.000072
1.585000	-0.000069
1.586000	-0.000066
1.587000	-0.000064
1.588000	-0.000061
1.589000	-0.000058
1.590000	-0.000056
1.591000	-0.000054
1.592000	-0.000051
1.593000	-0.000049
1.594000	-0.000047
1.595000	-0.000045
1.596000	-0.000043
1.597000	-0.000041
1.598000	-0.000040
1.599000	-0.000038
1.600000	-0.000036
1.601000	-0.000035
1.602000	-0.000033
1.603000	-0.000032
1.604000	-0.000030
1.605000	-0.000029
1.606000	-0.000028
1.607000	-0.000027
1.608000	-0.000025
1.609000	-0.000024
1.610000	-0.000023
1.611000	-0.000022
1.612000	-0.000021
1.613000	-0.000020
1.614000	-0.000019
1.615000	-0.000019
1.616000	-0.000018
1.617000	-0.000017
1.618000	-0.000016
1.619000	-0.000015
1.620000	-0.000015
1.621000	-0.000014
1.622000	-0.000013
1.623000	-0.000013
1.624000	-0.000012
1.625000	-0.000012
1.626000	-0.000011
1.627000	-0.000011
1.628000	-0.000010
1.629000	-0.000010
1.630000	-0.000009
1.631000	-0.000009
1.632000	-0.000008
1.633000	-0.000008
1.634000	-0.000008
1.635000	-0.000007
1.636000	-0.000007
1.637000	-0.000007
1.638000	-0.000006
1.639000	-0.000006
1.640000	-0.000006
1.641000	-0.000006
1.642000	-0.000005
1.643000	-0.000005
1.644000	-0.000005
1.645000	-0.000005
1.646000	-0.000004
1.647000	-0.000004
1.648000	-0.000004
1.649000	-0.000004
1.650000	-0.000004
1.651000	-0.000003
1.652000	-0.000003
1.653000	-0.000003
1.654000	-0.000003
1.655000	-0.000003
1.656000	-0.000003
1.657000	-0.000003
1.658000	-0.000002
1.659000	-0.000002
1.660000	-0.000002
1.661000	-0.000002
1.662000	-0.000002
1.663000	-0.000002
1.664000	-0.000002
1.665000	-0.000002
1.666000	-0.000002
1.667000	-0.000002
1.668000	-0.000002
1.669000	-0.000001
1.670000	-0.000001
1.671000	-0.000001
1.672000	-0.000001
1.673000	-0.000001
1.674000	-0.000001
1.675000	-0.000001
1.676000	-0.000001
1.677000	-0.000001
1.678000	-0.000001
1.679000	-0.000001
1.680000	-0.000001
1.681000	-0.000001
1.682000	-0.000001
1.683000	-0.000001
1.684000	-0.000001
1.685000	-0.000001
1.686000	-0.000001
1.687000	-0.000001
1.688000	-0.000001
1.689000	-0.000001
1.690000	-0.000000
1.691000	-0.000000
1.692000	-0.000000
1.693000	-0.000000
1.694000	-0.000000
1.695000	-0.000000
1.696000	-0.000000
1.697000	-0.000000
1.698000	-0.000000
1.699000	-0.000000
1.700000	-0.000000
1.701000	-0.000000
1.702000	-0.000000
1.703000	-0.000000
1.704000	-0.000000
1.705000	-0.000000
1.706000	-0.000000
1.707000	-0.000000
1.708000	-0.000000
1.709000	-0.000000
1.710000	-0.000000
1.711000	-0.000000
1.712000	-0.000000
1.713000	-0.000000
1.714000	-0.000000
1.715000	-0.000000
1.716000	-0.000000
1.717000	-0.000000
1.718000	-0.000000
1.719000	-0.000000
1.720000	-0.000000
1.721000	-0.000000
1.722000	-0.000000
1.723000	-0.000000
1.724000	-0.000000
1.725000	-0.000000
1.726000	-0.000000
1.727000	-0.000000
1.728000	-0.000000
1.729000	-0.000000
1.730000	-0.000000
1.731000	-0.000000
1.732000	-0.000000
1.733000	-0.000000
1.734000	-0.000000
1.735000	-0.000000
1.736000	-0.000000
1.737000	-0.000000
1.738000	-0.000000
1.739000	-0.000000
1.740000	-0.000000
1.741000	-0.000000
1.742000	-0.000000
1.743000	-0.000000
1.744000	-0.000000
1.745000	-0.000000
1.746000	-0.000000
1.747000	-0.000000
1.748000	-0.000000
1.749000	-0.000000
1.750000	-0.000000
1.751000	-0.000000
1.752000	-0.000000
1.753000	-0.000000
1.754000	-0.000000
1.755000	-0.000000
1.756000	-0.000000
1.757000	-0.000000
1.758000	-0.000000
1.759000	-0.000000
1.760000	-0.000000
1.761000	-0.000000
1.762000	-0.000000
1.763000	-0.000000
1.764000	-0.000000
1.765000	-0.000000
1.766000	-0.000000
1.767000	-0.000000
1.768000	-0.000000
1.769000	-0.000000
1.770000	-0.000000
1.771000	-0.000000
1.772000	-0.000000
1.773000	-0.000000
1.774000	-0.000000
1.775000	-0.000000
1.776000	-0.000000
1.777000	-0.000000
1.778000	-0.000000
1.779000	-0.000000
1.780000	-0.000000
1.781000	-0.000000
1.782000	-0.000000
1.783000	-0.000000
1.784000	-0.000000
1.785000	-0.000000
1.786000	-0.000000
1.787000	-0.000000
1.788000	-0.000000
1.789000	-0.000000
1.790000	-0.000000
1.791000	-0.000000
1.792000	-0.000000
1.793000	-0.000000
1.794000	-0.000000
1.795000	-0.000000
1.796000	-0.000000
1.797000	-0.000000
1.798000	-0.000000
1.799000	-0.000000
1.800000	-0.000000
1.801000	-0.000000
1.802000	-0.000000
1.803000	-0.000000
1.804000	-0.000000
1.805000	-0.000000
1.806000	-0.000000
1.807000	-0.000000
1.808000	-0.000000
1.809000	-0.000000
1.810000	-0.000000
1.811000	-0.000000
1.812000	-0.000000
1.813000	-0.000000
1.814000	-0.000000
1.815000	-0.000000
1.816000	-0.000000
1.817000	-0.000000
1.818000	-0.000000
1.819000	-0.000000
1.820000	-0.000000
1.821000	-0.000000
1.822000	-0.000000
1.823000	-0.000000
1.824000	-0.000000
1.825000	-0.000000
1.826000	-0.000000
1.827000	-0.000000
1.828000	-0.000000
1.829000	-0.000000
1.830000	-0.000000
1.831000	-0.000000
1.832000	-0.000000
1.833000	-0.000000
1.834000	-0.000000
1.835000	-0.000000
1.836000	-0.000000
1.837000	-0.000000
1.838000	-0.000000
1.839000	-0.000000
1.840000	-0.000000
1.841000	-0.000000
1.842000	-0.000000
1.843000	-0.000000
1.844000	-0.000000
1.845000	-0.000000
1.846000	-0.000000
1.847000	-0.000000
1.848000	-0.000000
1.849000	-0.000000
1.850000	-0.000000
1.851000	-0.000000
1.852000	-0.000000
1.853000	-0.000000
1.854000	-0.000000
1.855000	-0.000000
1.856000	-0.000000
1.857000	-0.000000
1.858000	-0.000000
1.859000	-0.000000
1.860000	-0.000000
1.861000	-0.000000
1.862000	-0.000000
1.863000	-0.000000
1.864000	-0.000000
1.865000	-0.000000
1.866000	-0.000000
1.867000	-0.000000
1.868000	-0.000000
1.869000	-0.000000
1.870000	-0.000000
1.871000	-0.000000
1.872000	-0.000000
1.873000	-0.000000
1.874000	-0.000000
1.875000	-0.000000
1.876000	-0.000000
1.877000	-0.000000
1.878000	-0.000000
1.879000	-0.000000
1.880000	-0.000000
1.881000	-0.000000
1.882000	-0.000000
1.883000	-0.000000
1.884000	-0.000000
1.885000	-0.000000
1.886000	-0.000000
1.887000	-0.000000
1.888000	-0.000000
1.889000	-0.000000
1.890000	-0.000000
1.891000	-0.000000
1.892000	-0.000000
1.893000	-0.000000
1.894000	-0.000000
1.895000	-0.000000
1.896000	-0.000000
1.897000	-0.000000
1.898000	-0.000000
1.899000	-0.000000
1.900000	-0.000000
1.901000	-0.000000
1.902000	-0.000000
1.903000	-0.000000
1.904000	-0.000000
1.905000	-0.000000
1.906000	-0.000000
1.907000	-0.000000
1.908000	-0.000000
1.909000	-0.000000
1.910000	-0.000000
1.911000	-0.000000
1.912000	-0.000000
1.913000	-0.000000
1.914000	-0.000000
1.915000	-0.000000
1.916000	-0.000000
1.917000	-0.000000
1.918000	-0.000000
1.919000	-0.000000
1.920000	-0.000000
1.921000	-0.000000
1.922000	-0.000000
1.923000	-0.000000
1.924000	-0.000000
1.925000	-0.000000
1.926000	-0.000000
1.927000	-0.000000
1.928000	-0.000000
1.929000	-0.000000
1.930000	-0.000000
1.931000	-0.000000
1.932000	-0.000000
1.933000	-0.000000
1.934000	-0.000000
1.935000	-0.000000
1.936000	-0.000000
1.937000	-0.000000
1.938000	-0.000000
1.939000	-0.000000
1.940000	-0.000000
1.941000	-0.000000
1.942000	-0.000000
1.943000	-0.000000
1.944000	-0.000000
1.945000	-0.000000
1.946000	-0.000000
1.947000	-0.000000
1.948000	-0.000000
1.949000	-0.000000
1.950000	-0.000000
1.951000	-0.000000
1.952000	-0.000000
1.953000	-0.000000
1.954000	-0.000000
1.955000	-0.000000
1.956000	-0.000000
1.957000	-0.000000
1.958000	-0.000000
1.959000	-0.000000
1.960000	-0.000000
1.961000	-0.000000
1.962000	-0.000000
1.963000	-0.000000
1.964000	-0.000000
1.965000	-0.000000
1.966000	-0.000000
1.967000	-0.000000
1.968000	-0.000000
1.969000	-0.000000
1.970000	-0.000000
1.971000	-0.000000
1.972000	-0.000000
1.973000	-0.000000
1.974000	-0.000000
1.975000	-0.000000
1.976000	-0.000000
1.977000	-0.000000
1.978000	-0.000000
1.979000	-0.000000
1.980000	-0.000000
1.981000	-0.000000
1.982000	-0.000000
1.983000	-0.000000
1.984000	-0.000000
1.985000	-0.000000
1.986000	-0.000000
1.987000	-0.000000
1.988000	-0.000000
1.989000	-0.000000
1.990000	-0.000000
1.991000	-0.000000
1.992000	-0.000000
1.993000	-0.000000
1.994000	-0.000000
1.995000	-0.000000
1.996000	-0.000000
1.997000	-0.000000
1.998000	-0.000000
1.999000	-0.000000
2.000000	-0.000000
