0.000000	-0.000000
0.001000	-0.000000
0.002000	-0.000000
0.003000	-0.000000
0.004000	-0.000000
0.005000	-0.000000
0.006000	-0.000000
0.007000	-0.000000
0.008000	-0.000000
0.009000	-0.000000
0.010000	-0.000000
0.011000	-0.000000
0.012000	-0.000000
0.013000	-0.000000
0.014000	-0.000000
0.015000	-0.000000
0.016000	-0.000000
0.017000	-0.000000
0.018000	-0.000000
0.019000	-0.000000
0.020000	-0.000000
0.021000	-0.000000
0.022000	-0.000000
0.023000	-0.000000
0.024000	-0.000000
0.025000	-0.000000
0.026000	-0.000000
0.027000	-0.000000
0.028000	-0.000000
0.029000	-0.000000
0.030000	-0.000000
0.031000	-0.000000
0.032000	-0.000000
0.033000	-0.000000
0.034000	-0.000000
0.035000	-0.000000
0.036000	-0.000000
0.037000	-0.000000
0.038000	-0.000000
0.039000	-0.000000
0.040000	-0.000000
0.041000	-0.000000
0.042000	-0.000000
0.043000	-0.000000
0.044000	-0.000000
0.045000	-0.000000
0.046000	-0.000000
0.047000	-0.000000
0.048000	-0.000000
0.049000	-0.000000
0.050000	-0.000000
0.051000	-0.000000
0.052000	-0.000000
0.053000	-0.000000
0.054000	-0.000000
0.055000	-0.000000
0.056000	-0.000000
0.057000	-0.000000
0.058000	-0.000000
0.059000	-0.000000
0.060000	-0.000000
0.061000	-0.000000
0.062000	-0.000000
0.063000	-0.000000
0.064000	-0.000000
0.065000	-0.000000
0.066000	-0.000000
0.067000	-0.000000
0.068000	-0.000000
0.069000	-0.000000
0.070000	-0.000000
0.071000	-0.000000
0.072000	-0.000000
0.073000	-0.000000
0.074000	-0.000000
0.075000	-0.000000
0.076000	-0.000000
0.077000	-0.000000
0.078000	-0.000000
0.079000	-0.000000
0.080000	-0.000000
0.081000	-0.000000
0.082000	-0.000000
0.083000	-0.000000
0.084000	-0.000000
0.085000	-0.000000
0.086000	-0.000000
0.087000	-0.000000
0.088000	-0.000000
0.089000	-0.000000
0.090000	-0.000000
0.091000	-0.000000
0.092000	-0.000000
0.093000	-0.000000
0.094000	-0.000000
0.095000	-0.000000
0.096000	-0.000000
0.097000	-0.000000
0.098000	-0.000000
0.099000	-0.000000
0.100000	-0.000000
0.101000	-0.000000
0.102000	-0.000000
0.103000	-0.000000
0.104000	-0.000000
0.105000	-0.000000
0.106000	-0.000000
0.107000	-0.000000
0.108000	-0.000000
0.109000	-0.000000
0.110000	-0.000000
0.111000	-0.000000
0.112000	-0.000000
0.113000	-0.000000
0.114000	-0.000000
0.115000	-0.000000
0.116000	-0.000000
0.117000	-0.000000
0.118000	-0.000000
0.119000	-0.000000
0.120000	-0.000000
0.121000	-0.000000
0.122000	-0.000000
0.123000	-0.000000
0.124000	-0.000000
0.125000	-0.000000
0.126000	-0.000000
0.127000	-0.000000
0.128000	-0.000000
0.129000	-0.000000
0.130000	-0.000000
0.131000	-0.000000
0.132000	-0.000000
0.133000	-0.000000
0.134000	-0.000000
0.135000	-0.000000
0.136000	-0.000000
0.137000	-0.000000
0.138000	-0.000000
0.139000	-0.000000
0.140000	-0.000000
0.141000	-0.000000
0.142000	-0.000000
0.143000	-0.000000
0.144000	-0.000000
0.145000	-0.000000
0.146000	-0.000000
0.147000	-0.000000
0.148000	-0.000000
0.149000	-0.000000
0.150000	-0.000000
0.151000	-0.000000
0.152000	-0.000000
0.153000	-0.000000
0.154000	-0.000000
0.155000	-0.000000
0.156000	-0.000000
0.157000	-0.000000
0.158000	-0.000000
0.159000	-0.000000
0.160000	-0.000000
0.161000	-0.000000
0.162000	-0.000000
0.163000	-0.000000
0.164000	-0.000000
0.165000	-0.000000
0.166000	-0.000000
0.167000	-0.000000
0.168000	-0.000000
0.169000	-0.000000
0.170000	-0.000000
0.171000	-0.000000
0.172000	-0.000000
0.173000	-0.000000
0.174000	-0.000000
0.175000	-0.000000
0.176000	-0.000000
0.177000	-0.000000
0.178000	-0.000000
0.179000	-0.000000
0.180000	-0.000000
0.181000	-0.000000
0.182000	-0.000000
0.183000	-0.000000
0.184000	-0.000000
0.185000	-0.000000
0.186000	-0.000000
0.187000	-0.000000
0.188000	-0.000000
0.189000	-0.000000
0.190000	-0.000000
0.191000	-0.000000
0.192000	-0.000000
0.193000	-0.000000
0.194000	-0.000000
0.195000	-0.000000
0.196000	-0.000000
0.197000	-0.000000
0.198000	-0.000000
0.199000	-0.000000
0.200000	-0.000000
0.201000	-0.000000
0.202000	-0.000000
0.203000	-0.000000
0.204000	-0.000000
0.205000	-0.000000
0.206000	-0.000000
0.207000	-0.000000
0.208000	-0.000000
0.209000	-0.000000
0.210000	-0.000000
0.211000	-0.000000
0.212000	-0.000000
0.213000	-0.000000
0.214000	-0.000000
0.215000	-0.000000
0.216000	-0.000000
0.217000	-0.000000
0.218000	-0.000000
0.219000	-0.000000
0.220000	-0.000000
0.221000	-0.000000
0.222000	-0.000000
0.223000	-0.000000
0.224000	-0.000000
0.225000	-0.000000
0.226000	-0.000000
0.227000	-0.000000
0.228000	-0.000000
0.229000	-0.000000
0.230000	-0.000000
0.231000	-0.000000
0.232000	-0.000000
0.233000	-0.000000
0.234000	-0.000000
0.235000	-0.000000
0.236000	-0.000000
0.237000	-0.000000
0.238000	-0.000000
0.239000	-0.000000
0.240000	-0.000000
0.241000	-0.000000
0.242000	-0.000000
0.243000	-0.000000
0.244000	-0.000000
0.245000	-0.000000
0.246000	-0.000000
0.247000	-0.000000
0.248000	-0.000000
0.249000	-0.000000
0.250000	-0.000000
0.251000	-0.000000
0.252000	-0.000000
0.253000	-0.000000
0.254000	-0.000000
0.255000	-0.000000
0.256000	-0.000000
0.257000	-0.000000
0.258000	-0.000000
0.259000	-0.000000
0.260000	-0.000000
0.261000	-0.000000
0.262000	-0.000000
0.263000	-0.000000
0.264000	-0.000000
0.265000	-0.000000
0.266000	-0.000000
0.267000	-0.000000
0.268000	-0.000000
0.269000	-0.000000
0.270000	-0.000000
0.271000	-0.000000
0.272000	-0.000000
0.273000	-0.000000
0.274000	-0.000000
0.275000	-0.000000
0.276000	-0.000000
0.277000	-0.000000
0.278000	-0.000000
0.279000	-0.000000
0.280000	-0.000000
0.281000	-0.000000
0.282000	-0.000000
0.283000	-0.000000
0.284000	-0.000000
0.285000	-0.000000
0.286000	-0.000000
0.287000	-0.000000
0.288000	-0.000000
0.289000	-0.000000
0.290000	-0.000000
0.291000	-0.000000
0.292000	-0.000000
0.293000	-0.000000
0.294000	-0.000000
0.295000	-0.000000
0.296000	-0.000000
0.297000	-0.000001
0.298000	-0.000001
0.299000	-0.000001
0.300000	-0.000001
0.301000	-0.000001
0.302000	-0.000001
0.303000	-0.000001
0.304000	-0.000001
0.305000	-0.000001
0.306000	-0.000001
0.307000	-0.000001
0.308000	-0.000001
0.309000	-0.000001
0.310000	-0.000001
0.311000	-0.000001
0.312000	-0.000001
0.313000	-0.000001
0.314000	-0.000001
0.315000	-0.000001
0.316000	-0.000001
0.317000	-0.000001
0.318000	-0.000001
0.319000	-0.000002
0.320000	-0.000002
0.321000	-0.000002
0.322000	-0.000002
0.323000	-0.000002
0.324000	-0.000002
0.325000	-0.000002
0.326000	-0.000002
0.327000	-0.000002
0.328000	-0.000002
0.329000	-0.000003
0.330000	-0.000003
0.331000	-0.000003
0.332000	-0.000003
0.333000	-0.000003
0.334000	-0.000003
0.335000	-0.000003
0.336000	-0.000004
0.337000	-0.000004
0.338000	-0.000004
0.339000	-0.000004
0.340000	-0.000004
0.341000	-0.000005
0.342000	-0.000005
0.343000	-0.000005
0.344000	-0.000005
0.345000	-0.000006
0.346000	-0.000006
0.347000	-0.000006
0.348000	-0.000007
0.349000	-0.000007
0.350000	-0.000007
0.351000	-0.000008
0.352000	-0.000008
0.353000	-0.000008
0.354000	-0.000009
0.355000	-0.000009
0.356000	-0.000010
0.357000	-0.000010
0.358000	-0.000011
0.359000	-0.000011
0.360000	-0.000012
0.361000	-0.000012
0.362000	-0.000013
0.363000	-0.000013
0.364000	-0.000014
0.365000	-0.000015
0.366000	-0.000015
0.367000	-0.000016
0.368000	-0.000017
0.369000	-0.000018
0.370000	-0.000019
0.371000	-0.000020
0.372000	-0.000020
0.373000	-0.000021
0.374000	-0.000022
0.375000	-0.000024
0.376000	-0.000025
0.377000	-0.000026
0.378000	-0.000027
0.379000	-0.000028
0.380000	-0.000030
0.381000	-0.000031
0.382000	-0.000032
0.383000	-0.000034
0.384000	-0.000035
0.385000	-0.000037
0.386000	-0.000039
0.387000	-0.000041
0.388000	-0.000042
0.389000	-0.000044
0.390000	-0.000046
0.391000	-0.000049
0.392000	-0.000051
0.393000	-0.000053
0.394000	-0.000056
0.395000	-0.000058
0.396000	-0.000061
0.397000	-0.000063
0.398000	-0.000066
0.399000	-0.000069
0.400000	-0.000072
0.401000	-0.000076
0.402000	-0.000079
0.403000	-0.000083
0.404000	-0.000086
0.405000	-0.000090
0.406000	-0.000094
0.407000	-0.000098
0.408000	-0.000103
0.409000	-0.000107
0.410000	-0.000112
0.411000	-0.000117
0.412000	-0.000122
0.413000	-0.000127
0.414000	-0.000133
0.415000	-0.000139
0.416000	-0.000145
0.417000	-0.000151
0.418000	-0.000157
0.419000	-0.000164
0.420000	-0.000171
0.421000	-0.000179
0.422000	-0.000186
0.423000	-0.000194
0.424000	-0.000203
0.425000	-0.000211
0.426000	-0.000220
0.427000	-0.000230
0.428000	-0.000239
0.429000	-0.000250
0.430000	-0.000260
0.431000	-0.000271
0.432000	-0.000282
0.433000	-0.000294
0.434000	-0.000307
0.435000	-0.000319
0.436000	-0.000333
0.437000	-0.000347
0.438000	-0.000361
0.439000	-0.000376
0.440000	-0.000392
0.441000	-0.000408
0.442000	-0.000425
0.443000	-0.000442
0.444000	-0.000460
0.445000	-0.000479
0.446000	-0.000499
0.447000	-0.000519
0.448000	-0.000540
0.449000	-0.000562
0.450000	-0.000585
0.451000	-0.000608
0.452000	-0.000633
0.453000	-0.000658
0.454000	-0.000685
0.455000	-0.000712
0.456000	-0.000740
0.457000	-0.000770
0.458000	-0.000800
0.459000	-0.000832
0.460000	-0.000865
0.461000	-0.000899
0.462000	-0.000935
0.463000	-0.000971
0.464000	-0.001009
0.465000	-0.001049
0.466000	-0.001090
0.467000	-0.001132
0.468000	-0.001176
0.469000	-0.001222
0.470000	-0.001269
0.471000	-0.001318
0.472000	-0.001369
0.473000	-0.001421
0.474000	-0.001476
0.475000	-0.001532
0.476000	-0.001591
0.477000	-0.001651
0.478000	-0.001714
0.479000	-0.001779
0.480000	-0.001846
0.481000	-0.001915
0.482000	-0.001987
0.483000	-0.002062
0.484000	-0.002139
0.485000	-0.002219
0.486000	-0.002301
0.487000	-0.002387
0.488000	-0.002475
0.489000	-0.002567
0.490000	-0.002661
0.491000	-0.002759
0.492000	-0.002860
0.493000	-0.002965
0.494000	-0.003073
0.495000	-0.003185
0.496000	-0.003301
0.497000	-0.003420
0.498000	-0.003544
0.499000	-0.003671
0.500000	-0.003803
0.501000	-0.003940
0.502000	-0.004081
0.503000	-0.004226
0.504000	-0.004376
0.505000	-0.004532
0.506000	-0.004692
0.507000	-0.004858
0.508000	-0.005029
0.509000	-0.005205
0.510000	-0.005388
0.511000	-0.005576
0.512000	-0.005770
0.513000	-0.005971
0.514000	-0.006178
0.515000	-0.006391
0.516000	-0.006611
0.517000	-0.006839
0.518000	-0.007073
0.519000	-0.007315
0.520000	-0.007564
0.521000	-0.007822
0.522000	-0.008087
0.523000	-0.008361
0.524000	-0.008643
0.525000	-0.008933
0.526000	-0.009233
0.527000	-0.009542
0.528000	-0.009860
0.529000	-0.010188
0.530000	-0.010527
0.531000	-0.010875
0.532000	-0.011234
0.533000	-0.011603
0.534000	-0.011984
0.535000	-0.012376
0.536000	-0.012780
0.537000	-0.013195
0.538000	-0.013623
0.539000	-0.014064
0.540000	-0.014518
0.541000	-0.014984
0.542000	-0.015465
0.543000	-0.015959
0.544000	-0.016468
0.545000	-0.016991
0.546000	-0.017530
0.547000	-0.018084
0.548000	-0.018653
0.549000	-0.019239
0.550000	-0.019842
0.551000	-0.020461
0.552000	-0.021098
0.553000	-0.021753
0.554000	-0.022426
0.555000	-0.023118
0.556000	-0.023829
0.557000	-0.024559
0.558000	-0.025310
0.559000	-0.026081
0.560000	-0.026873
0.561000	-0.027687
0.562000	-0.028523
0.563000	-0.029381
0.564000	-0.030262
0.565000	-0.031167
0.566000	-0.032096
0.567000	-0.033050
0.568000	-0.034029
0.569000	-0.035034
0.570000	-0.036065
0.571000	-0.037123
0.572000	-0.038208
0.573000	-0.039322
0.574000	-0.040464
0.575000	-0.041635
0.576000	-0.042837
0.577000	-0.044069
0.578000	-0.045332
0.579000	-0.046627
0.580000	-0.047955
0.581000	-0.049316
0.582000	-0.050711
0.583000	-0.052141
0.584000	-0.053605
0.585000	-0.055106
0.586000	-0.056644
0.587000	-0.058219
0.588000	-0.059832
0.589000	-0.061484
0.590000	-0.063176
0.591000	-0.064908
0.592000	-0.066681
0.593000	-0.068497
0.594000	-0.070355
0.595000	-0.072257
0.596000	-0.074203
0.597000	-0.076194
0.598000	-0.078232
0.599000	-0.080316
0.600000	-0.082449
0.601000	-0.084629
0.602000	-0.086859
0.603000	-0.089140
0.604000	-0.091471
0.605000	-0.093855
0.606000	-0.096292
0.607000	-0.098782
0.608000	-0.101327
0.609000	-0.103928
0.610000	-0.106585
0.611000	-0.109300
0.612000	-0.112073
0.613000	-0.114905
0.614000	-0.117798
0.615000	-0.120752
0.616000	-0.123768
0.617000	-0.126847
0.618000	-0.129990
0.619000	-0.133198
0.620000	-0.136472
0.621000	-0.139813
0.622000	-0.143222
0.623000	-0.146700
0.624000	-0.150247
0.625000	-0.153865
0.626000	-0.157555
0.627000	-0.161318
0.628000	-0.165154
0.629000	-0.169065
0.630000	-0.173052
0.631000	-0.177115
0.632000	-0.181256
0.633000	-0.185475
0.634000	-0.189774
0.635000	-0.194153
0.636000	-0.198614
0.637000	-0.203157
0.638000	-0.207783
0.639000	-0.212493
0.640000	-0.217289
0.641000	-0.222170
0.642000	-0.227139
0.643000	-0.232195
0.644000	-0.237341
0.645000	-0.242575
0.646000	-0.247901
0.647000	-0.253318
0.648000	-0.258827
0.649000	-0.264429
0.650000	-0.270125
0.651000	-0.275916
0.652000	-0.281802
0.653000	-0.287785
0.654000	-0.293864
0.655000	-0.300042
0.656000	-0.306318
0.657000	-0.312693
0.658000	-0.319169
0.659000	-0.325744
0.660000	-0.332422
0.661000	-0.339201
0.662000	-0.346082
0.663000	-0.353067
0.664000	-0.360155
0.665000	-0.367347
0.666000	-0.374644
0.667000	-0.382045
0.668000	-0.389553
0.669000	-0.397166
0.670000	-0.404886
0.671000	-0.412712
0.672000	-0.420645
0.673000	-0.428685
0.674000	-0.436833
0.675000	-0.445088
0.676000	-0.453451
0.677000	-0.461923
0.678000	-0.470502
0.679000	-0.479189
0.680000	-0.487984
0.681000	-0.496887
0.682000	-0.505898
0.683000	-0.515017
0.684000	-0.524243
0.685000	-0.533577
0.686000	-0.543018
0.687000	-0.552565
0.688000	-0.562219
0.689000	-0.571979
0.690000	-0.581844
0.691000	-0.591815
0.692000	-0.601889
0.693000	-0.612068
0.694000	-0.622349
0.695000	-0.632733
0.696000	-0.643217
0.697000	-0.653803
0.698000	-0.664488
0.699000	-0.675271
0.700000	-0.686153
0.701000	-0.697130
0.702000	-0.708203
0.703000	-0.719369
0.704000	-0.730628
0.705000	-0.741978
0.706000	-0.753418
0.707000	-0.764946
0.708000	-0.776560
0.709000	-0.788259
0.710000	-0.800042
0.711000	-0.811905
0.712000	-0.823848
0.713000	-0.835868
0.714000	-0.847963
0.715000	-0.860132
0.716000	-0.872371
0.717000	-0.884679
0.718000	-0.897053
0.719000	-0.909491
0.720000	-0.921990
0.721000	-0.934547
0.722000	-0.947161
0.723000	-0.959828
0.724000	-0.972544
0.725000	-0.985308
0.726000	-0.998117
0.727000	-1.010966
0.728000	-1.023854
0.729000	-1.036776
0.730000	-1.049729
0.731000	-1.062710
0.732000	-1.075715
0.733000	-1.088741
0.734000	-1.101784
0.735000	-1.114840
0.736000	-1.127905
0.737000	-1.140976
0.738000	-1.154047
0.739000	-1.167116
0.740000	-1.180177
0.741000	-1.193227
0.742000	-1.206261
0.743000	-1.219274
0.744000	-1.232263
0.745000	-1.245222
0.746000	-1.258146
0.747000	-1.271031
0.748000	-1.283873
0.749000	-1.296665
0.750000	-1.309403
0.751000	-1.322081
0.752000	-1.334695
0.753000	-1.347240
0.754000	-1.359709
0.755000	-1.372097
0.756000	-1.384400
0.757000	-1.396610
0.758000	-1.408723
0.759000	-1.420733
0.760000	-1.432634
0.761000	-1.444419
0.762000	-1.456084
0.763000	-1.467623
0.764000	-1.479028
0.765000	-1.490294
0.766000	-1.501415
0.767000	-1.512384
0.768000	-1.523195
0.769000	-1.533842
0.770000	-1.544319
0.771000	-1.554618
0.772000	-1.564734
0.773000	-1.574659
0.774000	-1.584388
0.775000	-1.593913
0.776000	-1.603227
0.777000	-1.612325
0.778000	-1.621200
0.779000	-1.629844
0.780000	-1.638250
0.781000	-1.646412
0.782000	-1.654324
0.783000	-1.661977
0.784000	-1.669366
0.785000	-1.676483
0.786000	-1.683321
0.787000	-1.689874
0.788000	-1.696135
0.789000	-1.702095
0.790000	-1.707750
0.791000	-1.713091
0.792000	-1.718112
0.793000	-1.722805
0.794000	-1.727165
0.795000	-1.731183
0.796000	-1.734854
0.797000	-1.738170
0.798000	-1.741125
0.799000	-1.743712
0.800000	-1.745923
0.801000	-1.747753
0.802000	-1.749195
0.803000	-1.750241
0.804000	-1.750887
0.805000	-1.751124
0.806000	-1.750948
0.807000	-1.750350
0.808000	-1.749326
0.809000	-1.747868
0.810000	-1.745971
0.811000	-1.743629
0.812000	-1.740836
0.813000	-1.737585
0.814000	-1.733871
0.815000	-1.729689
0.816000	-1.725032
0.817000	-1.719896
0.818000	-1.714275
0.819000	-1.708163
0.820000	-1.701556
0.821000	-1.694448
0.822000	-1.686835
0.823000	-1.678712
0.824000	-1.670074
0.825000	-1.660917
0.826000	-1.651236
0.827000	-1.641028
0.828000	-1.630288
0.829000	-1.619012
0.830000	-1.607197
0.831000	-1.594839
0.832000	-1.581934
0.833000	-1.568481
0.834000	-1.554474
0.835000	-1.539912
0.836000	-1.524793
0.837000	-1.509112
0.838000	-1.492869
0.839000	-1.476060
0.840000	-1.458685
0.841000	-1.440741
0.842000	-1.422227
0.843000	-1.403142
0.844000	-1.383484
0.845000	-1.363253
0.846000	-1.342448
0.847000	-1.321069
0.848000	-1.299114
0.849000	-1.276586
0.850000	-1.253482
0.851000	-1.229805
0.852000	-1.205555
0.853000	-1.180732
0.854000	-1.155339
0.855000	-1.129375
0.856000	-1.102844
0.857000	-1.075746
0.858000	-1.048085
0.859000	-1.019862
0.860000	-0.991080
0.861000	-0.961743
0.862000	-0.931852
0.863000	-0.901412
0.864000	-0.870426
0.865000	-0.838899
0.866000	-0.806834
0.867000	-0.774236
0.868000	-0.741109
0.869000	-0.707458
0.870000	-0.673290
0.871000	-0.638608
0.872000	-0.603420
0.873000	-0.567730
0.874000	-0.531546
0.875000	-0.494873
0.876000	-0.457719
0.877000	-0.420090
0.878000	-0.381994
0.879000	-0.343439
0.880000	-0.304431
0.881000	-0.264980
0.882000	-0.225093
0.883000	-0.184780
0.884000	-0.144048
0.885000	-0.102907
0.886000	-0.061367
0.887000	-0.019436
0.888000	0.022875
0.889000	0.065557
0.890000	0.108598
0.891000	0.151990
0.892000	0.195720
0.893000	0.239778
0.894000	0.284153
0.895000	0.328833
0.896000	0.373807
0.897000	0.419063
0.898000	0.464588
0.899000	0.510372
0.900000	0.556400
0.901000	0.602662
0.902000	0.649142
0.903000	0.695830
0.904000	0.742711
0.905000	0.789772
0.906000	0.837000
0.907000	0.884380
0.908000	0.931900
0.909000	0.979544
0.910000	1.027299
0.911000	1.075151
0.912000	1.123084
0.913000	1.171085
0.914000	1.219138
0.915000	1.267229
0.916000	1.315342
0.917000	1.363463
0.918000	1.411576
0.919000	1.459667
0.920000	1.507719
0.921000	1.555717
0.922000	1.603646
0.923000	1.651491
0.924000	1.699234
0.925000	1.746861
0.926000	1.794356
0.927000	1.841704
0.928000	1.888887
0.929000	1.935891
0.930000	1.982699
0.931000	2.029295
0.932000	2.075664
0.933000	2.121790
0.934000	2.167657
0.935000	2.213248
0.936000	2.258548
0.937000	2.303542
0.938000	2.348213
0.939000	2.392545
0.940000	2.436524
0.941000	2.480133
0.942000	2.523357
0.943000	2.566180
0.944000	2.608587
0.945000	2.650562
0.946000	2.692092
0.947000	2.733159
0.948000	2.773750
0.949000	2.813850
0.950000	2.853444
0.951000	2.892517
0.952000	2.931055
0.953000	2.969044
0.954000	3.006469
0.955000	3.043317
0.956000	3.079575
0.957000	3.115227
0.958000	3.150262
0.959000	3.184666
0.960000	3.218426
0.961000	3.251529
0.962000	3.283963
0.963000	3.315715
0.964000	3.346774
0.965000	3.377127
0.966000	3.406763
0.967000	3.435671
0.968000	3.463840
0.969000	3.491258
0.970000	3.517915
0.971000	3.543802
0.972000	3.568907
0.973000	3.593222
0.974000	3.616736
0.975000	3.639442
0.976000	3.661329
0.977000	3.682390
0.978000	3.702616
0.979000	3.721999
0.980000	3.740532
0.981000	3.758208
0.982000	3.775020
0.983000	3.790960
0.984000	3.806024
0.985000	3.820204
0.986000	3.833496
0.987000	3.845894
0.988000	3.857394
0.989000	3.867990
0.990000	3.877679
0.991000	3.886456
0.992000	3.894319
0.993000	3.901264
0.994000	3.907289
0.995000	3.912391
0.996000	3.916568
0.997000	3.919819
0.998000	3.922141
0.999000	3.923535
1.000000	3.924000
1.001000	3.923535
1.002000	3.922141
1.003000	3.919819
1.004000	3.916568
1.005000	3.912391
1.006000	3.907289
1.007000	3.901264
1.008000	3.894319
1.009000	3.886456
1.010000	3.877679
1.011000	3.867990
1.012000	3.857394
1.013000	3.845894
1.014000	3.833496
1.015000	3.820204
1.016000	3.806024
1.017000	3.790960
1.018000	3.775020
1.019000	3.758208
1.020000	3.740532
1.021000	3.721999
1.022000	3.702616
1.023000	3.682390
1.024000	3.661329
1.025000	3.639442
1.026000	3.616736
1.027000	3.593222
1.028000	3.568907
1.029000	3.543802
1.030000	3.517915
1.031000	3.491258
1.032000	3.463840
1.033000	3.435671
1.034000	3.406763
1.035000	3.377127
1.036000	3.346774
1.037000	3.315715
1.038000	3.283963
1.039000	3.251529
1.040000	3.218426
1.041000	3.184666
1.042000	3.150262
1.043000	3.115227
1.044000	3.079575
1.045000	3.043317
1.046000	3.006469
1.047000	2.969044
1.048000	2.931055
1.049000	2.892517
1.050000	2.853444
1.051000	2.813850
1.052000	2.773750
1.053000	2.733159
1.054000	2.692092
1.055000	2.650562
1.056000	2.608587
1.057000	2.566180
1.058000	2.523357
1.059000	2.480133
1.060000	2.436524
1.061000	2.392545
1.062000	2.348213
1.063000	2.303542
1.064000	2.258548
1.065000	2.213248
1.066000	2.167657
1.067000	2.121790
1.068000	2.075664
1.069000	2.029295
1.070000	1.982699
1.071000	1.935891
1.072000	1.888887
1.073000	1.841704
1.074000	1.794356
1.075000	1.746861
1.076000	1.699234
1.077000	1.651491
1.078000	1.603646
1.079000	1.555717
1.080000	1.507719
1.081000	1.459667
1.082000	1.411576
1.083000	1.363463
1.084000	1.315342
1.085000	1.267229
1.086000	1.219138
1.087000	1.171085
1.088000	1.123084
1.089000	1.075151
1.090000	1.027299
1.091000	0.979544
1.092000	0.931900
1.093000	0.884380
1.094000	0.837000
1.095000	0.789772
1.096000	0.742711
1.097000	0.695830
1.098000	0.649142
1.099000	0.602662
1.100000	0.556400
1.101000	0.510372
1.102000	0.464588
1.103000	0.419063
1.104000	0.373807
1.105000	0.328833
1.106000	0.284153
1.107000	0.239778
1.108000	0.195720
1.109000	0.151990
1.110000	0.108598
1.111000	0.065557
1.112000	0.022875
1.113000	-0.019436
1.114000	-0.061367
1.115000	-0.102907
1.116000	-0.144048
1.117000	-0.184780
1.118000	-0.225093
1.119000	-0.264980
1.120000	-0.304431
1.121000	-0.343439
1.122000	-0.381994
1.123000	-0.420090
1.124000	-0.457719
1.125000	-0.494873
1.126000	-0.531546
1.127000	-0.567730
1.128000	-0.603420
1.129000	-0.638608
1.130000	-0.673290
1.131000	-0.707458
1.132000	-0.741109
1.133000	-0.774236
1.134000	-0.806834
1.135000	-0.838899
1.136000	-0.870426
1.137000	-0.901412
1.138000	-0.931852
1.139000	-0.961743
1.140000	-0.991080
1.141000	-1.019862
1.142000	-1.048085
1.143000	-1.075746
1.144000	-1.102844
1.145000	-1.129375
1.146000	-1.155339
1.147000	-1.180732
1.148000	-1.205555
1.149000	-1.229805
1.150000	-1.253482
1.151000	-1.276586
1.152000	-1.299114
1.153000	-1.321069
1.154000	-1.342448
1.155000	-1.363253
1.156000	-1.383484
1.157000	-1.403142
1.158000	-1.422227
1.159000	-1.440741
1.160000	-1.458685
1.161000	-1.476060
1.162000	-1.492869
1.163000	-1.509112
1.164000	-1.524793
1.165000	-1.539912
1.166000	-1.554474
1.167000	-1.568481
1.168000	-1.581934
1.169000	-1.594839
1.170000	-1.607197
1.171000	-1.619012
1.172000	-1.630288
1.173000	-1.641028
1.174000	-1.651236
1.175000	-1.660917
1.176000	-1.670074
1.177000	-1.678712
1.178000	-1.686835
1.179000	-1.694448
1.180000	-1.701556
1.181000	-1.708163
1.182000	-1.714275
1.183000	-1.719896
1.184000	-1.725032
1.185000	-1.729689
1.186000	-1.733871
1.187000	-1.737585
1.188000	-1.740836
1.189000	-1.743629
1.190000	-1.745971
1.191000	-1.747868
1.192000	-1.749326
1.193000	-1.750350
1.194000	-1.750948
1.195000	-1.751124
1.196000	-1.750887
1.197000	-1.750241
1.198000	-1.749195
1.199000	-1.747753
1.200000	-1.745923
1.201000	-1.743712
1.202000	-1.741125
1.203000	-1.738170
1.204000	-1.734854
1.205000	-1.731183
1.206000	-1.727165
1.207000	-1.722805
1.208000	-1.718112
1.209000	-1.713091
1.210000	-1.707750
1.211000	-1.702095
1.212000	-1.696135
1.213000	-1.689874
1.214000	-1.683321
1.215000	-1.676483
1.216000	-1.669366
1.217000	-1.661977
1.218000	-1.654324
1.219000	-1.646412
1.220000	-1.638250
1.221000	-1.629844
1.222000	-1.621200
1.223000	-1.612325
1.224000	-1.603227
1.225000	-1.593913
1.226000	-1.584388
1.227000	-1.574659
1.228000	-1.564734
1.229000	-1.554618
1.230000	-1.544319
1.231000	-1.533842
1.232000	-1.523195
1.233000	-1.512384
1.234000	-1.501415
1.235000	-1.490294
1.236000	-1.479028
1.237000	-1.467623
1.238000	-1.456084
1.239000	-1.444419
1.240000	-1.432634
1.241000	-1.420733
1.242000	-1.408723
1.243000	-1.396610
1.244000	-1.384400
1.245000	-1.372097
1.246000	-1.359709
1.247000	-1.347240
1.248000	-1.334695
1.249000	-1.322081
1.250000	-1.309403
1.251000	-1.296665
1.252000	-1.283873
1.253000	-1.271031
1.254000	-1.258146
1.255000	-1.245222
1.256000	-1.232263
1.257000	-1.219274
1.258000	-1.206261
1.259000	-1.193227
1.260000	-1.180177
1.261000	-1.167116
1.262000	-1.154047
1.263000	-1.140976
1.264000	-1.127905
1.265000	-1.114840
1.266000	-1.101784
1.267000	-1.088741
1.268000	-1.075715
1.269000	-1.062710
1.270000	-1.049729
1.271000	-1.036776
1.272000	-1.023854
1.273000	-1.010966
1.274000	-0.998117
1.275000	-0.985308
1.276000	-0.972544
1.277000	-0.959828
1.278000	-0.947161
1.279000	-0.934547
1.280000	-0.921990
1.281000	-0.909491
1.282000	-0.897053
1.283000	-0.884679
1.284000	-0.872371
1.285000	-0.860132
1.286000	-0.847963
1.287000	-0.835868
1.288000	-0.823848
1.289000	-0.811905
1.290000	-0.800042
1.291000	-0.788259
1.292000	-0.776560
1.293000	-0.764946
1.294000	-0.753418
1.295000	-0.741978
1.296000	-0.730628
1.297000	-0.719369
1.298000	-0.708203
1.299000	-0.697130
1.300000	-0.686153
1.301000	-0.675271
1.302000	-0.664488
1.303000	-0.653803
1.304000	-0.643217
1.305000	-0.632733
1.306000	-0.622349
1.307000	-0.612068
1.308000	-0.601889
1.309000	-0.591815
1.310000	-0.581844
1.311000	-0.571979
1.312000	-0.562219
1.313000	-0.552565
1.314000	-0.543018
1.315000	-0.533577
1.316000	-0.524243
1.317000	-0.515017
1.318000	-0.505898
1.319000	-0.496887
1.320000	-0.487984
1.321000	-0.479189
1.322000	-0.470502
1.323000	-0.461923
1.324000	-0.453451
1.325000	-0.445088
1.326000	-0.436833
1.327000	-0.428685
1.328000	-0.420645
1.329000	-0.412712
1.330000	-0.404886
1.331000	-0.397166
1.332000	-0.389553
1.333000	-0.382045
1.334000	-0.374644
1.335000	-0.367347
1.336000	-0.360155
1.337000	-0.353067
1.338000	-0.346082
1.339000	-0.339201
1.340000	-0.332422
1.341000	-0.325744
1.342000	-0.319169
1.343000	-0.312693
1.344000	-0.306318
1.345000	-0.300042
1.346000	-0.293864
1.347000	-0.287785
1.348000	-0.281802
1.349000	-0.275916
1.350000	-0.270125
1.351000	-0.264429
1.352000	-0.258827
1.353000	-0.253318
1.354000	-0.247901
1.355000	-0.242575
1.356000	-0.237341
1.357000	-0.232195
1.358000	-0.227139
1.359000	-0.222170
1.360000	-0.217289
1.361000	-0.212493
1.362000	-0.207783
1.363000	-0.203157
1.364000	-0.198614
1.365000	-0.194153
1.366000	-0.189774
1.367000	-0.185475
1.368000	-0.181256
1.369000	-0.177115
1.370000	-0.173052
1.371000	-0.169065
1.372000	-0.165154
1.373000	-0.161318
1.374000	-0.157555
1.375000	-0.153865
1.376000	-0.150247
1.377000	-0.146700
1.378000	-0.143222
1.379000	-0.139813
1.380000	-0.136472
1.381000	-0.133198
1.382000	-0.129990
1.383000	-0.126847
1.384000	-0.123768
1.385000	-0.120752
1.386000	-0.117798
1.387000	-0.114905
1.388000	-0.112073
1.389000	-0.109300
1.390000	-0.106585
1.391000	-0.103928
1.392000	-0.101327
1.393000	-0.098782
1.394000	-0.096292
1.395000	-0.093855
1.396000	-0.091471
1.397000	-0.089140
1.398000	-0.086859
1.399000	-0.084629
1.400000	-0.082449
1.401000	-0.080316
1.402000	-0.078232
1.403000	-0.076194
1.404000	-0.074203
1.405000	-0.072257
1.406000	-0.070355
1.407000	-0.068497
1.408000	-0.066681
1.409000	-0.064908
1.410000	-0.063176
1.411000	-0.061484
1.412000	-0.059832
1.413000	-0.058219
1.414000	-0.056644
1.415000	-0.055106
1.416000	-0.053605
1.417000	-0.052141
1.418000	-0.050711
1.419000	-0.049316
1.420000	-0.047955
1.421000	-0.046627
1.422000	-0.045332
1.423000	-0.044069
1.424000	-0.042837
1.425000	-0.041635
1.426000	-0.040464
1.427000	-0.039322
1.428000	-0.038208
1.429000	-0.037123
1.430000	-0.036065
1.431000	-0.035034
1.432000	-0.034029
1.433000	-0.033050
1.434000	-0.032096
1.435000	-0.031167
1.436000	-0.030262
1.437000	-0.029381
1.438000	-0.028523
1.439000	-0.027687
1.440000	-0.026873
1.441000	-0.026081
1.442000	-0.025310
1.443000	-0.024559
1.444000	-0.023829
1.445000	-0.023118
1.446000	-0.022426
1.447000	-0.021753
1.448000	-0.021098
1.449000	-0.020461
1.450000	-0.019842
1.451000	-0.019239
1.452000	-0.018653
1.453000	-0.018084
1.454000	-0.017530
1.455000	-0.016991
1.456000	-0.016468
1.457000	-0.015959
1.458000	-0.015465
1.459000	-0.014984
1.460000	-0.014518
1.461000	-0.014064
1.462000	-0.013623
1.463000	-0.013195
1.464000	-0.012780
1.465000	-0.012376
1.466000	-0.011984
1.467000	-0.011603
1.468000	-0.011234
1.469000	-0.010875
1.470000	-0.010527
1.471000	-0.010188
1.472000	-0.009860
1.473000	-0.009542
1.474000	-0.009233
1.475000	-0.008933
1.476000	-0.008643
1.477000	-0.008361
1.478000	-0.008087
1.479000	-0.007822
1.480000	-0.007564
1.481000	-0.007315
1.482000	-0.007073
1.483000	-0.006839
1.484000	-0.006611
1.485000	-0.006391
1.486000	-0.006178
1.487000	-0.005971
1.488000	-0.005770
1.489000	-0.005576
1.490000	-0.005388
1.491000	-0.005205
1.492000	-0.005029
1.493000	-0.004858
1.494000	-0.004692
1.495000	-0.004532
1.496000	-0.004376
1.497000	-0.004226
1.498000	-0.004081
1.499000	-0.003940
1.500000	-0.003803
1.501000	-0.003671
1.502000	-0.003544
1.503000	-0.003420
1.504000	-0.003301
1.505000	-0.003185
1.506000	-0.003073
1.507000	-0.002965
1.508000	-0.002860
1.509000	-0.002759
1.510000	-0.002661
1.511000	-0.002567
1.512000	-0.002475
1.513000	-0.002387
1.514000	-0.002301
1.515000	-0.002219
1.516000	-0.002139
1.517000	-0.002062
1.518000	-0.001987
1.519000	-0.001915
1.520000	-0.001846
1.521000	-0.001779
1.522000	-0.001714
1.523000	-0.001651
1.524000	-0.001591
1.525000	-0.001532
1.526000	-0.001476
1.527000	-0.001421
1.528000	-0.001369
1.529000	-0.001318
1.530000	-0.001269
1.531000	-0.001222
1.532000	-0.001176
1.533000	-0.001132
1.534000	-0.001090
1.535000	-0.001049
1.536000	-0.001009
1.537000	-0.000971
1.538000	-0.000935
1.539000	-0.000899
1.540000	-0.000865
1.541000	-0.000832
1.542000	-0.000800
1.543000	-0.000770
1.544000	-0.000740
1.545000	-0.000712
1.546000	-0.000685
1.547000	-0.000658
1.548000	-0.000633
1.549000	-0.000608
1.550000	-0.000585
1.551000	-0.000562
1.552000	-0.000540
1.553000	-0.000519
1.554000	-0.000499
1.555000	-0.000479
1.556000	-0.000460
1.557000	-0.000442
1.558000	-0.000425
1.559000	-0.000408
1.560000	-0.000392
1.561000	-0.000376
1.562000	-0.000361
1.563000	-0.000347
1.564000	-0.000333
1.565000	-0.000319
1.566000	-0.000307
1.567000	-0.000294
1.568000	-0.000282
1.569000	-0.000271
1.570000	-0.000260
1.571000	-0.000250
1.572000	-0.000239
1.573000	-0.000230
1.574000	-0.000220
1.575000	-0.000211
1.576000	-0.000203
1.577000	-0.000194
1.578000	-0.000186
1.579000	-0.000179
1.580000	-0.000171
1.581000	-0.000164
1.582000	-0.000157
1.583000	-0.000151
1.584000	-0.000145
1.585000	-0.000139
1.586000	-0.000133
1.587000	-0.000127
1.588000	-0.000122
1.589000	-0.000117
1.590000	-0.000112
1.591000	-0.000107
1.592000	-0.000103
1.593000	-0.000098
1.594000	-0.000094
1.595000	-0.000090
1.596000	-0.000086
1.597000	-0.000083
1.598000	-0.000079
1.599000	-0.000076
1.600000	-0.000072
1.601000	-0.000069
1.602000	-0.000066
1.603000	-0.000063
1.604000	-0.000061
1.605000	-0.000058
1.606000	-0.000056
1.607000	-0.000053
1.608000	-0.000051
1.609000	-0.000049
1.610000	-0.000046
1.611000	-0.000044
1.612000	-0.000042
1.613000	-0.000041
1.614000	-0.000039
1.615000	-0.000037
1.616000	-0.000035
1.617000	-0.000034
1.618000	-0.000032
1.619000	-0.000031
1.620000	-0.000030
1.621000	-0.000028
1.622000	-0.000027
1.623000	-0.000026
1.624000	-0.000025
1.625000	-0.000024
1.626000	-0.000022
1.627000	-0.000021
1.628000	-0.000020
1.629000	-0.000020
1.630000	-0.000019
1.631000	-0.000018
1.632000	-0.000017
1.633000	-0.000016
1.634000	-0.000015
1.635000	-0.000015
1.636000	-0.000014
1.637000	-0.000013
1.638000	-0.000013
1.639000	-0.000012
1.640000	-0.000012
1.641000	-0.000011
1.642000	-0.000011
1.643000	-0.000010
1.644000	-0.000010
1.645000	-0.000009
1.646000	-0.000009
1.647000	-0.000008
1.648000	-0.000008
1.649000	-0.000008
1.650000	-0.000007
1.651000	-0.000007
1.652000	-0.000007
1.653000	-0.000006
1.654000	-0.000006
1.655000	-0.000006
1.656000	-0.000005
1.657000	-0.000005
1.658000	-0.000005
1.659000	-0.000005
1.660000	-0.000004
1.661000	-0.000004
1.662000	-0.000004
1.663000	-0.000004
1.664000	-0.000004
1.665000	-0.000003
1.666000	-0.000003
1.667000	-0.000003
1.668000	-0.000003
1.669000	-0.000003
1.670000	-0.000003
1.671000	-0.000003
1.672000	-0.000002
1.673000	-0.000002
1.674000	-0.000002
1.675000	-0.000002
1.676000	-0.000002
1.677000	-0.000002
1.678000	-0.000002
1.679000	-0.000002
1.680000	-0.000002
1.681000	-0.000002
1.682000	-0.000001
1.683000	-0.000001
1.684000	-0.000001
1.685000	-0.000001
1.686000	-0.000001
1.687000	-0.000001
1.688000	-0.000001
1.689000	-0.000001
1.690000	-0.000001
1.691000	-0.000001
1.692000	-0.000001
1.693000	-0.000001
1.694000	-0.000001
1.695000	-0.000001
1.696000	-0.000001
1.697000	-0.000001
1.698000	-0.000001
1.699000	-0.000001
1.700000	-0.000001
1.701000	-0.000001
1.702000	-0.000001
1.703000	-0.000001
1.704000	-0.000000
1.705000	-0.000000
1.706000	-0.000000
1.707000	-0.000000
1.708000	-0.000000
1.709000	-0.000000
1.710000	-0.000000
1.711000	-0.000000
1.712000	-0.000000
1.713000	-0.000000
1.714000	-0.000000
1.715000	-0.000000
1.716000	-0.000000
1.717000	-0.000000
1.718000	-0.000000
1.719000	-0.000000
1.720000	-0.000000
1.721000	-0.000000
1.722000	-0.000000
1.723000	-0.000000
1.724000	-0.000000
1.725000	-0.000000
1.726000	-0.000000
1.727000	-0.000000
1.728000	-0.000000
1.729000	-0.000000
1.730000	-0.000000
1.731000	-0.000000
1.732000	-0.000000
1.733000	-0.000000
1.734000	-0.000000
1.735000	-0.000000
1.736000	-0.000000
1.737000	-0.000000
1.738000	-0.000000
1.739000	-0.000000
1.740000	-0.000000
1.741000	-0.000000
1.742000	-0.000000
1.743000	-0.000000
1.744000	-0.000000
1.745000	-0.000000
1.746000	-0.000000
1.747000	-0.000000
1.748000	-0.000000
1.749000	-0.000000
1.750000	-0.000000
1.751000	-0.000000
1.752000	-0.000000
1.753000	-0.000000
1.754000	-0.000000
1.755000	-0.000000
1.756000	-0.000000
1.757000	-0.000000
1.758000	-0.000000
1.759000	-0.000000
1.760000	-0.000000
1.761000	-0.000000
1.762000	-0.000000
1.763000	-0.000000
1.764000	-0.000000
1.765000	-0.000000
1.766000	-0.000000
1.767000	-0.000000
1.768000	-0.000000
1.769000	-0.000000
1.770000	-0.000000
1.771000	-0.000000
1.772000	-0.000000
1.773000	-0.000000
1.774000	-0.000000
1.775000	-0.000000
1.776000	-0.000000
1.777000	-0.000000
1.778000	-0.000000
1.779000	-0.000000
1.780000	-0.000000
1.781000	-0.000000
1.782000	-0.000000
1.783000	-0.000000
1.784000	-0.000000
1.785000	-0.000000
1.786000	-0.000000
1.787000	-0.000000
1.788000	-0.000000
1.789000	-0.000000
1.790000	-0.000000
1.791000	-0.000000
1.792000	-0.000000
1.793000	-0.000000
1.794000	-0.000000
1.795000	-0.000000
1.796000	-0.000000
1.797000	-0.000000
1.798000	-0.000000
1.799000	-0.000000
1.800000	-0.000000
1.801000	-0.000000
1.802000	-0.000000
1.803000	-0.000000
1.804000	-0.000000
1.805000	-0.000000
1.806000	-0.000000
1.807000	-0.000000
1.808000	-0.000000
1.809000	-0.000000
1.810000	-0.000000
1.811000	-0.000000
1.812000	-0.000000
1.813000	-0.000000
1.814000	-0.000000
1.815000	-0.000000
1.816000	-0.000000
1.817000	-0.000000
1.818000	-0.000000
1.819000	-0.000000
1.820000	-0.000000
1.821000	-0.000000
1.822000	-0.000000
1.823000	-0.000000
1.824000	-0.000000
1.825000	-0.000000
1.826000	-0.000000
1.827000	-0.000000
1.828000	-0.000000
1.829000	-0.000000
1.830000	-0.000000
1.831000	-0.000000
1.832000	-0.000000
1.833000	-0.000000
1.834000	-0.000000
1.835000	-0.000000
1.836000	-0.000000
1.837000	-0.000000
1.838000	-0.000000
1.839000	-0.000000
1.840000	-0.000000
1.841000	-0.000000
1.842000	-0.000000
1.843000	-0.000000
1.844000	-0.000000
1.845000	-0.000000
1.846000	-0.000000
1.847000	-0.000000
1.848000	-0.000000
1.849000	-0.000000
1.850000	-0.000000
1.851000	-0.000000
1.852000	-0.000000
1.853000	-0.000000
1.854000	-0.000000
1.855000	-0.000000
1.856000	-0.000000
1.857000	-0.000000
1.858000	-0.000000
1.859000	-0.000000
1.860000	-0.000000
1.861000	-0.000000
1.862000	-0.000000
1.863000	-0.000000
1.864000	-0.000000
1.865000	-0.000000
1.866000	-0.000000
1.867000	-0.000000
1.868000	-0.000000
1.869000	-0.000000
1.870000	-0.000000
1.871000	-0.000000
1.872000	-0.000000
1.873000	-0.000000
1.874000	-0.000000
1.875000	-0.000000
1.876000	-0.000000
1.877000	-0.000000
1.878000	-0.000000
1.879000	-0.000000
1.880000	-0.000000
1.881000	-0.000000
1.882000	-0.000000
1.883000	-0.000000
1.884000	-0.000000
1.885000	-0.000000
1.886000	-0.000000
1.887000	-0.000000
1.888000	-0.000000
1.889000	-0.000000
1.890000	-0.000000
1.891000	-0.000000
1.892000	-0.000000
1.893000	-0.000000
1.894000	-0.000000
1.895000	-0.000000
1.896000	-0.000000
1.897000	-0.000000
1.898000	-0.000000
1.899000	-0.000000
1.900000	-0.000000
1.901000	-0.000000
1.902000	-0.000000
1.903000	-0.000000
1.904000	-0.000000
1.905000	-0.000000
1.906000	-0.000000
1.907000	-0.000000
1.908000	-0.000000
1.909000	-0.000000
1.910000	-0.000000
1.911000	-0.000000
1.912000	-0.000000
1.913000	-0.000000
1.914000	-0.000000
1.915000	-0.000000
1.916000	-0.000000
1.917000	-0.000000
1.918000	-0.000000
1.919000	-0.000000
1.920000	-0.000000
1.921000	-0.000000
1.922000	-0.000000
1.923000	-0.000000
1.924000	-0.000000
1.925000	-0.000000
1.926000	-0.000000
1.927000	-0.000000
1.928000	-0.000000
1.929000	-0.000000
1.930000	-0.000000
1.931000	-0.000000
1.932000	-0.000000
1.933000	-0.000000
1.934000	-0.000000
1.935000	-0.000000
1.936000	-0.000000
1.937000	-0.000000
1.938000	-0.000000
1.939000	-0.000000
1.940000	-0.000000
1.941000	-0.000000
1.942000	-0.000000
1.943000	-0.000000
1.944000	-0.000000
1.945000	-0.000000
1.946000	-0.000000
1.947000	-0.000000
1.948000	-0.000000
1.949000	-0.000000
1.950000	-0.000000
1.951000	-0.000000
1.952000	-0.000000
1.953000	-0.000000
1.954000	-0.000000
1.955000	-0.000000
1.956000	-0.000000
1.957000	-0.000000
1.958000	-0.000000
1.959000	-0.000000
1.960000	-0.000000
1.961000	-0.000000
1.962000	-0.000000
1.963000	-0.000000
1.964000	-0.000000
1.965000	-0.000000
1.966000	-0.000000
1.967000	-0.000000
1.968000	-0.000000
1.969000	-0.000000
1.970000	-0.000000
1.971000	-0.000000
1.972000	-0.000000
1.973000	-0.000000
1.974000	-0.000000
1.975000	-0.000000
1.976000	-0.000000
1.977000	-0.000000
1.978000	-0.000000
1.979000	-0.000000
1.980000	-0.000000
1.981000	-0.000000
1.982000	-0.000000
1.983000	-0.000000
1.984000	-0.000000
1.985000	-0.000000
1.986000	-0.000000
1.987000	-0.000000
1.988000	-0.000000
1.989000	-0.000000
1.990000	-0.000000
1.991000	-0.000000
1.992000	-0.000000
1.993000	-0.000000
1.994000	-0.000000
1.995000	-0.000000
1.996000	-0.000000
1.997000	-0.000000
1.998000	-0.000000
1.999000	-0.000000
2.000000	-0.000000
