0.000000	-0.000000
0.001000	-0.000000
0.002000	-0.000000
0.003000	-0.000000
0.004000	-0.000000
0.005000	-0.000000
0.006000	-0.000000
0.007000	-0.000000
0.008000	-0.000000
0.009000	-0.000000
0.010000	-0.000000
0.011000	-0.000000
0.012000	-0.000000
0.013000	-0.000000
0.014000	-0.000000
0.015000	-0.000000
0.016000	-0.000000
0.017000	-0.000000
0.018000	-0.000000
0.019000	-0.000000
0.020000	-0.000000
0.021000	-0.000000
0.022000	-0.000000
0.023000	-0.000000
0.024000	-0.000000
0.025000	-0.000000
0.026000	-0.000000
0.027000	-0.000000
0.028000	-0.000000
0.029000	-0.000000
0.030000	-0.000000
0.031000	-0.000000
0.032000	-0.000000
0.033000	-0.000000
0.034000	-0.000000
0.035000	-0.000000
0.036000	-0.000000
0.037000	-0.000000
0.038000	-0.000000
0.039000	-0.000000
0.040000	-0.000000
0.041000	-0.000000
0.042000	-0.000000
0.043000	-0.000000
0.044000	-0.000000
0.045000	-0.000000
0.046000	-0.000000
0.047000	-0.000000
0.048000	-0.000000
0.049000	-0.000000
0.050000	-0.000000
0.051000	-0.000000
0.052000	-0.000000
0.053000	-0.000000
0.054000	-0.000000
0.055000	-0.000000
0.056000	-0.000000
0.057000	-0.000000
0.058000	-0.000000
0.059000	-0.000000
0.060000	-0.000000
0.061000	-0.000000
0.062000	-0.000000
0.063000	-0.000000
0.064000	-0.000000
0.065000	-0.000000
0.066000	-0.000000
0.067000	-0.000000
0.068000	-0.000000
0.069000	-0.000000
0.070000	-0.000000
0.071000	-0.000000
0.072000	-0.000000
0.073000	-0.000000
0.074000	-0.000000
0.075000	-0.000000
0.076000	-0.000000
0.077000	-0.000000
0.078000	-0.000000
0.079000	-0.000000
0.080000	-0.000000
0.081000	-0.000000
0.082000	-0.000000
0.083000	-0.000000
0.084000	-0.000000
0.085000	-0.000000
0.086000	-0.000000
0.087000	-0.000000
0.088000	-0.000000
0.089000	-0.000000
0.090000	-0.000000
0.091000	-0.000000
0.092000	-0.000000
0.093000	-0.000000
0.094000	-0.000000
0.095000	-0.000000
0.096000	-0.000000
0.097000	-0.000000
0.098000	-0.000000
0.099000	-0.000000
0.100000	-0.000000
0.101000	-0.000000
0.102000	-0.000000
0.103000	-0.000000
0.104000	-0.000000
0.105000	-0.000000
0.106000	-0.000000
0.107000	-0.000000
0.108000	-0.000000
0.109000	-0.000000
0.110000	-0.000000
0.111000	-0.000000
0.112000	-0.000000
0.113000	-0.000000
0.114000	-0.000000
0.115000	-0.000000
0.116000	-0.000000
0.117000	-0.000000
0.118000	-0.000000
0.119000	-0.000000
0.120000	-0.000000
0.121000	-0.000000
0.122000	-0.000000
0.123000	-0.000000
0.124000	-0.000000
0.125000	-0.000000
0.126000	-0.000000
0.127000	-0.000000
0.128000	-0.000000
0.129000	-0.000000
0.130000	-0.000000
0.131000	-0.000000
0.132000	-0.000000
0.133000	-0.000000
0.134000	-0.000000
0.135000	-0.000000
0.136000	-0.000000
0.137000	-0.000000
0.138000	-0.000000
0.139000	-0.000000
0.140000	-0.000000
0.141000	-0.000000
0.142000	-0.000000
0.143000	-0.000000
0.144000	-0.000000
0.145000	-0.000000
0.146000	-0.000000
0.147000	-0.000000
0.148000	-0.000000
0.149000	-0.000000
0.150000	-0.000000
0.151000	-0.000000
0.152000	-0.000000
0.153000	-0.000000
0.154000	-0.000000
0.155000	-0.000000
0.156000	-0.000000
0.157000	-0.000000
0.158000	-0.000000
0.159000	-0.000000
0.160000	-0.000000
0.161000	-0.000000
0.162000	-0.000000
0.163000	-0.000000
0.164000	-0.000000
0.165000	-0.000000
0.166000	-0.000000
0.167000	-0.000000
0.168000	-0.000000
0.169000	-0.000000
0.170000	-0.000000
0.171000	-0.000000
0.172000	-0.000000
0.173000	-0.000000
0.174000	-0.000000
0.175000	-0.000000
0.176000	-0.000000
0.177000	-0.000000
0.178000	-0.000000
0.179000	-0.000000
0.180000	-0.000000
0.181000	-0.000000
0.182000	-0.000000
0.183000	-0.000000
0.184000	-0.000000
0.185000	-0.000000
0.186000	-0.000000
0.187000	-0.000000
0.188000	-0.000000
0.189000	-0.000000
0.190000	-0.000000
0.191000	-0.000000
0.192000	-0.000000
0.193000	-0.000000
0.194000	-0.000000
0.195000	-0.000000
0.196000	-0.000000
0.197000	-0.000000
0.198000	-0.000000
0.199000	-0.000000
0.200000	-0.000000
0.201000	-0.000000
0.202000	-0.000000
0.203000	-0.000000
0.204000	-0.000000
0.205000	-0.000000
0.206000	-0.000000
0.207000	-0.000000
0.208000	-0.000000
0.209000	-0.000000
0.210000	-0.000000
0.211000	-0.000000
0.212000	-0.000000
0.213000	-0.000000
0.214000	-0.000000
0.215000	-0.000000
0.216000	-0.000000
0.217000	-0.000000
0.218000	-0.000000
0.219000	-0.000000
0.220000	-0.000000
0.221000	-0.000000
0.222000	-0.000000
0.223000	-0.000000
0.224000	-0.000000
0.225000	-0.000000
0.226000	-0.000000
0.227000	-0.000000
0.228000	-0.000000
0.229000	-0.000000
0.230000	-0.000000
0.231000	-0.000000
0.232000	-0.000000
0.233000	-0.000000
0.234000	-0.000000
0.235000	-0.000000
0.236000	-0.000000
0.237000	-0.000000
0.238000	-0.000000
0.239000	-0.000000
0.240000	-0.000000
0.241000	-0.000000
0.242000	-0.000000
0.243000	-0.000000
0.244000	-0.000000
0.245000	-0.000000
0.246000	-0.000000
0.247000	-0.000000
0.248000	-0.000000
0.249000	-0.000000
0.250000	-0.000000
0.251000	-0.000000
0.252000	-0.000000
0.253000	-0.000000
0.254000	-0.000000
0.255000	-0.000000
0.256000	-0.000000
0.257000	-0.000000
0.258000	-0.000000
0.259000	-0.000000
0.260000	-0.000000
0.261000	-0.000000
0.262000	-0.000000
0.263000	-0.000000
0.264000	-0.000000
0.265000	-0.000000
0.266000	-0.000000
0.267000	-0.000000
0.268000	-0.000000
0.269000	-0.000000
0.270000	-0.000000
0.271000	-0.000000
0.272000	-0.000000
0.273000	-0.000000
0.274000	-0.000000
0.275000	-0.000000
0.276000	-0.000000
0.277000	-0.000000
0.278000	-0.000000
0.279000	-0.000000
0.280000	-0.000000
0.281000	-0.000000
0.282000	-0.000000
0.283000	-0.000000
0.284000	-0.000001
0.285000	-0.000001
0.286000	-0.000001
0.287000	-0.000001
0.288000	-0.000001
0.289000	-0.000001
0.290000	-0.000001
0.291000	-0.000001
0.292000	-0.000001
0.293000	-0.000001
0.294000	-0.000001
0.295000	-0.000001
0.296000	-0.000001
0.297000	-0.000001
0.298000	-0.000001
0.299000	-0.000001
0.300000	-0.000001
0.301000	-0.000001
0.302000	-0.000001
0.303000	-0.000001
0.304000	-0.000001
0.305000	-0.000002
0.306000	-0.000002
0.307000	-0.000002
0.308000	-0.000002
0.309000	-0.000002
0.310000	-0.000002
0.311000	-0.000002
0.312000	-0.000002
0.313000	-0.000002
0.314000	-0.000002
0.315000	-0.000003
0.316000	-0.000003
0.317000	-0.000003
0.318000	-0.000003
0.319000	-0.000003
0.320000	-0.000003
0.321000	-0.000003
0.322000	-0.000004
0.323000	-0.000004
0.324000	-0.000004
0.325000	-0.000004
0.326000	-0.000004
0.327000	-0.000005
0.328000	-0.000005
0.329000	-0.000005
0.330000	-0.000005
0.331000	-0.000006
0.332000	-0.000006
0.333000	-0.000006
0.334000	-0.000007
0.335000	-0.000007
0.336000	-0.000007
0.337000	-0.000008
0.338000	-0.000008
0.339000	-0.000008
0.340000	-0.000009
0.341000	-0.000009
0.342000	-0.000010
0.343000	-0.000010
0.344000	-0.000011
0.345000	-0.000011
0.346000	-0.000012
0.347000	-0.000013
0.348000	-0.000013
0.349000	-0.000014
0.350000	-0.000014
0.351000	-0.000015
0.352000	-0.000016
0.353000	-0.000017
0.354000	-0.000018
0.355000	-0.000018
0.356000	-0.000019
0.357000	-0.000020
0.358000	-0.000021
0.359000	-0.000022
0.360000	-0.000023
0.361000	-0.000024
0.362000	-0.000026
0.363000	-0.000027
0.364000	-0.000028
0.365000	-0.000030
0.366000	-0.000031
0.367000	-0.000032
0.368000	-0.000034
0.369000	-0.000036
0.370000	-0.000037
0.371000	-0.000039
0.372000	-0.000041
0.373000	-0.000043
0.374000	-0.000045
0.375000	-0.000047
0.376000	-0.000049
0.377000	-0.000052
0.378000	-0.000054
0.379000	-0.000056
0.380000	-0.000059
0.381000	-0.000062
0.382000	-0.000065
0.383000	-0.000068
0.384000	-0.000071
0.385000	-0.000074
0.386000	-0.000078
0.387000	-0.000081
0.388000	-0.000085
0.389000	-0.000089
0.390000	-0.000093
0.391000	-0.000097
0.392000	-0.000102
0.393000	-0.000106
0.394000	-0.000111
0.395000	-0.000116
0.396000	-0.000121
0.397000	-0.000127
0.398000	-0.000133
0.399000	-0.000139
0.400000	-0.000145
0.401000	-0.000151
0.402000	-0.000158
0.403000	-0.000165
0.404000	-0.000172
0.405000	-0.000180
0.406000	-0.000188
0.407000	-0.000196
0.408000	-0.000205
0.409000	-0.000214
0.410000	-0.000224
0.411000	-0.000233
0.412000	-0.000244
0.413000	-0.000254
0.414000	-0.000265
0.415000	-0.000277
0.416000	-0.000289
0.417000	-0.000302
0.418000	-0.000315
0.419000	-0.000328
0.420000	-0.000343
0.421000	-0.000357
0.422000	-0.000373
0.423000	-0.000389
0.424000	-0.000405
0.425000	-0.000423
0.426000	-0.000441
0.427000	-0.000459
0.428000	-0.000479
0.429000	-0.000499
0.430000	-0.000520
0.431000	-0.000542
0.432000	-0.000565
0.433000	-0.000589
0.434000	-0.000613
0.435000	-0.000639
0.436000	-0.000666
0.437000	-0.000693
0.438000	-0.000722
0.439000	-0.000752
0.440000	-0.000783
0.441000	-0.000816
0.442000	-0.000849
0.443000	-0.000884
0.444000	-0.000920
0.445000	-0.000958
0.446000	-0.000997
0.447000	-0.001038
0.448000	-0.001080
0.449000	-0.001124
0.450000	-0.001169
0.451000	-0.001216
0.452000	-0.001265
0.453000	-0.001316
0.454000	-0.001369
0.455000	-0.001424
0.456000	-0.001481
0.457000	-0.001540
0.458000	-0.001601
0.459000	-0.001664
0.460000	-0.001730
0.461000	-0.001799
0.462000	-0.001869
0.463000	-0.001943
0.464000	-0.002019
0.465000	-0.002098
0.466000	-0.002180
0.467000	-0.002265
0.468000	-0.002353
0.469000	-0.002444
0.470000	-0.002538
0.471000	-0.002636
0.472000	-0.002738
0.473000	-0.002843
0.474000	-0.002952
0.475000	-0.003065
0.476000	-0.003181
0.477000	-0.003302
0.478000	-0.003428
0.479000	-0.003558
0.480000	-0.003692
0.481000	-0.003831
0.482000	-0.003975
0.483000	-0.004124
0.484000	-0.004278
0.485000	-0.004438
0.486000	-0.004603
0.487000	-0.004774
0.488000	-0.004951
0.489000	-0.005133
0.490000	-0.005323
0.491000	-0.005518
0.492000	-0.005721
0.493000	-0.005930
0.494000	-0.006146
0.495000	-0.006370
0.496000	-0.006601
0.497000	-0.006840
0.498000	-0.007087
0.499000	-0.007343
0.500000	-0.007607
0.501000	-0.007879
0.502000	-0.008161
0.503000	-0.008452
0.504000	-0.008753
0.505000	-0.009063
0.506000	-0.009384
0.507000	-0.009715
0.508000	-0.010057
0.509000	-0.010411
0.510000	-0.010775
0.511000	-0.011152
0.512000	-0.011540
0.513000	-0.011941
0.514000	-0.012355
0.515000	-0.012782
0.516000	-0.013223
0.517000	-0.013677
0.518000	-0.014146
0.519000	-0.014630
0.520000	-0.015129
0.521000	-0.015644
0.522000	-0.016174
0.523000	-0.016721
0.524000	-0.017285
0.525000	-0.017867
0.526000	-0.018466
0.527000	-0.019084
0.528000	-0.019721
0.529000	-0.020377
0.530000	-0.021053
0.531000	-0.021750
0.532000	-0.022467
0.533000	-0.023206
0.534000	-0.023968
0.535000	-0.024752
0.536000	-0.025559
0.537000	-0.026391
0.538000	-0.027247
0.539000	-0.028128
0.540000	-0.029035
0.541000	-0.029969
0.542000	-0.030930
0.543000	-0.031918
0.544000	-0.032936
0.545000	-0.033983
0.546000	-0.035060
0.547000	-0.036167
0.548000	-0.037307
0.549000	-0.038479
0.550000	-0.039683
0.551000	-0.040922
0.552000	-0.042196
0.553000	-0.043506
0.554000	-0.044852
0.555000	-0.046235
0.556000	-0.047657
0.557000	-0.049118
0.558000	-0.050620
0.559000	-0.052162
0.560000	-0.053746
0.561000	-0.055374
0.562000	-0.057045
0.563000	-0.058762
0.564000	-0.060525
0.565000	-0.062335
0.566000	-0.064193
0.567000	-0.066100
0.568000	-0.068058
0.569000	-0.070067
0.570000	-0.072129
0.571000	-0.074245
0.572000	-0.076416
0.573000	-0.078643
0.574000	-0.080927
0.575000	-0.083271
0.576000	-0.085674
0.577000	-0.088138
0.578000	-0.090665
0.579000	-0.093255
0.580000	-0.095911
0.581000	-0.098632
0.582000	-0.101422
0.583000	-0.104281
0.584000	-0.107211
0.585000	-0.110212
0.586000	-0.113287
0.587000	-0.116437
0.588000	-0.119663
0.589000	-0.122968
0.590000	-0.126351
0.591000	-0.129816
0.592000	-0.133362
0.593000	-0.136993
0.594000	-0.140710
0.595000	-0.144513
0.596000	-0.148406
0.597000	-0.152389
0.598000	-0.156464
0.599000	-0.160633
0.600000	-0.164897
0.601000	-0.169258
0.602000	-0.173719
0.603000	-0.178280
0.604000	-0.182943
0.605000	-0.187710
0.606000	-0.192583
0.607000	-0.197564
0.608000	-0.202654
0.609000	-0.207855
0.610000	-0.213170
0.611000	-0.218600
0.612000	-0.224146
0.613000	-0.229811
0.614000	-0.235596
0.615000	-0.241504
0.616000	-0.247536
0.617000	-0.253694
0.618000	-0.259980
0.619000	-0.266396
0.620000	-0.272944
0.621000	-0.279626
0.622000	-0.286444
0.623000	-0.293399
0.624000	-0.300494
0.625000	-0.307730
0.626000	-0.315110
0.627000	-0.322636
0.628000	-0.330308
0.629000	-0.338130
0.630000	-0.346104
0.631000	-0.354230
0.632000	-0.362512
0.633000	-0.370950
0.634000	-0.379548
0.635000	-0.388306
0.636000	-0.397227
0.637000	-0.406313
0.638000	-0.415566
0.639000	-0.424986
0.640000	-0.434577
0.641000	-0.444341
0.642000	-0.454278
0.643000	-0.464391
0.644000	-0.474681
0.645000	-0.485151
0.646000	-0.495802
0.647000	-0.506635
0.648000	-0.517653
0.649000	-0.528858
0.650000	-0.540250
0.651000	-0.551832
0.652000	-0.563604
0.653000	-0.575569
0.654000	-0.587729
0.655000	-0.600084
0.656000	-0.612636
0.657000	-0.625387
0.658000	-0.638337
0.659000	-0.651489
0.660000	-0.664843
0.661000	-0.678401
0.662000	-0.692164
0.663000	-0.706133
0.664000	-0.720309
0.665000	-0.734694
0.666000	-0.749287
0.667000	-0.764091
0.668000	-0.779106
0.669000	-0.794332
0.670000	-0.809771
0.671000	-0.825424
0.672000	-0.841290
0.673000	-0.857370
0.674000	-0.873666
0.675000	-0.890177
0.676000	-0.906903
0.677000	-0.923845
0.678000	-0.941003
0.679000	-0.958377
0.680000	-0.975968
0.681000	-0.993774
0.682000	-1.011796
0.683000	-1.030033
0.684000	-1.048486
0.685000	-1.067154
0.686000	-1.086035
0.687000	-1.105130
0.688000	-1.124438
0.689000	-1.143958
0.690000	-1.163689
0.691000	-1.183629
0.692000	-1.203779
0.693000	-1.224135
0.694000	-1.244698
0.695000	-1.265465
0.696000	-1.286435
0.697000	-1.307606
0.698000	-1.328976
0.699000	-1.350543
0.700000	-1.372305
0.701000	-1.394260
0.702000	-1.416405
0.703000	-1.438738
0.704000	-1.461256
0.705000	-1.483956
0.706000	-1.506836
0.707000	-1.529892
0.708000	-1.553120
0.709000	-1.576519
0.710000	-1.600083
0.711000	-1.623810
0.712000	-1.647696
0.713000	-1.671736
0.714000	-1.695927
0.715000	-1.720263
0.716000	-1.744742
0.717000	-1.769358
0.718000	-1.794106
0.719000	-1.818982
0.720000	-1.843980
0.721000	-1.869095
0.722000	-1.894322
0.723000	-1.919655
0.724000	-1.945089
0.725000	-1.970617
0.726000	-1.996234
0.727000	-2.021933
0.728000	-2.047707
0.729000	-2.073551
0.730000	-2.099458
0.731000	-2.125420
0.732000	-2.151431
0.733000	-2.177483
0.734000	-2.203568
0.735000	-2.229680
0.736000	-2.255811
0.737000	-2.281951
0.738000	-2.308094
0.739000	-2.334232
0.740000	-2.360354
0.741000	-2.386454
0.742000	-2.412522
0.743000	-2.438549
0.744000	-2.464526
0.745000	-2.490443
0.746000	-2.516292
0.747000	-2.542063
0.748000	-2.567745
0.749000	-2.593329
0.750000	-2.618805
0.751000	-2.644163
0.752000	-2.669391
0.753000	-2.694479
0.754000	-2.719418
0.755000	-2.744195
0.756000	-2.768799
0.757000	-2.793220
0.758000	-2.817446
0.759000	-2.841466
0.760000	-2.865267
0.761000	-2.888839
0.762000	-2.912169
0.763000	-2.935245
0.764000	-2.958056
0.765000	-2.980588
0.766000	-3.002829
0.767000	-3.024768
0.768000	-3.046390
0.769000	-3.067685
0.770000	-3.088637
0.771000	-3.109236
0.772000	-3.129467
0.773000	-3.149318
0.774000	-3.168775
0.775000	-3.187825
0.776000	-3.206455
0.777000	-3.224651
0.778000	-3.242399
0.779000	-3.259687
0.780000	-3.276500
0.781000	-3.292825
0.782000	-3.308648
0.783000	-3.323955
0.784000	-3.338732
0.785000	-3.352966
0.786000	-3.366643
0.787000	-3.379749
0.788000	-3.392269
0.789000	-3.404191
0.790000	-3.415500
0.791000	-3.426182
0.792000	-3.436223
0.793000	-3.445611
0.794000	-3.454330
0.795000	-3.462367
0.796000	-3.469708
0.797000	-3.476341
0.798000	-3.482250
0.799000	-3.487423
0.800000	-3.491846
0.801000	-3.495506
0.802000	-3.498389
0.803000	-3.500483
0.804000	-3.501774
0.805000	-3.502249
0.806000	-3.501895
0.807000	-3.500700
0.808000	-3.498651
0.809000	-3.495736
0.810000	-3.491943
0.811000	-3.487258
0.812000	-3.481671
0.813000	-3.475170
0.814000	-3.467743
0.815000	-3.459378
0.816000	-3.450065
0.817000	-3.439792
0.818000	-3.428550
0.819000	-3.416326
0.820000	-3.403112
0.821000	-3.388896
0.822000	-3.373670
0.823000	-3.357424
0.824000	-3.340148
0.825000	-3.321834
0.826000	-3.302473
0.827000	-3.282056
0.828000	-3.260576
0.829000	-3.238024
0.830000	-3.214394
0.831000	-3.189678
0.832000	-3.163869
0.833000	-3.136961
0.834000	-3.108948
0.835000	-3.079825
0.836000	-3.049585
0.837000	-3.018224
0.838000	-2.985737
0.839000	-2.952121
0.840000	-2.917370
0.841000	-2.881483
0.842000	-2.844455
0.843000	-2.806284
0.844000	-2.766969
0.845000	-2.726507
0.846000	-2.684896
0.847000	-2.642137
0.848000	-2.598229
0.849000	-2.553171
0.850000	-2.506965
0.851000	-2.459610
0.852000	-2.411110
0.853000	-2.361465
0.854000	-2.310677
0.855000	-2.258750
0.856000	-2.205688
0.857000	-2.151493
0.858000	-2.096170
0.859000	-2.039724
0.860000	-1.982161
0.861000	-1.923485
0.862000	-1.863704
0.863000	-1.802824
0.864000	-1.740853
0.865000	-1.677798
0.866000	-1.613668
0.867000	-1.548471
0.868000	-1.482218
0.869000	-1.414917
0.870000	-1.346580
0.871000	-1.277217
0.872000	-1.206840
0.873000	-1.135461
0.874000	-1.063092
0.875000	-0.989747
0.876000	-0.915438
0.877000	-0.840181
0.878000	-0.763989
0.879000	-0.686878
0.880000	-0.608863
0.881000	-0.529960
0.882000	-0.450187
0.883000	-0.369560
0.884000	-0.288096
0.885000	-0.205814
0.886000	-0.122733
0.887000	-0.038872
0.888000	0.045750
0.889000	0.131113
0.890000	0.217197
0.891000	0.303979
0.892000	0.391440
0.893000	0.479556
0.894000	0.568305
0.895000	0.657666
0.896000	0.747614
0.897000	0.838125
0.898000	0.929177
0.899000	1.020744
0.900000	1.112801
0.901000	1.205323
0.902000	1.298285
0.903000	1.391660
0.904000	1.485422
0.905000	1.579544
0.906000	1.674000
0.907000	1.768761
0.908000	1.863800
0.909000	1.959088
0.910000	2.054599
0.911000	2.150301
0.912000	2.246168
0.913000	2.342169
0.914000	2.438276
0.915000	2.534457
0.916000	2.630684
0.917000	2.726926
0.918000	2.823153
0.919000	2.919334
0.920000	3.015438
0.921000	3.111435
0.922000	3.207293
0.923000	3.302981
0.924000	3.398468
0.925000	3.493723
0.926000	3.588713
0.927000	3.683407
0.928000	3.777774
0.929000	3.871781
0.930000	3.965397
0.931000	4.058590
0.932000	4.151329
0.933000	4.243580
0.934000	4.335313
0.935000	4.426496
0.936000	4.517097
0.937000	4.607084
0.938000	4.696426
0.939000	4.785091
0.940000	4.873048
0.941000	4.960266
0.942000	5.046713
0.943000	5.132359
0.944000	5.217173
0.945000	5.301125
0.946000	5.384183
0.947000	5.466318
0.948000	5.547500
0.949000	5.627700
0.950000	5.706887
0.951000	5.785033
0.952000	5.862109
0.953000	5.938087
0.954000	6.012938
0.955000	6.086635
0.956000	6.159149
0.957000	6.230455
0.958000	6.300525
0.959000	6.369332
0.960000	6.436852
0.961000	6.503058
0.962000	6.567926
0.963000	6.631431
0.964000	6.693548
0.965000	6.754255
0.966000	6.813527
0.967000	6.871343
0.968000	6.927680
0.969000	6.982516
0.970000	7.035831
0.971000	7.087604
0.972000	7.137814
0.973000	7.186444
0.974000	7.233473
0.975000	7.278883
0.976000	7.322658
0.977000	7.364779
0.978000	7.405231
0.979000	7.443998
0.980000	7.481065
0.981000	7.516416
0.982000	7.550039
0.983000	7.581921
0.984000	7.612048
0.985000	7.640409
0.986000	7.666992
0.987000	7.691789
0.988000	7.714787
0.989000	7.735980
0.990000	7.755357
0.991000	7.772912
0.992000	7.788638
0.993000	7.802529
0.994000	7.814578
0.995000	7.824782
0.996000	7.833136
0.997000	7.839637
0.998000	7.844283
0.999000	7.847071
1.000000	7.848000
1.001000	7.847071
1.002000	7.844283
1.003000	7.839637
1.004000	7.833136
1.005000	7.824782
1.006000	7.814578
1.007000	7.802529
1.008000	7.788638
1.009000	7.772912
1.010000	7.755357
1.011000	7.735980
1.012000	7.714787
1.013000	7.691789
1.014000	7.666992
1.015000	7.640409
1.016000	7.612048
1.017000	7.581921
1.018000	7.550039
1.019000	7.516416
1.020000	7.481065
1.021000	7.443998
1.022000	7.405231
1.023000	7.364779
1.024000	7.322658
1.025000	7.278883
1.026000	7.233473
1.027000	7.186444
1.028000	7.137814
1.029000	7.087604
1.030000	7.035831
1.031000	6.982516
1.032000	6.927680
1.033000	6.871343
1.034000	6.813527
1.035000	6.754255
1.036000	6.693548
1.037000	6.631431
1.038000	6.567926
1.039000	6.503058
1.040000	6.436852
1.041000	6.369332
1.042000	6.300525
1.043000	6.230455
1.044000	6.159149
1.045000	6.086635
1.046000	6.012938
1.047000	5.938087
1.048000	5.862109
1.049000	5.785033
1.050000	5.706887
1.051000	5.627700
1.052000	5.547500
1.053000	5.466318
1.054000	5.384183
1.055000	5.301125
1.056000	5.217173
1.057000	5.132359
1.058000	5.046713
1.059000	4.960266
1.060000	4.873048
1.061000	4.785091
1.062000	4.696426
1.063000	4.607084
1.064000	4.517097
1.065000	4.426496
1.066000	4.335313
1.067000	4.243580
1.068000	4.151329
1.069000	4.058590
1.070000	3.965397
1.071000	3.871781
1.072000	3.777774
1.073000	3.683407
1.074000	3.588713
1.075000	3.493723
1.076000	3.398468
1.077000	3.302981
1.078000	3.207293
1.079000	3.111435
1.080000	3.015438
1.081000	2.919334
1.082000	2.823153
1.083000	2.726926
1.084000	2.630684
1.085000	2.534457
1.086000	2.438276
1.087000	2.342169
1.088000	2.246168
1.089000	2.150301
1.090000	2.054599
1.091000	1.959088
1.092000	1.863800
1.093000	1.768761
1.094000	1.674000
1.095000	1.579544
1.096000	1.485422
1.097000	1.391660
1.098000	1.298285
1.099000	1.205323
1.100000	1.112801
1.101000	1.020744
1.102000	0.929177
1.103000	0.838125
1.104000	0.747614
1.105000	0.657666
1.106000	0.568305
1.107000	0.479556
1.108000	0.391440
1.109000	0.303979
1.110000	0.217197
1.111000	0.131113
1.112000	0.045750
1.113000	-0.038872
1.114000	-0.122733
1.115000	-0.205814
1.116000	-0.288096
1.117000	-0.369560
1.118000	-0.450187
1.119000	-0.529960
1.120000	-0.608863
1.121000	-0.686878
1.122000	-0.763989
1.123000	-0.840181
1.124000	-0.915438
1.125000	-0.989747
1.126000	-1.063092
1.127000	-1.135461
1.128000	-1.206840
1.129000	-1.277217
1.130000	-1.346580
1.131000	-1.414917
1.132000	-1.482218
1.133000	-1.548471
1.134000	-1.613668
1.135000	-1.677798
1.136000	-1.740853
1.137000	-1.802824
1.138000	-1.863704
1.139000	-1.923485
1.140000	-1.982161
1.141000	-2.039724
1.142000	-2.096170
1.143000	-2.151493
1.144000	-2.205688
1.145000	-2.258750
1.146000	-2.310677
1.147000	-2.361465
1.148000	-2.411110
1.149000	-2.459610
1.150000	-2.506965
1.151000	-2.553171
1.152000	-2.598229
1.153000	-2.642137
1.154000	-2.684896
1.155000	-2.726507
1.156000	-2.766969
1.157000	-2.806284
1.158000	-2.844455
1.159000	-2.881483
1.160000	-2.917370
1.161000	-2.952121
1.162000	-2.985737
1.163000	-3.018224
1.164000	-3.049585
1.165000	-3.079825
1.166000	-3.108948
1.167000	-3.136961
1.168000	-3.163869
1.169000	-3.189678
1.170000	-3.214394
1.171000	-3.238024
1.172000	-3.260576
1.173000	-3.282056
1.174000	-3.302473
1.175000	-3.321834
1.176000	-3.340148
1.177000	-3.357424
1.178000	-3.373670
1.179000	-3.388896
1.180000	-3.403112
1.181000	-3.416326
1.182000	-3.428550
1.183000	-3.439792
1.184000	-3.450065
1.185000	-3.459378
1.186000	-3.467743
1.187000	-3.475170
1.188000	-3.481671
1.189000	-3.487258
1.190000	-3.491943
1.191000	-3.495736
1.192000	-3.498651
1.193000	-3.500700
1.194000	-3.501895
1.195000	-3.502249
1.196000	-3.501774
1.197000	-3.500483
1.198000	-3.498389
1.199000	-3.495506
1.200000	-3.491846
1.201000	-3.487423
1.202000	-3.482250
1.203000	-3.476341
1.204000	-3.469708
1.205000	-3.462367
1.206000	-3.454330
1.207000	-3.445611
1.208000	-3.436223
1.209000	-3.426182
1.210000	-3.415500
1.211000	-3.404191
1.212000	-3.392269
1.213000	-3.379749
1.214000	-3.366643
1.215000	-3.352966
1.216000	-3.338732
1.217000	-3.323955
1.218000	-3.308648
1.219000	-3.292825
1.220000	-3.276500
1.221000	-3.259687
1.222000	-3.242399
1.223000	-3.224651
1.224000	-3.206455
1.225000	-3.187825
1.226000	-3.168775
1.227000	-3.149318
1.228000	-3.129467
1.229000	-3.109236
1.230000	-3.088637
1.231000	-3.067685
1.232000	-3.046390
1.233000	-3.024768
1.234000	-3.002829
1.235000	-2.980588
1.236000	-2.958056
1.237000	-2.935245
1.238000	-2.912169
1.239000	-2.888839
1.240000	-2.865267
1.241000	-2.841466
1.242000	-2.817446
1.243000	-2.793220
1.244000	-2.768799
1.245000	-2.744195
1.246000	-2.719418
1.247000	-2.694479
1.248000	-2.669391
1.249000	-2.644163
1.250000	-2.618805
1.251000	-2.593329
1.252000	-2.567745
1.253000	-2.542063
1.254000	-2.516292
1.255000	-2.490443
1.256000	-2.464526
1.257000	-2.438549
1.258000	-2.412522
1.259000	-2.386454
1.260000	-2.360354
1.261000	-2.334232
1.262000	-2.308094
1.263000	-2.281951
1.264000	-2.255811
1.265000	-2.229680
1.266000	-2.203568
1.267000	-2.177483
1.268000	-2.151431
1.269000	-2.125420
1.270000	-2.099458
1.271000	-2.073551
1.272000	-2.047707
1.273000	-2.021933
1.274000	-1.996234
1.275000	-1.970617
1.276000	-1.945089
1.277000	-1.919655
1.278000	-1.894322
1.279000	-1.869095
1.280000	-1.843980
1.281000	-1.818982
1.282000	-1.794106
1.283000	-1.769358
1.284000	-1.744742
1.285000	-1.720263
1.286000	-1.695927
1.287000	-1.671736
1.288000	-1.647696
1.289000	-1.623810
1.290000	-1.600083
1.291000	-1.576519
1.292000	-1.553120
1.293000	-1.529892
1.294000	-1.506836
1.295000	-1.483956
1.296000	-1.461256
1.297000	-1.438738
1.298000	-1.416405
1.299000	-1.394260
1.300000	-1.372305
1.301000	-1.350543
1.302000	-1.328976
1.303000	-1.307606
1.304000	-1.286435
1.305000	-1.265465
1.306000	-1.244698
1.307000	-1.224135
1.308000	-1.203779
1.309000	-1.183629
1.310000	-1.163689
1.311000	-1.143958
1.312000	-1.124438
1.313000	-1.105130
1.314000	-1.086035
1.315000	-1.067154
1.316000	-1.048486
1.317000	-1.030033
1.318000	-1.011796
1.319000	-0.993774
1.320000	-0.975968
1.321000	-0.958377
1.322000	-0.941003
1.323000	-0.923845
1.324000	-0.906903
1.325000	-0.890177
1.326000	-0.873666
1.327000	-0.857370
1.328000	-0.841290
1.329000	-0.825424
1.330000	-0.809771
1.331000	-0.794332
1.332000	-0.779106
1.333000	-0.764091
1.334000	-0.749287
1.335000	-0.734694
1.336000	-0.720309
1.337000	-0.706133
1.338000	-0.692164
1.339000	-0.678401
1.340000	-0.664843
1.341000	-0.651489
1.342000	-0.638337
1.343000	-0.625387
1.344000	-0.612636
1.345000	-0.600084
1.346000	-0.587729
1.347000	-0.575569
1.348000	-0.563604
1.349000	-0.551832
1.350000	-0.540250
1.351000	-0.528858
1.352000	-0.517653
1.353000	-0.506635
1.354000	-0.495802
1.355000	-0.485151
1.356000	-0.474681
1.357000	-0.464391
1.358000	-0.454278
1.359000	-0.444341
1.360000	-0.434577
1.361000	-0.424986
1.362000	-0.415566
1.363000	-0.406313
1.364000	-0.397227
1.365000	-0.388306
1.366000	-0.379548
1.367000	-0.370950
1.368000	-0.362512
1.369000	-0.354230
1.370000	-0.346104
1.371000	-0.338130
1.372000	-0.330308
1.373000	-0.322636
1.374000	-0.315110
1.375000	-0.307730
1.376000	-0.300494
1.377000	-0.293399
1.378000	-0.286444
1.379000	-0.279626
1.380000	-0.272944
1.381000	-0.266396
1.382000	-0.259980
1.383000	-0.253694
1.384000	-0.247536
1.385000	-0.241504
1.386000	-0.235596
1.387000	-0.229811
1.388000	-0.224146
1.389000	-0.218600
1.390000	-0.213170
1.391000	-0.207855
1.392000	-0.202654
1.393000	-0.197564
1.394000	-0.192583
1.395000	-0.187710
1.396000	-0.182943
1.397000	-0.178280
1.398000	-0.173719
1.399000	-0.169258
1.400000	-0.164897
1.401000	-0.160633
1.402000	-0.156464
1.403000	-0.152389
1.404000	-0.148406
1.405000	-0.144513
1.406000	-0.140710
1.407000	-0.136993
1.408000	-0.133362
1.409000	-0.129816
1.410000	-0.126351
1.411000	-0.122968
1.412000	-0.119663
1.413000	-0.116437
1.414000	-0.113287
1.415000	-0.110212
1.416000	-0.107211
1.417000	-0.104281
1.418000	-0.101422
1.419000	-0.098632
1.420000	-0.095911
1.421000	-0.093255
1.422000	-0.090665
1.423000	-0.088138
1.424000	-0.085674
1.425000	-0.083271
1.426000	-0.080927
1.427000	-0.078643
1.428000	-0.076416
1.429000	-0.074245
1.430000	-0.072129
1.431000	-0.070067
1.432000	-0.068058
1.433000	-0.066100
1.434000	-0.064193
1.435000	-0.062335
1.436000	-0.060525
1.437000	-0.058762
1.438000	-0.057045
1.439000	-0.055374
1.440000	-0.053746
1.441000	-0.052162
1.442000	-0.050620
1.443000	-0.049118
1.444000	-0.047657
1.445000	-0.046235
1.446000	-0.044852
1.447000	-0.043506
1.448000	-0.042196
1.449000	-0.040922
1.450000	-0.039683
1.451000	-0.038479
1.452000	-0.037307
1.453000	-0.036167
1.454000	-0.035060
1.455000	-0.033983
1.456000	-0.032936
1.457000	-0.031918
1.458000	-0.030930
1.459000	-0.029969
1.460000	-0.029035
1.461000	-0.028128
1.462000	-0.027247
1.463000	-0.026391
1.464000	-0.025559
1.465000	-0.024752
1.466000	-0.023968
1.467000	-0.023206
1.468000	-0.022467
1.469000	-0.021750
1.470000	-0.021053
1.471000	-0.020377
1.472000	-0.019721
1.473000	-0.019084
1.474000	-0.018466
1.475000	-0.017867
1.476000	-0.017285
1.477000	-0.016721
1.478000	-0.016174
1.479000	-0.015644
1.480000	-0.015129
1.481000	-0.014630
1.482000	-0.014146
1.483000	-0.013677
1.484000	-0.013223
1.485000	-0.012782
1.486000	-0.012355
1.487000	-0.011941
1.488000	-0.011540
1.489000	-0.011152
1.490000	-0.010775
1.491000	-0.010411
1.492000	-0.010057
1.493000	-0.009715
1.494000	-0.009384
1.495000	-0.009063
1.496000	-0.008753
1.497000	-0.008452
1.498000	-0.008161
1.499000	-0.007879
1.500000	-0.007607
1.501000	-0.007343
1.502000	-0.007087
1.503000	-0.006840
1.504000	-0.006601
1.505000	-0.006370
1.506000	-0.006146
1.507000	-0.005930
1.508000	-0.005721
1.509000	-0.005518
1.510000	-0.005323
1.511000	-0.005133
1.512000	-0.004951
1.513000	-0.004774
1.514000	-0.004603
1.515000	-0.004438
1.516000	-0.004278
1.517000	-0.004124
1.518000	-0.003975
1.519000	-0.003831
1.520000	-0.003692
1.521000	-0.003558
1.522000	-0.003428
1.523000	-0.003302
1.524000	-0.003181
1.525000	-0.003065
1.526000	-0.002952
1.527000	-0.002843
1.528000	-0.002738
1.529000	-0.002636
1.530000	-0.002538
1.531000	-0.002444
1.532000	-0.002353
1.533000	-0.002265
1.534000	-0.002180
1.535000	-0.002098
1.536000	-0.002019
1.537000	-0.001943
1.538000	-0.001869
1.539000	-0.001799
1.540000	-0.001730
1.541000	-0.001664
1.542000	-0.001601
1.543000	-0.001540
1.544000	-0.001481
1.545000	-0.001424
1.546000	-0.001369
1.547000	-0.001316
1.548000	-0.001265
1.549000	-0.001216
1.550000	-0.001169
1.551000	-0.001124
1.552000	-0.001080
1.553000	-0.001038
1.554000	-0.000997
1.555000	-0.000958
1.556000	-0.000920
1.557000	-0.000884
1.558000	-0.000849
1.559000	-0.000816
1.560000	-0.000783
1.561000	-0.000752
1.562000	-0.000722
1.563000	-0.000693
1.564000	-0.000666
1.565000	-0.000639
1.566000	-0.000613
1.567000	-0.000589
1.568000	-0.000565
1.569000	-0.000542
1.570000	-0.000520
1.571000	-0.000499
1.572000	-0.000479
1.573000	-0.000459
1.574000	-0.000441
1.575000	-0.000423
1.576000	-0.000405
1.577000	-0.000389
1.578000	-0.000373
1.579000	-0.000357
1.580000	-0.000343
1.581000	-0.000328
1.582000	-0.000315
1.583000	-0.000302
1.584000	-0.000289
1.585000	-0.000277
1.586000	-0.000265
1.587000	-0.000254
1.588000	-0.000244
1.589000	-0.000233
1.590000	-0.000224
1.591000	-0.000214
1.592000	-0.000205
1.593000	-0.000196
1.594000	-0.000188
1.595000	-0.000180
1.596000	-0.000172
1.597000	-0.000165
1.598000	-0.000158
1.599000	-0.000151
1.600000	-0.000145
1.601000	-0.000139
1.602000	-0.000133
1.603000	-0.000127
1.604000	-0.000121
1.605000	-0.000116
1.606000	-0.000111
1.607000	-0.000106
1.608000	-0.000102
1.609000	-0.000097
1.610000	-0.000093
1.611000	-0.000089
1.612000	-0.000085
1.613000	-0.000081
1.614000	-0.000078
1.615000	-0.000074
1.616000	-0.000071
1.617000	-0.000068
1.618000	-0.000065
1.619000	-0.000062
1.620000	-0.000059
1.621000	-0.000056
1.622000	-0.000054
1.623000	-0.000052
1.624000	-0.000049
1.625000	-0.000047
1.626000	-0.000045
1.627000	-0.000043
1.628000	-0.000041
1.629000	-0.000039
1.630000	-0.000037
1.631000	-0.000036
1.632000	-0.000034
1.633000	-0.000032
1.634000	-0.000031
1.635000	-0.000030
1.636000	-0.000028
1.637000	-0.000027
1.638000	-0.000026
1.639000	-0.000024
1.640000	-0.000023
1.641000	-0.000022
1.642000	-0.000021
1.643000	-0.000020
1.644000	-0.000019
1.645000	-0.000018
1.646000	-0.000018
1.647000	-0.000017
1.648000	-0.000016
1.649000	-0.000015
1.650000	-0.000014
1.651000	-0.000014
1.652000	-0.000013
1.653000	-0.000013
1.654000	-0.000012
1.655000	-0.000011
1.656000	-0.000011
1.657000	-0.000010
1.658000	-0.000010
1.659000	-0.000009
1.660000	-0.000009
1.661000	-0.000008
1.662000	-0.000008
1.663000	-0.000008
1.664000	-0.000007
1.665000	-0.000007
1.666000	-0.000007
1.667000	-0.000006
1.668000	-0.000006
1.669000	-0.000006
1.670000	-0.000005
1.671000	-0.000005
1.672000	-0.000005
1.673000	-0.000005
1.674000	-0.000004
1.675000	-0.000004
1.676000	-0.000004
1.677000	-0.000004
1.678000	-0.000004
1.679000	-0.000003
1.680000	-0.000003
1.681000	-0.000003
1.682000	-0.000003
1.683000	-0.000003
1.684000	-0.000003
1.685000	-0.000003
1.686000	-0.000002
1.687000	-0.000002
1.688000	-0.000002
1.689000	-0.000002
1.690000	-0.000002
1.691000	-0.000002
1.692000	-0.000002
1.693000	-0.000002
1.694000	-0.000002
1.695000	-0.000002
1.696000	-0.000001
1.697000	-0.000001
1.698000	-0.000001
1.699000	-0.000001
1.700000	-0.000001
1.701000	-0.000001
1.702000	-0.000001
1.703000	-0.000001
1.704000	-0.000001
1.705000	-0.000001
1.706000	-0.000001
1.707000	-0.000001
1.708000	-0.000001
1.709000	-0.000001
1.710000	-0.000001
1.711000	-0.000001
1.712000	-0.000001
1.713000	-0.000001
1.714000	-0.000001
1.715000	-0.000001
1.716000	-0.000001
1.717000	-0.000000
1.718000	-0.000000
1.719000	-0.000000
1.720000	-0.000000
1.721000	-0.000000
1.722000	-0.000000
1.723000	-0.000000
1.724000	-0.000000
1.725000	-0.000000
1.726000	-0.000000
1.727000	-0.000000
1.728000	-0.000000
1.729000	-0.000000
1.730000	-0.000000
1.731000	-0.000000
1.732000	-0.000000
1.733000	-0.000000
1.734000	-0.000000
1.735000	-0.000000
1.736000	-0.000000
1.737000	-0.000000
1.738000	-0.000000
1.739000	-0.000000
1.740000	-0.000000
1.741000	-0.000000
1.742000	-0.000000
1.743000	-0.000000
1.744000	-0.000000
1.745000	-0.000000
1.746000	-0.000000
1.747000	-0.000000
1.748000	-0.000000
1.749000	-0.000000
1.750000	-0.000000
1.751000	-0.000000
1.752000	-0.000000
1.753000	-0.000000
1.754000	-0.000000
1.755000	-0.000000
1.756000	-0.000000
1.757000	-0.000000
1.758000	-0.000000
1.759000	-0.000000
1.760000	-0.000000
1.761000	-0.000000
1.762000	-0.000000
1.763000	-0.000000
1.764000	-0.000000
1.765000	-0.000000
1.766000	-0.000000
1.767000	-0.000000
1.768000	-0.000000
1.769000	-0.000000
1.770000	-0.000000
1.771000	-0.000000
1.772000	-0.000000
1.773000	-0.000000
1.774000	-0.000000
1.775000	-0.000000
1.776000	-0.000000
1.777000	-0.000000
1.778000	-0.000000
1.779000	-0.000000
1.780000	-0.000000
1.781000	-0.000000
1.782000	-0.000000
1.783000	-0.000000
1.784000	-0.000000
1.785000	-0.000000
1.786000	-0.000000
1.787000	-0.000000
1.788000	-0.000000
1.789000	-0.000000
1.790000	-0.000000
1.791000	-0.000000
1.792000	-0.000000
1.793000	-0.000000
1.794000	-0.000000
1.795000	-0.000000
1.796000	-0.000000
1.797000	-0.000000
1.798000	-0.000000
1.799000	-0.000000
1.800000	-0.000000
1.801000	-0.000000
1.802000	-0.000000
1.803000	-0.000000
1.804000	-0.000000
1.805000	-0.000000
1.806000	-0.000000
1.807000	-0.000000
1.808000	-0.000000
1.809000	-0.000000
1.810000	-0.000000
1.811000	-0.000000
1.812000	-0.000000
1.813000	-0.000000
1.814000	-0.000000
1.815000	-0.000000
1.816000	-0.000000
1.817000	-0.000000
1.818000	-0.000000
1.819000	-0.000000
1.820000	-0.000000
1.821000	-0.000000
1.822000	-0.000000
1.823000	-0.000000
1.824000	-0.000000
1.825000	-0.000000
1.826000	-0.000000
1.827000	-0.000000
1.828000	-0.000000
1.829000	-0.000000
1.830000	-0.000000
1.831000	-0.000000
1.832000	-0.000000
1.833000	-0.000000
1.834000	-0.000000
1.835000	-0.000000
1.836000	-0.000000
1.837000	-0.000000
1.838000	-0.000000
1.839000	-0.000000
1.840000	-0.000000
1.841000	-0.000000
1.842000	-0.000000
1.843000	-0.000000
1.844000	-0.000000
1.845000	-0.000000
1.846000	-0.000000
1.847000	-0.000000
1.848000	-0.000000
1.849000	-0.000000
1.850000	-0.000000
1.851000	-0.000000
1.852000	-0.000000
1.853000	-0.000000
1.854000	-0.000000
1.855000	-0.000000
1.856000	-0.000000
1.857000	-0.000000
1.858000	-0.000000
1.859000	-0.000000
1.860000	-0.000000
1.861000	-0.000000
1.862000	-0.000000
1.863000	-0.000000
1.864000	-0.000000
1.865000	-0.000000
1.866000	-0.000000
1.867000	-0.000000
1.868000	-0.000000
1.869000	-0.000000
1.870000	-0.000000
1.871000	-0.000000
1.872000	-0.000000
1.873000	-0.000000
1.874000	-0.000000
1.875000	-0.000000
1.876000	-0.000000
1.877000	-0.000000
1.878000	-0.000000
1.879000	-0.000000
1.880000	-0.000000
1.881000	-0.000000
1.882000	-0.000000
1.883000	-0.000000
1.884000	-0.000000
1.885000	-0.000000
1.886000	-0.000000
1.887000	-0.000000
1.888000	-0.000000
1.889000	-0.000000
1.890000	-0.000000
1.891000	-0.000000
1.892000	-0.000000
1.893000	-0.000000
1.894000	-0.000000
1.895000	-0.000000
1.896000	-0.000000
1.897000	-0.000000
1.898000	-0.000000
1.899000	-0.000000
1.900000	-0.000000
1.901000	-0.000000
1.902000	-0.000000
1.903000	-0.000000
1.904000	-0.000000
1.905000	-0.000000
1.906000	-0.000000
1.907000	-0.000000
1.908000	-0.000000
1.909000	-0.000000
1.910000	-0.000000
1.911000	-0.000000
1.912000	-0.000000
1.913000	-0.000000
1.914000	-0.000000
1.915000	-0.000000
1.916000	-0.000000
1.917000	-0.000000
1.918000	-0.000000
1.919000	-0.000000
1.920000	-0.000000
1.921000	-0.000000
1.922000	-0.000000
1.923000	-0.000000
1.924000	-0.000000
1.925000	-0.000000
1.926000	-0.000000
1.927000	-0.000000
1.928000	-0.000000
1.929000	-0.000000
1.930000	-0.000000
1.931000	-0.000000
1.932000	-0.000000
1.933000	-0.000000
1.934000	-0.000000
1.935000	-0.000000
1.936000	-0.000000
1.937000	-0.000000
1.938000	-0.000000
1.939000	-0.000000
1.940000	-0.000000
1.941000	-0.000000
1.942000	-0.000000
1.943000	-0.000000
1.944000	-0.000000
1.945000	-0.000000
1.946000	-0.000000
1.947000	-0.000000
1.948000	-0.000000
1.949000	-0.000000
1.950000	-0.000000
1.951000	-0.000000
1.952000	-0.000000
1.953000	-0.000000
1.954000	-0.000000
1.955000	-0.000000
1.956000	-0.000000
1.957000	-0.000000
1.958000	-0.000000
1.959000	-0.000000
1.960000	-0.000000
1.961000	-0.000000
1.962000	-0.000000
1.963000	-0.000000
1.964000	-0.000000
1.965000	-0.000000
1.966000	-0.000000
1.967000	-0.000000
1.968000	-0.000000
1.969000	-0.000000
1.970000	-0.000000
1.971000	-0.000000
1.972000	-0.000000
1.973000	-0.000000
1.974000	-0.000000
1.975000	-0.000000
1.976000	-0.000000
1.977000	-0.000000
1.978000	-0.000000
1.979000	-0.000000
1.980000	-0.000000
1.981000	-0.000000
1.982000	-0.000000
1.983000	-0.000000
1.984000	-0.000000
1.985000	-0.000000
1.986000	-0.000000
1.987000	-0.000000
1.988000	-0.000000
1.989000	-0.000000
1.990000	-0.000000
1.991000	-0.000000
1.992000	-0.000000
1.993000	-0.000000
1.994000	-0.000000
1.995000	-0.000000
1.996000	-0.000000
1.997000	-0.000000
1.998000	-0.000000
1.999000	-0.000000
2.000000	-0.000000
