0.000000	0.000000
0.001000	-0.000001
0.002000	-0.000002
0.003000	-0.000004
0.004000	-0.000005
0.005000	-0.000007
0.006000	-0.000009
0.007000	-0.000011
0.008000	-0.000014
0.009000	-0.000017
0.010000	-0.000021
0.011000	-0.000025
0.012000	-0.000029
0.013000	-0.000034
0.014000	-0.000040
0.015000	-0.000046
0.016000	-0.000054
0.017000	-0.000062
0.018000	-0.000071
0.019000	-0.000081
0.020000	-0.000093
0.021000	-0.000106
0.022000	-0.000120
0.023000	-0.000136
0.024000	-0.000154
0.025000	-0.000174
0.026000	-0.000196
0.027000	-0.000221
0.028000	-0.000248
0.029000	-0.000278
0.030000	-0.000311
0.031000	-0.000348
0.032000	-0.000388
0.033000	-0.000432
0.034000	-0.000481
0.035000	-0.000534
0.036000	-0.000592
0.037000	-0.000655
0.038000	-0.000724
0.039000	-0.000799
0.040000	-0.000880
0.041000	-0.000968
0.042000	-0.001064
0.043000	-0.001167
0.044000	-0.001278
0.045000	-0.001398
0.046000	-0.001527
0.047000	-0.001666
0.048000	-0.001814
0.049000	-0.001973
0.050000	-0.002142
0.051000	-0.002323
0.052000	-0.002515
0.053000	-0.002719
0.054000	-0.002935
0.055000	-0.003163
0.056000	-0.003405
0.057000	-0.003659
0.058000	-0.003927
0.059000	-0.004208
0.060000	-0.004502
0.061000	-0.004809
0.062000	-0.005130
0.063000	-0.005463
0.064000	-0.005810
0.065000	-0.006169
0.066000	-0.006540
0.067000	-0.006922
0.068000	-0.007316
0.069000	-0.007719
0.070000	-0.008132
0.071000	-0.008554
0.072000	-0.008983
0.073000	-0.009418
0.074000	-0.009858
0.075000	-0.010301
0.076000	-0.010747
0.077000	-0.011193
0.078000	-0.011638
0.079000	-0.012079
0.080000	-0.012516
0.081000	-0.012945
0.082000	-0.013366
0.083000	-0.013775
0.084000	-0.014171
0.085000	-0.014551
0.086000	-0.014914
0.087000	-0.015255
0.088000	-0.015574
0.089000	-0.015869
0.090000	-0.016135
0.091000	-0.016373
0.092000	-0.016578
0.093000	-0.016749
0.094000	-0.016884
0.095000	-0.016982
0.096000	-0.017039
0.097000	-0.017054
0.098000	-0.017026
0.099000	-0.016954
0.100000	-0.016835
0.101000	-0.016670
0.102000	-0.016456
0.103000	-0.016194
0.104000	-0.015884
0.105000	-0.015524
0.106000	-0.015115
0.107000	-0.014658
0.108000	-0.014153
0.109000	-0.013601
0.110000	-0.013003
0.111000	-0.012360
0.112000	-0.011674
0.113000	-0.010947
0.114000	-0.010181
0.115000	-0.009379
0.116000	-0.008542
0.117000	-0.007674
0.118000	-0.006778
0.119000	-0.005857
0.120000	-0.004914
0.121000	-0.003952
0.122000	-0.002976
0.123000	-0.001988
0.124000	-0.000993
0.125000	0.000006
0.126000	0.001006
0.127000	0.002001
0.128000	0.002989
0.129000	0.003965
0.130000	0.004927
0.131000	0.005870
0.132000	0.006791
0.133000	0.007687
0.134000	0.008555
0.135000	0.009392
0.136000	0.010194
0.137000	0.010960
0.138000	0.011687
0.139000	0.012373
0.140000	0.013015
0.141000	0.013614
0.142000	0.014166
0.143000	0.014671
0.144000	0.015128
0.145000	0.015537
0.146000	0.015897
0.147000	0.016207
0.148000	0.016469
0.149000	0.016683
0.150000	0.016848
0.151000	0.016967
0.152000	0.017039
0.153000	0.017067
0.154000	0.017052
0.155000	0.016995
0.156000	0.016897
0.157000	0.016762
0.158000	0.016591
0.159000	0.016386
0.160000	0.016148
0.161000	0.015882
0.162000	0.015587
0.163000	0.015268
0.164000	0.014926
0.165000	0.014564
0.166000	0.014184
0.167000	0.013788
0.168000	0.013379
0.169000	0.012958
0.170000	0.012529
0.171000	0.012092
0.172000	0.011651
0.173000	0.011206
0.174000	0.010760
0.175000	0.010314
0.176000	0.009871
0.177000	0.009431
0.178000	0.008996
0.179000	0.008567
0.180000	0.008145
0.181000	0.007732
0.182000	0.007329
0.183000	0.006935
0.184000	0.006553
0.185000	0.006182
0.186000	0.005823
0.187000	0.005476
0.188000	0.005143
0.189000	0.004822
0.190000	0.004515
0.191000	0.004221
0.192000	0.003940
0.193000	0.003672
0.194000	0.003418
0.195000	0.003176
0.196000	0.002948
0.197000	0.002732
0.198000	0.002528
0.199000	0.002336
0.200000	0.002155
0.201000	0.001986
0.202000	0.001827
0.203000	0.001679
0.204000	0.001540
0.205000	0.001411
0.206000	0.001291
0.207000	0.001180
0.208000	0.001077
0.209000	0.000981
0.210000	0.000893
0.211000	0.000812
0.212000	0.000737
0.213000	0.000668
0.214000	0.000605
0.215000	0.000547
0.216000	0.000494
0.217000	0.000445
0.218000	0.000401
0.219000	0.000361
0.220000	0.000324
0.221000	0.000291
0.222000	0.000261
0.223000	0.000234
0.224000	0.000209
0.225000	0.000187
0.226000	0.000167
0.227000	0.000149
0.228000	0.000133
0.229000	0.000119
0.230000	0.000106
0.231000	0.000094
0.232000	0.000084
0.233000	0.000075
0.234000	0.000067
0.235000	0.000059
0.236000	0.000053
0.237000	0.000047
0.238000	0.000042
0.239000	0.000038
0.240000	0.000034
0.241000	0.000030
0.242000	0.000027
0.243000	0.000024
0.244000	0.000022
0.245000	0.000020
0.246000	0.000018
0.247000	0.000017
0.248000	0.000015
0.249000	0.000014
0.250000	0.000013
0.251000	0.000012
0.252000	0.000011
0.253000	0.000011
0.254000	0.000010
0.255000	0.000009
0.256000	0.000009
0.257000	0.000009
0.258000	0.000008
0.259000	0.000008
0.260000	0.000008
0.261000	0.000008
0.262000	0.000007
0.263000	0.000007
0.264000	0.000007
0.265000	0.000007
0.266000	0.000007
0.267000	0.000007
0.268000	0.000007
0.269000	0.000007
0.270000	0.000007
0.271000	0.000007
0.272000	0.000007
0.273000	0.000007
0.274000	0.000007
0.275000	0.000007
0.276000	0.000007
0.277000	0.000007
0.278000	0.000007
0.279000	0.000007
0.280000	0.000007
0.281000	0.000007
0.282000	0.000007
0.283000	0.000006
0.284000	0.000006
0.285000	0.000006
0.286000	0.000006
0.287000	0.000006
0.288000	0.000006
0.289000	0.000006
0.290000	0.000006
0.291000	0.000006
0.292000	0.000006
0.293000	0.000006
0.294000	0.000006
0.295000	0.000006
0.296000	0.000006
0.297000	0.000006
0.298000	0.000006
0.299000	0.000006
0.300000	0.000006
0.301000	0.000006
0.302000	0.000006
0.303000	0.000006
0.304000	0.000006
0.305000	0.000006
0.306000	0.000006
0.307000	0.000006
0.308000	0.000006
0.309000	0.000006
0.310000	0.000006
0.311000	0.000006
0.312000	0.000006
0.313000	0.000006
0.314000	0.000006
0.315000	0.000006
0.316000	0.000006
0.317000	0.000006
0.318000	0.000006
0.319000	0.000006
0.320000	0.000006
0.321000	0.000006
0.322000	0.000006
0.323000	0.000006
0.324000	0.000006
0.325000	0.000006
0.326000	0.000006
0.327000	0.000006
0.328000	0.000006
0.329000	0.000006
0.330000	0.000006
0.331000	0.000006
0.332000	0.000006
0.333000	0.000006
0.334000	0.000006
0.335000	0.000006
0.336000	0.000006
0.337000	0.000006
0.338000	0.000006
0.339000	0.000006
0.340000	0.000006
0.341000	0.000006
0.342000	0.000006
0.343000	0.000006
0.344000	0.000006
0.345000	0.000006
0.346000	0.000006
0.347000	0.000006
0.348000	0.000006
0.349000	0.000006
0.350000	0.000006
0.351000	0.000006
0.352000	0.000006
0.353000	0.000006
0.354000	0.000006
0.355000	0.000006
0.356000	0.000006
0.357000	0.000006
0.358000	0.000006
0.359000	0.000006
0.360000	0.000006
0.361000	0.000006
0.362000	0.000006
0.363000	0.000006
0.364000	0.000006
0.365000	0.000006
0.366000	0.000006
0.367000	0.000006
0.368000	0.000006
0.369000	0.000006
0.370000	0.000006
0.371000	0.000006
0.372000	0.000006
0.373000	0.000006
0.374000	0.000006
0.375000	0.000006
0.376000	0.000006
0.377000	0.000006
0.378000	0.000006
0.379000	0.000006
0.380000	0.000006
0.381000	0.000006
0.382000	0.000006
0.383000	0.000006
0.384000	0.000006
0.385000	0.000006
0.386000	0.000006
0.387000	0.000006
0.388000	0.000006
0.389000	0.000006
0.390000	0.000006
0.391000	0.000006
0.392000	0.000006
0.393000	0.000006
0.394000	0.000006
0.395000	0.000006
0.396000	0.000006
0.397000	0.000006
0.398000	0.000006
0.399000	0.000006
0.400000	0.000006
0.401000	0.000006
0.402000	0.000006
0.403000	0.000006
0.404000	0.000006
0.405000	0.000006
0.406000	0.000006
0.407000	0.000006
0.408000	0.000006
0.409000	0.000006
0.410000	0.000006
0.411000	0.000006
0.412000	0.000006
0.413000	0.000006
0.414000	0.000006
0.415000	0.000006
0.416000	0.000006
0.417000	0.000006
0.418000	0.000006
0.419000	0.000006
0.420000	0.000006
0.421000	0.000006
0.422000	0.000006
0.423000	0.000006
0.424000	0.000006
0.425000	0.000006
0.426000	0.000006
0.427000	0.000006
0.428000	0.000006
0.429000	0.000006
0.430000	0.000006
0.431000	0.000006
0.432000	0.000006
0.433000	0.000006
0.434000	0.000006
0.435000	0.000006
0.436000	0.000006
0.437000	0.000006
0.438000	0.000006
0.439000	0.000006
0.440000	0.000006
0.441000	0.000006
0.442000	0.000006
0.443000	0.000006
0.444000	0.000006
0.445000	0.000006
0.446000	0.000006
0.447000	0.000006
0.448000	0.000006
0.449000	0.000006
0.450000	0.000006
0.451000	0.000006
0.452000	0.000006
0.453000	0.000006
0.454000	0.000006
0.455000	0.000006
0.456000	0.000006
0.457000	0.000006
0.458000	0.000006
0.459000	0.000006
0.460000	0.000006
0.461000	0.000006
0.462000	0.000006
0.463000	0.000006
0.464000	0.000006
0.465000	0.000006
0.466000	0.000006
0.467000	0.000006
0.468000	0.000006
0.469000	0.000006
0.470000	0.000006
0.471000	0.000006
0.472000	0.000006
0.473000	0.000006
0.474000	0.000006
0.475000	0.000006
0.476000	0.000006
0.477000	0.000006
0.478000	0.000006
0.479000	0.000006
0.480000	0.000006
0.481000	0.000006
0.482000	0.000006
0.483000	0.000006
0.484000	0.000006
0.485000	0.000006
0.486000	0.000006
0.487000	0.000006
0.488000	0.000006
0.489000	0.000006
0.490000	0.000006
0.491000	0.000006
0.492000	0.000006
0.493000	0.000006
0.494000	0.000006
0.495000	0.000006
0.496000	0.000006
0.497000	0.000006
0.498000	0.000006
0.499000	0.000006
0.500000	0.000006
0.501000	0.000006
0.502000	0.000006
0.503000	0.000006
0.504000	0.000006
0.505000	0.000006
0.506000	0.000006
0.507000	0.000006
0.508000	0.000006
0.509000	0.000006
0.510000	0.000006
0.511000	0.000006
0.512000	0.000006
0.513000	0.000006
0.514000	0.000006
0.515000	0.000006
0.516000	0.000006
0.517000	0.000006
0.518000	0.000006
0.519000	0.000006
0.520000	0.000006
0.521000	0.000006
0.522000	0.000006
0.523000	0.000006
0.524000	0.000006
0.525000	0.000006
0.526000	0.000006
0.527000	0.000006
0.528000	0.000006
0.529000	0.000006
0.530000	0.000006
0.531000	0.000006
0.532000	0.000006
0.533000	0.000006
0.534000	0.000006
0.535000	0.000006
0.536000	0.000006
0.537000	0.000006
0.538000	0.000006
0.539000	0.000006
0.540000	0.000006
0.541000	0.000006
0.542000	0.000006
0.543000	0.000006
0.544000	0.000006
0.545000	0.000006
0.546000	0.000006
0.547000	0.000006
0.548000	0.000006
0.549000	0.000006
0.550000	0.000006
0.551000	0.000006
0.552000	0.000006
0.553000	0.000006
0.554000	0.000006
0.555000	0.000006
0.556000	0.000006
0.557000	0.000006
0.558000	0.000006
0.559000	0.000006
0.560000	0.000006
0.561000	0.000006
0.562000	0.000006
0.563000	0.000006
0.564000	0.000006
0.565000	0.000006
0.566000	0.000006
0.567000	0.000006
0.568000	0.000006
0.569000	0.000006
0.570000	0.000006
0.571000	0.000006
0.572000	0.000006
0.573000	0.000006
0.574000	0.000006
0.575000	0.000006
0.576000	0.000006
0.577000	0.000006
0.578000	0.000006
0.579000	0.000006
0.580000	0.000006
0.581000	0.000006
0.582000	0.000006
0.583000	0.000006
0.584000	0.000006
0.585000	0.000006
0.586000	0.000006
0.587000	0.000006
0.588000	0.000006
0.589000	0.000006
0.590000	0.000006
0.591000	0.000006
0.592000	0.000006
0.593000	0.000006
0.594000	0.000006
0.595000	0.000006
0.596000	0.000006
0.597000	0.000006
0.598000	0.000006
0.599000	0.000006
0.600000	0.000006
0.601000	0.000006
0.602000	0.000006
0.603000	0.000006
0.604000	0.000006
0.605000	0.000006
0.606000	0.000006
0.607000	0.000006
0.608000	0.000006
0.609000	0.000006
0.610000	0.000006
0.611000	0.000006
0.612000	0.000006
0.613000	0.000006
0.614000	0.000006
0.615000	0.000006
0.616000	0.000006
0.617000	0.000006
0.618000	0.000006
0.619000	0.000006
0.620000	0.000006
0.621000	0.000006
0.622000	0.000006
0.623000	0.000006
0.624000	0.000006
0.625000	0.000006
0.626000	0.000006
0.627000	0.000006
0.628000	0.000006
0.629000	0.000006
0.630000	0.000006
0.631000	0.000006
0.632000	0.000006
0.633000	0.000006
0.634000	0.000006
0.635000	0.000006
0.636000	0.000006
0.637000	0.000006
0.638000	0.000006
0.639000	0.000006
0.640000	0.000006
0.641000	0.000006
0.642000	0.000006
0.643000	0.000006
0.644000	0.000006
0.645000	0.000006
0.646000	0.000006
0.647000	0.000006
0.648000	0.000006
0.649000	0.000006
0.650000	0.000006
0.651000	0.000006
0.652000	0.000006
0.653000	0.000006
0.654000	0.000006
0.655000	0.000006
0.656000	0.000006
0.657000	0.000006
0.658000	0.000006
0.659000	0.000006
0.660000	0.000006
0.661000	0.000006
0.662000	0.000006
0.663000	0.000006
0.664000	0.000006
0.665000	0.000006
0.666000	0.000006
0.667000	0.000006
0.668000	0.000006
0.669000	0.000006
0.670000	0.000006
0.671000	0.000006
0.672000	0.000006
0.673000	0.000006
0.674000	0.000006
0.675000	0.000006
0.676000	0.000006
0.677000	0.000006
0.678000	0.000006
0.679000	0.000006
0.680000	0.000006
0.681000	0.000006
0.682000	0.000006
0.683000	0.000006
0.684000	0.000006
0.685000	0.000006
0.686000	0.000006
0.687000	0.000006
0.688000	0.000006
0.689000	0.000006
0.690000	0.000006
0.691000	0.000006
0.692000	0.000006
0.693000	0.000006
0.694000	0.000006
0.695000	0.000006
0.696000	0.000006
0.697000	0.000006
0.698000	0.000006
0.699000	0.000006
0.700000	0.000006
0.701000	0.000006
0.702000	0.000006
0.703000	0.000006
0.704000	0.000006
0.705000	0.000006
0.706000	0.000006
0.707000	0.000006
0.708000	0.000006
0.709000	0.000006
0.710000	0.000006
0.711000	0.000006
0.712000	0.000006
0.713000	0.000006
0.714000	0.000006
0.715000	0.000006
0.716000	0.000006
0.717000	0.000006
0.718000	0.000006
0.719000	0.000006
0.720000	0.000006
0.721000	0.000006
0.722000	0.000006
0.723000	0.000006
0.724000	0.000006
0.725000	0.000006
0.726000	0.000006
0.727000	0.000006
0.728000	0.000006
0.729000	0.000006
0.730000	0.000006
0.731000	0.000006
0.732000	0.000006
0.733000	0.000006
0.734000	0.000006
0.735000	0.000006
0.736000	0.000006
0.737000	0.000006
0.738000	0.000006
0.739000	0.000006
0.740000	0.000006
0.741000	0.000006
0.742000	0.000006
0.743000	0.000006
0.744000	0.000006
0.745000	0.000006
0.746000	0.000006
0.747000	0.000006
0.748000	0.000006
0.749000	0.000006
0.750000	0.000006
0.751000	0.000006
0.752000	0.000006
0.753000	0.000006
0.754000	0.000006
0.755000	0.000006
0.756000	0.000006
0.757000	0.000006
0.758000	0.000006
0.759000	0.000006
0.760000	0.000006
0.761000	0.000006
0.762000	0.000006
0.763000	0.000006
0.764000	0.000006
0.765000	0.000006
0.766000	0.000006
0.767000	0.000006
0.768000	0.000006
0.769000	0.000006
0.770000	0.000006
0.771000	0.000006
0.772000	0.000006
0.773000	0.000006
0.774000	0.000006
0.775000	0.000006
0.776000	0.000006
0.777000	0.000006
0.778000	0.000006
0.779000	0.000006
0.780000	0.000006
0.781000	0.000006
0.782000	0.000006
0.783000	0.000006
0.784000	0.000006
0.785000	0.000006
0.786000	0.000006
0.787000	0.000006
0.788000	0.000006
0.789000	0.000006
0.790000	0.000006
0.791000	0.000006
0.792000	0.000006
0.793000	0.000006
0.794000	0.000006
0.795000	0.000006
0.796000	0.000006
0.797000	0.000006
0.798000	0.000006
0.799000	0.000006
0.800000	0.000006
0.801000	0.000006
0.802000	0.000006
0.803000	0.000006
0.804000	0.000006
0.805000	0.000006
0.806000	0.000006
0.807000	0.000006
0.808000	0.000006
0.809000	0.000006
0.810000	0.000006
0.811000	0.000006
0.812000	0.000006
0.813000	0.000006
0.814000	0.000006
0.815000	0.000006
0.816000	0.000006
0.817000	0.000006
0.818000	0.000006
0.819000	0.000006
0.820000	0.000006
0.821000	0.000006
0.822000	0.000006
0.823000	0.000006
0.824000	0.000006
0.825000	0.000006
0.826000	0.000006
0.827000	0.000006
0.828000	0.000006
0.829000	0.000006
0.830000	0.000006
0.831000	0.000006
0.832000	0.000006
0.833000	0.000006
0.834000	0.000006
0.835000	0.000006
0.836000	0.000006
0.837000	0.000006
0.838000	0.000006
0.839000	0.000006
0.840000	0.000006
0.841000	0.000006
0.842000	0.000006
0.843000	0.000006
0.844000	0.000006
0.845000	0.000006
0.846000	0.000006
0.847000	0.000006
0.848000	0.000006
0.849000	0.000006
0.850000	0.000006
0.851000	0.000006
0.852000	0.000006
0.853000	0.000006
0.854000	0.000006
0.855000	0.000006
0.856000	0.000006
0.857000	0.000006
0.858000	0.000006
0.859000	0.000006
0.860000	0.000006
0.861000	0.000006
0.862000	0.000006
0.863000	0.000006
0.864000	0.000006
0.865000	0.000006
0.866000	0.000006
0.867000	0.000006
0.868000	0.000006
0.869000	0.000006
0.870000	0.000006
0.871000	0.000006
0.872000	0.000006
0.873000	0.000006
0.874000	0.000006
0.875000	0.000006
0.876000	0.000006
0.877000	0.000006
0.878000	0.000006
0.879000	0.000006
0.880000	0.000006
0.881000	0.000006
0.882000	0.000006
0.883000	0.000006
0.884000	0.000006
0.885000	0.000006
0.886000	0.000006
0.887000	0.000006
0.888000	0.000006
0.889000	0.000006
0.890000	0.000006
0.891000	0.000006
0.892000	0.000006
0.893000	0.000006
0.894000	0.000006
0.895000	0.000006
0.896000	0.000006
0.897000	0.000006
0.898000	0.000006
0.899000	0.000006
0.900000	0.000006
0.901000	0.000006
0.902000	0.000006
0.903000	0.000006
0.904000	0.000006
0.905000	0.000006
0.906000	0.000006
0.907000	0.000006
0.908000	0.000006
0.909000	0.000006
0.910000	0.000006
0.911000	0.000006
0.912000	0.000006
0.913000	0.000006
0.914000	0.000006
0.915000	0.000006
0.916000	0.000006
0.917000	0.000006
0.918000	0.000006
0.919000	0.000006
0.920000	0.000006
0.921000	0.000006
0.922000	0.000006
0.923000	0.000006
0.924000	0.000006
0.925000	0.000006
0.926000	0.000006
0.927000	0.000006
0.928000	0.000006
0.929000	0.000006
0.930000	0.000006
0.931000	0.000006
0.932000	0.000006
0.933000	0.000006
0.934000	0.000006
0.935000	0.000006
0.936000	0.000006
0.937000	0.000006
0.938000	0.000006
0.939000	0.000006
0.940000	0.000006
0.941000	0.000006
0.942000	0.000006
0.943000	0.000006
0.944000	0.000006
0.945000	0.000006
0.946000	0.000006
0.947000	0.000006
0.948000	0.000006
0.949000	0.000006
0.950000	0.000006
0.951000	0.000006
0.952000	0.000006
0.953000	0.000006
0.954000	0.000006
0.955000	0.000006
0.956000	0.000006
0.957000	0.000006
0.958000	0.000006
0.959000	0.000006
0.960000	0.000006
0.961000	0.000006
0.962000	0.000006
0.963000	0.000006
0.964000	0.000006
0.965000	0.000006
0.966000	0.000006
0.967000	0.000006
0.968000	0.000006
0.969000	0.000006
0.970000	0.000006
0.971000	0.000006
0.972000	0.000006
0.973000	0.000006
0.974000	0.000006
0.975000	0.000006
0.976000	0.000006
0.977000	0.000006
0.978000	0.000006
0.979000	0.000006
0.980000	0.000006
0.981000	0.000006
0.982000	0.000006
0.983000	0.000006
0.984000	0.000006
0.985000	0.000006
0.986000	0.000006
0.987000	0.000006
0.988000	0.000006
0.989000	0.000006
0.990000	0.000006
0.991000	0.000006
0.992000	0.000006
0.993000	0.000006
0.994000	0.000006
0.995000	0.000006
0.996000	0.000006
0.997000	0.000006
0.998000	0.000006
0.999000	0.000006
1.000000	0.000006
1.001000	0.000006
1.002000	0.000006
1.003000	0.000006
1.004000	0.000006
1.005000	0.000006
1.006000	0.000006
1.007000	0.000006
1.008000	0.000006
1.009000	0.000006
1.010000	0.000006
1.011000	0.000006
1.012000	0.000006
1.013000	0.000006
1.014000	0.000006
1.015000	0.000006
1.016000	0.000006
1.017000	0.000006
1.018000	0.000006
1.019000	0.000006
1.020000	0.000006
1.021000	0.000006
1.022000	0.000006
1.023000	0.000006
1.024000	0.000006
1.025000	0.000006
1.026000	0.000006
1.027000	0.000006
1.028000	0.000006
1.029000	0.000006
1.030000	0.000006
1.031000	0.000006
1.032000	0.000006
1.033000	0.000006
1.034000	0.000006
1.035000	0.000006
1.036000	0.000006
1.037000	0.000006
1.038000	0.000006
1.039000	0.000006
1.040000	0.000006
1.041000	0.000006
1.042000	0.000006
1.043000	0.000006
1.044000	0.000006
1.045000	0.000006
1.046000	0.000006
1.047000	0.000006
1.048000	0.000006
1.049000	0.000006
1.050000	0.000006
1.051000	0.000006
1.052000	0.000006
1.053000	0.000006
1.054000	0.000006
1.055000	0.000006
1.056000	0.000006
1.057000	0.000006
1.058000	0.000006
1.059000	0.000006
1.060000	0.000006
1.061000	0.000006
1.062000	0.000006
1.063000	0.000006
1.064000	0.000006
1.065000	0.000006
1.066000	0.000006
1.067000	0.000006
1.068000	0.000006
1.069000	0.000006
1.070000	0.000006
1.071000	0.000006
1.072000	0.000006
1.073000	0.000006
1.074000	0.000006
1.075000	0.000006
1.076000	0.000006
1.077000	0.000006
1.078000	0.000006
1.079000	0.000006
1.080000	0.000006
1.081000	0.000006
1.082000	0.000006
1.083000	0.000006
1.084000	0.000006
1.085000	0.000006
1.086000	0.000006
1.087000	0.000006
1.088000	0.000006
1.089000	0.000006
1.090000	0.000006
1.091000	0.000006
1.092000	0.000006
1.093000	0.000006
1.094000	0.000006
1.095000	0.000006
1.096000	0.000006
1.097000	0.000006
1.098000	0.000006
1.099000	0.000006
1.100000	0.000006
1.101000	0.000006
1.102000	0.000006
1.103000	0.000006
1.104000	0.000006
1.105000	0.000006
1.106000	0.000006
1.107000	0.000006
1.108000	0.000006
1.109000	0.000006
1.110000	0.000006
1.111000	0.000006
1.112000	0.000006
1.113000	0.000006
1.114000	0.000006
1.115000	0.000006
1.116000	0.000006
1.117000	0.000006
1.118000	0.000006
1.119000	0.000006
1.120000	0.000006
1.121000	0.000006
1.122000	0.000006
1.123000	0.000006
1.124000	0.000006
1.125000	0.000006
1.126000	0.000006
1.127000	0.000006
1.128000	0.000006
1.129000	0.000006
1.130000	0.000006
1.131000	0.000006
1.132000	0.000006
1.133000	0.000006
1.134000	0.000006
1.135000	0.000006
1.136000	0.000006
1.137000	0.000006
1.138000	0.000006
1.139000	0.000006
1.140000	0.000006
1.141000	0.000006
1.142000	0.000006
1.143000	0.000006
1.144000	0.000006
1.145000	0.000006
1.146000	0.000006
1.147000	0.000006
1.148000	0.000006
1.149000	0.000006
1.150000	0.000006
1.151000	0.000006
1.152000	0.000006
1.153000	0.000006
1.154000	0.000006
1.155000	0.000006
1.156000	0.000006
1.157000	0.000006
1.158000	0.000006
1.159000	0.000006
1.160000	0.000006
1.161000	0.000006
1.162000	0.000006
1.163000	0.000006
1.164000	0.000006
1.165000	0.000006
1.166000	0.000006
1.167000	0.000006
1.168000	0.000006
1.169000	0.000006
1.170000	0.000006
1.171000	0.000006
1.172000	0.000006
1.173000	0.000006
1.174000	0.000006
1.175000	0.000006
1.176000	0.000006
1.177000	0.000006
1.178000	0.000006
1.179000	0.000006
1.180000	0.000006
1.181000	0.000006
1.182000	0.000006
1.183000	0.000006
1.184000	0.000006
1.185000	0.000006
1.186000	0.000006
1.187000	0.000006
1.188000	0.000006
1.189000	0.000006
1.190000	0.000006
1.191000	0.000006
1.192000	0.000006
1.193000	0.000006
1.194000	0.000006
1.195000	0.000006
1.196000	0.000006
1.197000	0.000006
1.198000	0.000006
1.199000	0.000006
1.200000	0.000006
1.201000	0.000006
1.202000	0.000006
1.203000	0.000006
1.204000	0.000006
1.205000	0.000006
1.206000	0.000006
1.207000	0.000006
1.208000	0.000006
1.209000	0.000006
1.210000	0.000006
1.211000	0.000006
1.212000	0.000006
1.213000	0.000006
1.214000	0.000006
1.215000	0.000006
1.216000	0.000006
1.217000	0.000006
1.218000	0.000006
1.219000	0.000006
1.220000	0.000006
1.221000	0.000006
1.222000	0.000006
1.223000	0.000006
1.224000	0.000006
1.225000	0.000006
1.226000	0.000006
1.227000	0.000006
1.228000	0.000006
1.229000	0.000006
1.230000	0.000006
1.231000	0.000006
1.232000	0.000006
1.233000	0.000006
1.234000	0.000006
1.235000	0.000006
1.236000	0.000006
1.237000	0.000006
1.238000	0.000006
1.239000	0.000006
1.240000	0.000006
1.241000	0.000006
1.242000	0.000006
1.243000	0.000006
1.244000	0.000006
1.245000	0.000006
1.246000	0.000006
1.247000	0.000006
1.248000	0.000006
1.249000	0.000006
1.250000	0.000006
1.251000	0.000006
1.252000	0.000006
1.253000	0.000006
1.254000	0.000006
1.255000	0.000006
1.256000	0.000006
1.257000	0.000006
1.258000	0.000006
1.259000	0.000006
1.260000	0.000006
1.261000	0.000006
1.262000	0.000006
1.263000	0.000006
1.264000	0.000006
1.265000	0.000006
1.266000	0.000006
1.267000	0.000006
1.268000	0.000006
1.269000	0.000006
1.270000	0.000006
1.271000	0.000006
1.272000	0.000006
1.273000	0.000006
1.274000	0.000006
1.275000	0.000006
1.276000	0.000006
1.277000	0.000006
1.278000	0.000006
1.279000	0.000006
1.280000	0.000006
1.281000	0.000006
1.282000	0.000006
1.283000	0.000006
1.284000	0.000006
1.285000	0.000006
1.286000	0.000006
1.287000	0.000006
1.288000	0.000006
1.289000	0.000006
1.290000	0.000006
1.291000	0.000006
1.292000	0.000006
1.293000	0.000006
1.294000	0.000006
1.295000	0.000006
1.296000	0.000006
1.297000	0.000006
1.298000	0.000006
1.299000	0.000006
1.300000	0.000006
1.301000	0.000006
1.302000	0.000006
1.303000	0.000006
1.304000	0.000006
1.305000	0.000006
1.306000	0.000006
1.307000	0.000006
1.308000	0.000006
1.309000	0.000006
1.310000	0.000006
1.311000	0.000006
1.312000	0.000006
1.313000	0.000006
1.314000	0.000006
1.315000	0.000006
1.316000	0.000006
1.317000	0.000006
1.318000	0.000006
1.319000	0.000006
1.320000	0.000006
1.321000	0.000006
1.322000	0.000006
1.323000	0.000006
1.324000	0.000006
1.325000	0.000006
1.326000	0.000006
1.327000	0.000006
1.328000	0.000006
1.329000	0.000006
1.330000	0.000006
1.331000	0.000006
1.332000	0.000006
1.333000	0.000006
1.334000	0.000006
1.335000	0.000006
1.336000	0.000006
1.337000	0.000006
1.338000	0.000006
1.339000	0.000006
1.340000	0.000006
1.341000	0.000006
1.342000	0.000006
1.343000	0.000006
1.344000	0.000006
1.345000	0.000006
1.346000	0.000006
1.347000	0.000006
1.348000	0.000006
1.349000	0.000006
1.350000	0.000006
1.351000	0.000006
1.352000	0.000006
1.353000	0.000006
1.354000	0.000006
1.355000	0.000006
1.356000	0.000006
1.357000	0.000006
1.358000	0.000006
1.359000	0.000006
1.360000	0.000006
1.361000	0.000006
1.362000	0.000006
1.363000	0.000006
1.364000	0.000006
1.365000	0.000006
1.366000	0.000006
1.367000	0.000006
1.368000	0.000006
1.369000	0.000006
1.370000	0.000006
1.371000	0.000006
1.372000	0.000006
1.373000	0.000006
1.374000	0.000006
1.375000	0.000006
1.376000	0.000006
1.377000	0.000006
1.378000	0.000006
1.379000	0.000006
1.380000	0.000006
1.381000	0.000006
1.382000	0.000006
1.383000	0.000006
1.384000	0.000006
1.385000	0.000006
1.386000	0.000006
1.387000	0.000006
1.388000	0.000006
1.389000	0.000006
1.390000	0.000006
1.391000	0.000006
1.392000	0.000006
1.393000	0.000006
1.394000	0.000006
1.395000	0.000006
1.396000	0.000006
1.397000	0.000006
1.398000	0.000006
1.399000	0.000006
1.400000	0.000006
1.401000	0.000006
1.402000	0.000006
1.403000	0.000006
1.404000	0.000006
1.405000	0.000006
1.406000	0.000006
1.407000	0.000006
1.408000	0.000006
1.409000	0.000006
1.410000	0.000006
1.411000	0.000006
1.412000	0.000006
1.413000	0.000006
1.414000	0.000006
1.415000	0.000006
1.416000	0.000006
1.417000	0.000006
1.418000	0.000006
1.419000	0.000006
1.420000	0.000006
1.421000	0.000006
1.422000	0.000006
1.423000	0.000006
1.424000	0.000006
1.425000	0.000006
1.426000	0.000006
1.427000	0.000006
1.428000	0.000006
1.429000	0.000006
1.430000	0.000006
1.431000	0.000006
1.432000	0.000006
1.433000	0.000006
1.434000	0.000006
1.435000	0.000006
1.436000	0.000006
1.437000	0.000006
1.438000	0.000006
1.439000	0.000006
1.440000	0.000006
1.441000	0.000006
1.442000	0.000006
1.443000	0.000006
1.444000	0.000006
1.445000	0.000006
1.446000	0.000006
1.447000	0.000006
1.448000	0.000006
1.449000	0.000006
1.450000	0.000006
1.451000	0.000006
1.452000	0.000006
1.453000	0.000006
1.454000	0.000006
1.455000	0.000006
1.456000	0.000006
1.457000	0.000006
1.458000	0.000006
1.459000	0.000006
1.460000	0.000006
1.461000	0.000006
1.462000	0.000006
1.463000	0.000006
1.464000	0.000006
1.465000	0.000006
1.466000	0.000006
1.467000	0.000006
1.468000	0.000006
1.469000	0.000006
1.470000	0.000006
1.471000	0.000006
1.472000	0.000006
1.473000	0.000006
1.474000	0.000006
1.475000	0.000006
1.476000	0.000006
1.477000	0.000006
1.478000	0.000006
1.479000	0.000006
1.480000	0.000006
1.481000	0.000006
1.482000	0.000006
1.483000	0.000006
1.484000	0.000006
1.485000	0.000006
1.486000	0.000006
1.487000	0.000006
1.488000	0.000006
1.489000	0.000006
1.490000	0.000006
1.491000	0.000006
1.492000	0.000006
1.493000	0.000006
1.494000	0.000006
1.495000	0.000006
1.496000	0.000006
1.497000	0.000006
1.498000	0.000006
1.499000	0.000006
1.500000	0.000006
1.501000	0.000006
1.502000	0.000006
1.503000	0.000006
1.504000	0.000006
1.505000	0.000006
1.506000	0.000006
1.507000	0.000006
1.508000	0.000006
1.509000	0.000006
1.510000	0.000006
1.511000	0.000006
1.512000	0.000006
1.513000	0.000006
1.514000	0.000006
1.515000	0.000006
1.516000	0.000006
1.517000	0.000006
1.518000	0.000006
1.519000	0.000006
1.520000	0.000006
1.521000	0.000006
1.522000	0.000006
1.523000	0.000006
1.524000	0.000006
1.525000	0.000006
1.526000	0.000006
1.527000	0.000006
1.528000	0.000006
1.529000	0.000006
1.530000	0.000006
1.531000	0.000006
1.532000	0.000006
1.533000	0.000006
1.534000	0.000006
1.535000	0.000006
1.536000	0.000006
1.537000	0.000006
1.538000	0.000006
1.539000	0.000006
1.540000	0.000006
1.541000	0.000006
1.542000	0.000006
1.543000	0.000006
1.544000	0.000006
1.545000	0.000006
1.546000	0.000006
1.547000	0.000006
1.548000	0.000006
1.549000	0.000006
1.550000	0.000006
1.551000	0.000006
1.552000	0.000006
1.553000	0.000006
1.554000	0.000006
1.555000	0.000006
1.556000	0.000006
1.557000	0.000006
1.558000	0.000006
1.559000	0.000006
1.560000	0.000006
1.561000	0.000006
1.562000	0.000006
1.563000	0.000006
1.564000	0.000006
1.565000	0.000006
1.566000	0.000006
1.567000	0.000006
1.568000	0.000006
1.569000	0.000006
1.570000	0.000006
1.571000	0.000006
1.572000	0.000006
1.573000	0.000006
1.574000	0.000006
1.575000	0.000006
1.576000	0.000006
1.577000	0.000006
1.578000	0.000006
1.579000	0.000006
1.580000	0.000006
1.581000	0.000006
1.582000	0.000006
1.583000	0.000006
1.584000	0.000006
1.585000	0.000006
1.586000	0.000006
1.587000	0.000006
1.588000	0.000006
1.589000	0.000006
1.590000	0.000006
1.591000	0.000006
1.592000	0.000006
1.593000	0.000006
1.594000	0.000006
1.595000	0.000006
1.596000	0.000006
1.597000	0.000006
1.598000	0.000006
1.599000	0.000006
1.600000	0.000006
1.601000	0.000006
1.602000	0.000006
1.603000	0.000006
1.604000	0.000006
1.605000	0.000006
1.606000	0.000006
1.607000	0.000006
1.608000	0.000006
1.609000	0.000006
1.610000	0.000006
1.611000	0.000006
1.612000	0.000006
1.613000	0.000006
1.614000	0.000006
1.615000	0.000006
1.616000	0.000006
1.617000	0.000006
1.618000	0.000006
1.619000	0.000006
1.620000	0.000006
1.621000	0.000006
1.622000	0.000006
1.623000	0.000006
1.624000	0.000006
1.625000	0.000006
1.626000	0.000006
1.627000	0.000006
1.628000	0.000006
1.629000	0.000006
1.630000	0.000006
1.631000	0.000006
1.632000	0.000006
1.633000	0.000006
1.634000	0.000006
1.635000	0.000006
1.636000	0.000006
1.637000	0.000006
1.638000	0.000006
1.639000	0.000006
1.640000	0.000006
1.641000	0.000006
1.642000	0.000006
1.643000	0.000006
1.644000	0.000006
1.645000	0.000006
1.646000	0.000006
1.647000	0.000006
1.648000	0.000006
1.649000	0.000006
1.650000	0.000006
1.651000	0.000006
1.652000	0.000006
1.653000	0.000006
1.654000	0.000006
1.655000	0.000006
1.656000	0.000006
1.657000	0.000006
1.658000	0.000006
1.659000	0.000006
1.660000	0.000006
1.661000	0.000006
1.662000	0.000006
1.663000	0.000006
1.664000	0.000006
1.665000	0.000006
1.666000	0.000006
1.667000	0.000006
1.668000	0.000006
1.669000	0.000006
1.670000	0.000006
1.671000	0.000006
1.672000	0.000006
1.673000	0.000006
1.674000	0.000006
1.675000	0.000006
1.676000	0.000006
1.677000	0.000006
1.678000	0.000006
1.679000	0.000006
1.680000	0.000006
1.681000	0.000006
1.682000	0.000006
1.683000	0.000006
1.684000	0.000006
1.685000	0.000006
1.686000	0.000006
1.687000	0.000006
1.688000	0.000006
1.689000	0.000006
1.690000	0.000006
1.691000	0.000006
1.692000	0.000006
1.693000	0.000006
1.694000	0.000006
1.695000	0.000006
1.696000	0.000006
1.697000	0.000006
1.698000	0.000006
1.699000	0.000006
1.700000	0.000006
1.701000	0.000006
1.702000	0.000006
1.703000	0.000006
1.704000	0.000006
1.705000	0.000006
1.706000	0.000006
1.707000	0.000006
1.708000	0.000006
1.709000	0.000006
1.710000	0.000006
1.711000	0.000006
1.712000	0.000006
1.713000	0.000006
1.714000	0.000006
1.715000	0.000006
1.716000	0.000006
1.717000	0.000006
1.718000	0.000006
1.719000	0.000006
1.720000	0.000006
1.721000	0.000006
1.722000	0.000006
1.723000	0.000006
1.724000	0.000006
1.725000	0.000006
1.726000	0.000006
1.727000	0.000006
1.728000	0.000006
1.729000	0.000006
1.730000	0.000006
1.731000	0.000006
1.732000	0.000006
1.733000	0.000006
1.734000	0.000006
1.735000	0.000006
1.736000	0.000006
1.737000	0.000006
1.738000	0.000006
1.739000	0.000006
1.740000	0.000006
1.741000	0.000006
1.742000	0.000006
1.743000	0.000006
1.744000	0.000006
1.745000	0.000006
1.746000	0.000006
1.747000	0.000006
1.748000	0.000006
1.749000	0.000006
1.750000	0.000006
1.751000	0.000006
1.752000	0.000006
1.753000	0.000006
1.754000	0.000006
1.755000	0.000006
1.756000	0.000006
1.757000	0.000006
1.758000	0.000006
1.759000	0.000006
1.760000	0.000006
1.761000	0.000006
1.762000	0.000006
1.763000	0.000006
1.764000	0.000006
1.765000	0.000006
1.766000	0.000006
1.767000	0.000006
1.768000	0.000006
1.769000	0.000006
1.770000	0.000006
1.771000	0.000006
1.772000	0.000006
1.773000	0.000006
1.774000	0.000006
1.775000	0.000006
1.776000	0.000006
1.777000	0.000006
1.778000	0.000006
1.779000	0.000006
1.780000	0.000006
1.781000	0.000006
1.782000	0.000006
1.783000	0.000006
1.784000	0.000006
1.785000	0.000006
1.786000	0.000006
1.787000	0.000006
1.788000	0.000006
1.789000	0.000006
1.790000	0.000006
1.791000	0.000006
1.792000	0.000006
1.793000	0.000006
1.794000	0.000006
1.795000	0.000006
1.796000	0.000006
1.797000	0.000006
1.798000	0.000006
1.799000	0.000006
1.800000	0.000006
1.801000	0.000006
1.802000	0.000006
1.803000	0.000006
1.804000	0.000006
1.805000	0.000006
1.806000	0.000006
1.807000	0.000006
1.808000	0.000006
1.809000	0.000006
1.810000	0.000006
1.811000	0.000006
1.812000	0.000006
1.813000	0.000006
1.814000	0.000006
1.815000	0.000006
1.816000	0.000006
1.817000	0.000006
1.818000	0.000006
1.819000	0.000006
1.820000	0.000006
1.821000	0.000006
1.822000	0.000006
1.823000	0.000006
1.824000	0.000006
1.825000	0.000006
1.826000	0.000006
1.827000	0.000006
1.828000	0.000006
1.829000	0.000006
1.830000	0.000006
1.831000	0.000006
1.832000	0.000006
1.833000	0.000006
1.834000	0.000006
1.835000	0.000006
1.836000	0.000006
1.837000	0.000006
1.838000	0.000006
1.839000	0.000006
1.840000	0.000006
1.841000	0.000006
1.842000	0.000006
1.843000	0.000006
1.844000	0.000006
1.845000	0.000006
1.846000	0.000006
1.847000	0.000006
1.848000	0.000006
1.849000	0.000006
1.850000	0.000006
1.851000	0.000006
1.852000	0.000006
1.853000	0.000006
1.854000	0.000006
1.855000	0.000006
1.856000	0.000006
1.857000	0.000006
1.858000	0.000006
1.859000	0.000006
1.860000	0.000006
1.861000	0.000006
1.862000	0.000006
1.863000	0.000006
1.864000	0.000006
1.865000	0.000006
1.866000	0.000006
1.867000	0.000006
1.868000	0.000006
1.869000	0.000006
1.870000	0.000006
1.871000	0.000006
1.872000	0.000006
1.873000	0.000006
1.874000	0.000006
1.875000	0.000006
1.876000	0.000006
1.877000	0.000006
1.878000	0.000006
1.879000	0.000006
1.880000	0.000006
1.881000	0.000006
1.882000	0.000006
1.883000	0.000006
1.884000	0.000006
1.885000	0.000006
1.886000	0.000006
1.887000	0.000006
1.888000	0.000006
1.889000	0.000006
1.890000	0.000006
1.891000	0.000006
1.892000	0.000006
1.893000	0.000006
1.894000	0.000006
1.895000	0.000006
1.896000	0.000006
1.897000	0.000006
1.898000	0.000006
1.899000	0.000006
1.900000	0.000006
1.901000	0.000006
1.902000	0.000006
1.903000	0.000006
1.904000	0.000006
1.905000	0.000006
1.906000	0.000006
1.907000	0.000006
1.908000	0.000006
1.909000	0.000006
1.910000	0.000006
1.911000	0.000006
1.912000	0.000006
1.913000	0.000006
1.914000	0.000006
1.915000	0.000006
1.916000	0.000006
1.917000	0.000006
1.918000	0.000006
1.919000	0.000006
1.920000	0.000006
1.921000	0.000006
1.922000	0.000006
1.923000	0.000006
1.924000	0.000006
1.925000	0.000006
1.926000	0.000006
1.927000	0.000006
1.928000	0.000006
1.929000	0.000006
1.930000	0.000006
1.931000	0.000006
1.932000	0.000006
1.933000	0.000006
1.934000	0.000006
1.935000	0.000006
1.936000	0.000006
1.937000	0.000006
1.938000	0.000006
1.939000	0.000006
1.940000	0.000006
1.941000	0.000006
1.942000	0.000006
1.943000	0.000006
1.944000	0.000006
1.945000	0.000006
1.946000	0.000006
1.947000	0.000006
1.948000	0.000006
1.949000	0.000006
1.950000	0.000006
1.951000	0.000006
1.952000	0.000006
1.953000	0.000006
1.954000	0.000006
1.955000	0.000006
1.956000	0.000006
1.957000	0.000006
1.958000	0.000006
1.959000	0.000006
1.960000	0.000006
1.961000	0.000006
1.962000	0.000006
1.963000	0.000006
1.964000	0.000006
1.965000	0.000006
1.966000	0.000006
1.967000	0.000006
1.968000	0.000006
1.969000	0.000006
1.970000	0.000006
1.971000	0.000006
1.972000	0.000006
1.973000	0.000006
1.974000	0.000006
1.975000	0.000006
1.976000	0.000006
1.977000	0.000006
1.978000	0.000006
1.979000	0.000006
1.980000	0.000006
1.981000	0.000006
1.982000	0.000006
1.983000	0.000006
1.984000	0.000006
1.985000	0.000006
1.986000	0.000006
1.987000	0.000006
1.988000	0.000006
1.989000	0.000006
1.990000	0.000006
1.991000	0.000006
1.992000	0.000006
1.993000	0.000006
1.994000	0.000006
1.995000	0.000006
1.996000	0.000006
1.997000	0.000006
1.998000	0.000006
1.999000	0.000006
2.000000	0.000006
