0.000000	0.000000
0.001000	-0.000001
0.002000	-0.000002
0.003000	-0.000003
0.004000	-0.000005
0.005000	-0.000006
0.006000	-0.000008
0.007000	-0.000010
0.008000	-0.000012
0.009000	-0.000014
0.010000	-0.000017
0.011000	-0.000020
0.012000	-0.000023
0.013000	-0.000026
0.014000	-0.000030
0.015000	-0.000034
0.016000	-0.000039
0.017000	-0.000044
0.018000	-0.000049
0.019000	-0.000055
0.020000	-0.000062
0.021000	-0.000069
0.022000	-0.000077
0.023000	-0.000085
0.024000	-0.000095
0.025000	-0.000105
0.026000	-0.000116
0.027000	-0.000128
0.028000	-0.000141
0.029000	-0.000155
0.030000	-0.000171
0.031000	-0.000188
0.032000	-0.000206
0.033000	-0.000225
0.034000	-0.000247
0.035000	-0.000270
0.036000	-0.000295
0.037000	-0.000321
0.038000	-0.000350
0.039000	-0.000382
0.040000	-0.000415
0.041000	-0.000451
0.042000	-0.000490
0.043000	-0.000532
0.044000	-0.000576
0.045000	-0.000624
0.046000	-0.000675
0.047000	-0.000730
0.048000	-0.000789
0.049000	-0.000851
0.050000	-0.000918
0.051000	-0.000989
0.052000	-0.001065
0.053000	-0.001145
0.054000	-0.001231
0.055000	-0.001322
0.056000	-0.001418
0.057000	-0.001520
0.058000	-0.001629
0.059000	-0.001743
0.060000	-0.001864
0.061000	-0.001992
0.062000	-0.002127
0.063000	-0.002269
0.064000	-0.002418
0.065000	-0.002576
0.066000	-0.002741
0.067000	-0.002915
0.068000	-0.003096
0.069000	-0.003287
0.070000	-0.003486
0.071000	-0.003695
0.072000	-0.003913
0.073000	-0.004140
0.074000	-0.004376
0.075000	-0.004622
0.076000	-0.004878
0.077000	-0.005144
0.078000	-0.005420
0.079000	-0.005706
0.080000	-0.006002
0.081000	-0.006307
0.082000	-0.006623
0.083000	-0.006949
0.084000	-0.007284
0.085000	-0.007629
0.086000	-0.007983
0.087000	-0.008347
0.088000	-0.008719
0.089000	-0.009100
0.090000	-0.009490
0.091000	-0.009887
0.092000	-0.010292
0.093000	-0.010704
0.094000	-0.011123
0.095000	-0.011547
0.096000	-0.011977
0.097000	-0.012411
0.098000	-0.012850
0.099000	-0.013291
0.100000	-0.013735
0.101000	-0.014181
0.102000	-0.014627
0.103000	-0.015072
0.104000	-0.015517
0.105000	-0.015959
0.106000	-0.016398
0.107000	-0.016832
0.108000	-0.017261
0.109000	-0.017683
0.110000	-0.018097
0.111000	-0.018502
0.112000	-0.018896
0.113000	-0.019278
0.114000	-0.019647
0.115000	-0.020002
0.116000	-0.020342
0.117000	-0.020664
0.118000	-0.020968
0.119000	-0.021252
0.120000	-0.021515
0.121000	-0.021756
0.122000	-0.021974
0.123000	-0.022167
0.124000	-0.022334
0.125000	-0.022474
0.126000	-0.022586
0.127000	-0.022668
0.128000	-0.022720
0.129000	-0.022741
0.130000	-0.022730
0.131000	-0.022685
0.132000	-0.022607
0.133000	-0.022495
0.134000	-0.022347
0.135000	-0.022164
0.136000	-0.021944
0.137000	-0.021688
0.138000	-0.021396
0.139000	-0.021067
0.140000	-0.020701
0.141000	-0.020299
0.142000	-0.019860
0.143000	-0.019384
0.144000	-0.018873
0.145000	-0.018327
0.146000	-0.017745
0.147000	-0.017130
0.148000	-0.016482
0.149000	-0.015801
0.150000	-0.015089
0.151000	-0.014347
0.152000	-0.013577
0.153000	-0.012778
0.154000	-0.011954
0.155000	-0.011105
0.156000	-0.010234
0.157000	-0.009341
0.158000	-0.008428
0.159000	-0.007498
0.160000	-0.006552
0.161000	-0.005593
0.162000	-0.004621
0.163000	-0.003640
0.164000	-0.002651
0.165000	-0.001656
0.166000	-0.000658
0.167000	0.000342
0.168000	0.001341
0.169000	0.002337
0.170000	0.003328
0.171000	0.004312
0.172000	0.005287
0.173000	0.006251
0.174000	0.007202
0.175000	0.008137
0.176000	0.009056
0.177000	0.009956
0.178000	0.010835
0.179000	0.011691
0.180000	0.012524
0.181000	0.013331
0.182000	0.014111
0.183000	0.014862
0.184000	0.015584
0.185000	0.016276
0.186000	0.016935
0.187000	0.017561
0.188000	0.018154
0.189000	0.018712
0.190000	0.019235
0.191000	0.019722
0.192000	0.020174
0.193000	0.020588
0.194000	0.020966
0.195000	0.021308
0.196000	0.021612
0.197000	0.021880
0.198000	0.022112
0.199000	0.022307
0.200000	0.022467
0.201000	0.022591
0.202000	0.022680
0.203000	0.022736
0.204000	0.022758
0.205000	0.022748
0.206000	0.022706
0.207000	0.022634
0.208000	0.022532
0.209000	0.022401
0.210000	0.022243
0.211000	0.022059
0.212000	0.021849
0.213000	0.021616
0.214000	0.021359
0.215000	0.021082
0.216000	0.020784
0.217000	0.020468
0.218000	0.020134
0.219000	0.019785
0.220000	0.019420
0.221000	0.019042
0.222000	0.018651
0.223000	0.018250
0.224000	0.017839
0.225000	0.017420
0.226000	0.016993
0.227000	0.016561
0.228000	0.016123
0.229000	0.015682
0.230000	0.015238
0.231000	0.014793
0.232000	0.014346
0.233000	0.013901
0.234000	0.013456
0.235000	0.013014
0.236000	0.012574
0.237000	0.012138
0.238000	0.011707
0.239000	0.011281
0.240000	0.010860
0.241000	0.010446
0.242000	0.010039
0.243000	0.009639
0.244000	0.009247
0.245000	0.008863
0.246000	0.008487
0.247000	0.008121
0.248000	0.007763
0.249000	0.007415
0.250000	0.007077
0.251000	0.006748
0.252000	0.006429
0.253000	0.006120
0.254000	0.005821
0.255000	0.005531
0.256000	0.005252
0.257000	0.004983
0.258000	0.004724
0.259000	0.004474
0.260000	0.004235
0.261000	0.004004
0.262000	0.003784
0.263000	0.003572
0.264000	0.003370
0.265000	0.003176
0.266000	0.002991
0.267000	0.002815
0.268000	0.002647
0.269000	0.002487
0.270000	0.002335
0.271000	0.002191
0.272000	0.002053
0.273000	0.001923
0.274000	0.001800
0.275000	0.001683
0.276000	0.001573
0.277000	0.001469
0.278000	0.001370
0.279000	0.001278
0.280000	0.001190
0.281000	0.001108
0.282000	0.001031
0.283000	0.000958
0.284000	0.000890
0.285000	0.000826
0.286000	0.000766
0.287000	0.000710
0.288000	0.000658
0.289000	0.000609
0.290000	0.000563
0.291000	0.000521
0.292000	0.000481
0.293000	0.000444
0.294000	0.000410
0.295000	0.000378
0.296000	0.000348
0.297000	0.000321
0.298000	0.000295
0.299000	0.000271
0.300000	0.000250
0.301000	0.000229
0.302000	0.000211
0.303000	0.000193
0.304000	0.000178
0.305000	0.000163
0.306000	0.000149
0.307000	0.000137
0.308000	0.000126
0.309000	0.000115
0.310000	0.000106
0.311000	0.000097
0.312000	0.000089
0.313000	0.000081
0.314000	0.000075
0.315000	0.000068
0.316000	0.000063
0.317000	0.000058
0.318000	0.000053
0.319000	0.000049
0.320000	0.000045
0.321000	0.000041
0.322000	0.000038
0.323000	0.000035
0.324000	0.000032
0.325000	0.000030
0.326000	0.000028
0.327000	0.000026
0.328000	0.000024
0.329000	0.000023
0.330000	0.000021
0.331000	0.000020
0.332000	0.000019
0.333000	0.000018
0.334000	0.000017
0.335000	0.000016
0.336000	0.000015
0.337000	0.000014
0.338000	0.000014
0.339000	0.000013
0.340000	0.000013
0.341000	0.000012
0.342000	0.000012
0.343000	0.000011
0.344000	0.000011
0.345000	0.000011
0.346000	0.000011
0.347000	0.000010
0.348000	0.000010
0.349000	0.000010
0.350000	0.000010
0.351000	0.000010
0.352000	0.000010
0.353000	0.000009
0.354000	0.000009
0.355000	0.000009
0.356000	0.000009
0.357000	0.000009
0.358000	0.000009
0.359000	0.000009
0.360000	0.000009
0.361000	0.000009
0.362000	0.000009
0.363000	0.000009
0.364000	0.000009
0.365000	0.000009
0.366000	0.000009
0.367000	0.000009
0.368000	0.000009
0.369000	0.000009
0.370000	0.000009
0.371000	0.000009
0.372000	0.000009
0.373000	0.000009
0.374000	0.000009
0.375000	0.000009
0.376000	0.000009
0.377000	0.000009
0.378000	0.000009
0.379000	0.000009
0.380000	0.000009
0.381000	0.000009
0.382000	0.000009
0.383000	0.000009
0.384000	0.000009
0.385000	0.000009
0.386000	0.000009
0.387000	0.000009
0.388000	0.000009
0.389000	0.000009
0.390000	0.000009
0.391000	0.000009
0.392000	0.000009
0.393000	0.000009
0.394000	0.000009
0.395000	0.000009
0.396000	0.000009
0.397000	0.000009
0.398000	0.000009
0.399000	0.000009
0.400000	0.000009
0.401000	0.000009
0.402000	0.000009
0.403000	0.000009
0.404000	0.000009
0.405000	0.000009
0.406000	0.000009
0.407000	0.000009
0.408000	0.000009
0.409000	0.000009
0.410000	0.000009
0.411000	0.000009
0.412000	0.000009
0.413000	0.000009
0.414000	0.000009
0.415000	0.000009
0.416000	0.000009
0.417000	0.000009
0.418000	0.000009
0.419000	0.000009
0.420000	0.000009
0.421000	0.000009
0.422000	0.000009
0.423000	0.000009
0.424000	0.000009
0.425000	0.000009
0.426000	0.000009
0.427000	0.000009
0.428000	0.000009
0.429000	0.000009
0.430000	0.000009
0.431000	0.000009
0.432000	0.000009
0.433000	0.000009
0.434000	0.000009
0.435000	0.000009
0.436000	0.000009
0.437000	0.000009
0.438000	0.000009
0.439000	0.000009
0.440000	0.000009
0.441000	0.000009
0.442000	0.000009
0.443000	0.000009
0.444000	0.000009
0.445000	0.000009
0.446000	0.000009
0.447000	0.000009
0.448000	0.000009
0.449000	0.000009
0.450000	0.000009
0.451000	0.000009
0.452000	0.000009
0.453000	0.000009
0.454000	0.000009
0.455000	0.000009
0.456000	0.000009
0.457000	0.000009
0.458000	0.000009
0.459000	0.000009
0.460000	0.000009
0.461000	0.000009
0.462000	0.000009
0.463000	0.000009
0.464000	0.000009
0.465000	0.000009
0.466000	0.000009
0.467000	0.000009
0.468000	0.000009
0.469000	0.000009
0.470000	0.000009
0.471000	0.000009
0.472000	0.000009
0.473000	0.000009
0.474000	0.000009
0.475000	0.000009
0.476000	0.000009
0.477000	0.000009
0.478000	0.000009
0.479000	0.000009
0.480000	0.000009
0.481000	0.000009
0.482000	0.000009
0.483000	0.000009
0.484000	0.000009
0.485000	0.000009
0.486000	0.000009
0.487000	0.000009
0.488000	0.000009
0.489000	0.000009
0.490000	0.000009
0.491000	0.000009
0.492000	0.000009
0.493000	0.000009
0.494000	0.000009
0.495000	0.000009
0.496000	0.000009
0.497000	0.000009
0.498000	0.000009
0.499000	0.000009
0.500000	0.000009
0.501000	0.000009
0.502000	0.000009
0.503000	0.000009
0.504000	0.000009
0.505000	0.000009
0.506000	0.000009
0.507000	0.000009
0.508000	0.000009
0.509000	0.000009
0.510000	0.000009
0.511000	0.000009
0.512000	0.000009
0.513000	0.000009
0.514000	0.000009
0.515000	0.000009
0.516000	0.000009
0.517000	0.000009
0.518000	0.000009
0.519000	0.000009
0.520000	0.000009
0.521000	0.000009
0.522000	0.000009
0.523000	0.000009
0.524000	0.000009
0.525000	0.000009
0.526000	0.000009
0.527000	0.000009
0.528000	0.000009
0.529000	0.000009
0.530000	0.000009
0.531000	0.000009
0.532000	0.000009
0.533000	0.000009
0.534000	0.000009
0.535000	0.000009
0.536000	0.000009
0.537000	0.000009
0.538000	0.000009
0.539000	0.000009
0.540000	0.000009
0.541000	0.000009
0.542000	0.000009
0.543000	0.000009
0.544000	0.000009
0.545000	0.000009
0.546000	0.000009
0.547000	0.000009
0.548000	0.000009
0.549000	0.000009
0.550000	0.000009
0.551000	0.000009
0.552000	0.000009
0.553000	0.000009
0.554000	0.000009
0.555000	0.000009
0.556000	0.000009
0.557000	0.000009
0.558000	0.000009
0.559000	0.000009
0.560000	0.000009
0.561000	0.000009
0.562000	0.000009
0.563000	0.000009
0.564000	0.000009
0.565000	0.000009
0.566000	0.000009
0.567000	0.000009
0.568000	0.000009
0.569000	0.000009
0.570000	0.000009
0.571000	0.000009
0.572000	0.000009
0.573000	0.000009
0.574000	0.000009
0.575000	0.000009
0.576000	0.000009
0.577000	0.000009
0.578000	0.000009
0.579000	0.000009
0.580000	0.000009
0.581000	0.000009
0.582000	0.000009
0.583000	0.000009
0.584000	0.000009
0.585000	0.000009
0.586000	0.000009
0.587000	0.000009
0.588000	0.000009
0.589000	0.000009
0.590000	0.000009
0.591000	0.000009
0.592000	0.000009
0.593000	0.000009
0.594000	0.000009
0.595000	0.000009
0.596000	0.000009
0.597000	0.000009
0.598000	0.000009
0.599000	0.000009
0.600000	0.000009
0.601000	0.000009
0.602000	0.000009
0.603000	0.000009
0.604000	0.000009
0.605000	0.000009
0.606000	0.000009
0.607000	0.000009
0.608000	0.000009
0.609000	0.000009
0.610000	0.000009
0.611000	0.000009
0.612000	0.000009
0.613000	0.000009
0.614000	0.000009
0.615000	0.000009
0.616000	0.000009
0.617000	0.000009
0.618000	0.000009
0.619000	0.000009
0.620000	0.000009
0.621000	0.000009
0.622000	0.000009
0.623000	0.000009
0.624000	0.000009
0.625000	0.000009
0.626000	0.000009
0.627000	0.000009
0.628000	0.000009
0.629000	0.000009
0.630000	0.000009
0.631000	0.000009
0.632000	0.000009
0.633000	0.000009
0.634000	0.000009
0.635000	0.000009
0.636000	0.000009
0.637000	0.000009
0.638000	0.000009
0.639000	0.000009
0.640000	0.000009
0.641000	0.000009
0.642000	0.000009
0.643000	0.000009
0.644000	0.000009
0.645000	0.000009
0.646000	0.000009
0.647000	0.000009
0.648000	0.000009
0.649000	0.000009
0.650000	0.000009
0.651000	0.000009
0.652000	0.000009
0.653000	0.000009
0.654000	0.000009
0.655000	0.000009
0.656000	0.000009
0.657000	0.000009
0.658000	0.000009
0.659000	0.000009
0.660000	0.000009
0.661000	0.000009
0.662000	0.000009
0.663000	0.000009
0.664000	0.000009
0.665000	0.000009
0.666000	0.000009
0.667000	0.000009
0.668000	0.000009
0.669000	0.000009
0.670000	0.000009
0.671000	0.000009
0.672000	0.000009
0.673000	0.000009
0.674000	0.000009
0.675000	0.000009
0.676000	0.000009
0.677000	0.000009
0.678000	0.000009
0.679000	0.000009
0.680000	0.000009
0.681000	0.000009
0.682000	0.000009
0.683000	0.000009
0.684000	0.000009
0.685000	0.000009
0.686000	0.000009
0.687000	0.000009
0.688000	0.000009
0.689000	0.000009
0.690000	0.000009
0.691000	0.000009
0.692000	0.000009
0.693000	0.000009
0.694000	0.000009
0.695000	0.000009
0.696000	0.000009
0.697000	0.000009
0.698000	0.000009
0.699000	0.000009
0.700000	0.000009
0.701000	0.000009
0.702000	0.000009
0.703000	0.000009
0.704000	0.000009
0.705000	0.000009
0.706000	0.000009
0.707000	0.000009
0.708000	0.000009
0.709000	0.000009
0.710000	0.000009
0.711000	0.000009
0.712000	0.000009
0.713000	0.000009
0.714000	0.000009
0.715000	0.000009
0.716000	0.000009
0.717000	0.000009
0.718000	0.000009
0.719000	0.000009
0.720000	0.000009
0.721000	0.000009
0.722000	0.000009
0.723000	0.000009
0.724000	0.000009
0.725000	0.000009
0.726000	0.000009
0.727000	0.000009
0.728000	0.000009
0.729000	0.000009
0.730000	0.000009
0.731000	0.000009
0.732000	0.000009
0.733000	0.000009
0.734000	0.000009
0.735000	0.000009
0.736000	0.000009
0.737000	0.000009
0.738000	0.000009
0.739000	0.000009
0.740000	0.000009
0.741000	0.000009
0.742000	0.000009
0.743000	0.000009
0.744000	0.000009
0.745000	0.000009
0.746000	0.000009
0.747000	0.000009
0.748000	0.000009
0.749000	0.000009
0.750000	0.000009
0.751000	0.000009
0.752000	0.000009
0.753000	0.000009
0.754000	0.000009
0.755000	0.000009
0.756000	0.000009
0.757000	0.000009
0.758000	0.000009
0.759000	0.000009
0.760000	0.000009
0.761000	0.000009
0.762000	0.000009
0.763000	0.000009
0.764000	0.000009
0.765000	0.000009
0.766000	0.000009
0.767000	0.000009
0.768000	0.000009
0.769000	0.000009
0.770000	0.000009
0.771000	0.000009
0.772000	0.000009
0.773000	0.000009
0.774000	0.000009
0.775000	0.000009
0.776000	0.000009
0.777000	0.000009
0.778000	0.000009
0.779000	0.000009
0.780000	0.000009
0.781000	0.000009
0.782000	0.000009
0.783000	0.000009
0.784000	0.000009
0.785000	0.000009
0.786000	0.000009
0.787000	0.000009
0.788000	0.000009
0.789000	0.000009
0.790000	0.000009
0.791000	0.000009
0.792000	0.000009
0.793000	0.000009
0.794000	0.000009
0.795000	0.000009
0.796000	0.000009
0.797000	0.000009
0.798000	0.000009
0.799000	0.000009
0.800000	0.000009
0.801000	0.000009
0.802000	0.000009
0.803000	0.000009
0.804000	0.000009
0.805000	0.000009
0.806000	0.000009
0.807000	0.000009
0.808000	0.000009
0.809000	0.000009
0.810000	0.000009
0.811000	0.000009
0.812000	0.000009
0.813000	0.000009
0.814000	0.000009
0.815000	0.000009
0.816000	0.000009
0.817000	0.000009
0.818000	0.000009
0.819000	0.000009
0.820000	0.000009
0.821000	0.000009
0.822000	0.000009
0.823000	0.000009
0.824000	0.000009
0.825000	0.000009
0.826000	0.000009
0.827000	0.000009
0.828000	0.000009
0.829000	0.000009
0.830000	0.000009
0.831000	0.000009
0.832000	0.000009
0.833000	0.000009
0.834000	0.000009
0.835000	0.000009
0.836000	0.000009
0.837000	0.000009
0.838000	0.000009
0.839000	0.000009
0.840000	0.000009
0.841000	0.000009
0.842000	0.000009
0.843000	0.000009
0.844000	0.000009
0.845000	0.000009
0.846000	0.000009
0.847000	0.000009
0.848000	0.000009
0.849000	0.000009
0.850000	0.000009
0.851000	0.000009
0.852000	0.000009
0.853000	0.000009
0.854000	0.000009
0.855000	0.000009
0.856000	0.000009
0.857000	0.000009
0.858000	0.000009
0.859000	0.000009
0.860000	0.000009
0.861000	0.000009
0.862000	0.000009
0.863000	0.000009
0.864000	0.000009
0.865000	0.000009
0.866000	0.000009
0.867000	0.000009
0.868000	0.000009
0.869000	0.000009
0.870000	0.000009
0.871000	0.000009
0.872000	0.000009
0.873000	0.000009
0.874000	0.000009
0.875000	0.000009
0.876000	0.000009
0.877000	0.000009
0.878000	0.000009
0.879000	0.000009
0.880000	0.000009
0.881000	0.000009
0.882000	0.000009
0.883000	0.000009
0.884000	0.000009
0.885000	0.000009
0.886000	0.000009
0.887000	0.000009
0.888000	0.000009
0.889000	0.000009
0.890000	0.000009
0.891000	0.000009
0.892000	0.000009
0.893000	0.000009
0.894000	0.000009
0.895000	0.000009
0.896000	0.000009
0.897000	0.000009
0.898000	0.000009
0.899000	0.000009
0.900000	0.000009
0.901000	0.000009
0.902000	0.000009
0.903000	0.000009
0.904000	0.000009
0.905000	0.000009
0.906000	0.000009
0.907000	0.000009
0.908000	0.000009
0.909000	0.000009
0.910000	0.000009
0.911000	0.000009
0.912000	0.000009
0.913000	0.000009
0.914000	0.000009
0.915000	0.000009
0.916000	0.000009
0.917000	0.000009
0.918000	0.000009
0.919000	0.000009
0.920000	0.000009
0.921000	0.000009
0.922000	0.000009
0.923000	0.000009
0.924000	0.000009
0.925000	0.000009
0.926000	0.000009
0.927000	0.000009
0.928000	0.000009
0.929000	0.000009
0.930000	0.000009
0.931000	0.000009
0.932000	0.000009
0.933000	0.000009
0.934000	0.000009
0.935000	0.000009
0.936000	0.000009
0.937000	0.000009
0.938000	0.000009
0.939000	0.000009
0.940000	0.000009
0.941000	0.000009
0.942000	0.000009
0.943000	0.000009
0.944000	0.000009
0.945000	0.000009
0.946000	0.000009
0.947000	0.000009
0.948000	0.000009
0.949000	0.000009
0.950000	0.000009
0.951000	0.000009
0.952000	0.000009
0.953000	0.000009
0.954000	0.000009
0.955000	0.000009
0.956000	0.000009
0.957000	0.000009
0.958000	0.000009
0.959000	0.000009
0.960000	0.000009
0.961000	0.000009
0.962000	0.000009
0.963000	0.000009
0.964000	0.000009
0.965000	0.000009
0.966000	0.000009
0.967000	0.000009
0.968000	0.000009
0.969000	0.000009
0.970000	0.000009
0.971000	0.000009
0.972000	0.000009
0.973000	0.000009
0.974000	0.000009
0.975000	0.000009
0.976000	0.000009
0.977000	0.000009
0.978000	0.000009
0.979000	0.000009
0.980000	0.000009
0.981000	0.000009
0.982000	0.000009
0.983000	0.000009
0.984000	0.000009
0.985000	0.000009
0.986000	0.000009
0.987000	0.000009
0.988000	0.000009
0.989000	0.000009
0.990000	0.000009
0.991000	0.000009
0.992000	0.000009
0.993000	0.000009
0.994000	0.000009
0.995000	0.000009
0.996000	0.000009
0.997000	0.000009
0.998000	0.000009
0.999000	0.000009
1.000000	0.000009
1.001000	0.000009
1.002000	0.000009
1.003000	0.000009
1.004000	0.000009
1.005000	0.000009
1.006000	0.000009
1.007000	0.000009
1.008000	0.000009
1.009000	0.000009
1.010000	0.000009
1.011000	0.000009
1.012000	0.000009
1.013000	0.000009
1.014000	0.000009
1.015000	0.000009
1.016000	0.000009
1.017000	0.000009
1.018000	0.000009
1.019000	0.000009
1.020000	0.000009
1.021000	0.000009
1.022000	0.000009
1.023000	0.000009
1.024000	0.000009
1.025000	0.000009
1.026000	0.000009
1.027000	0.000009
1.028000	0.000009
1.029000	0.000009
1.030000	0.000009
1.031000	0.000009
1.032000	0.000009
1.033000	0.000009
1.034000	0.000009
1.035000	0.000009
1.036000	0.000009
1.037000	0.000009
1.038000	0.000009
1.039000	0.000009
1.040000	0.000009
1.041000	0.000009
1.042000	0.000009
1.043000	0.000009
1.044000	0.000009
1.045000	0.000009
1.046000	0.000009
1.047000	0.000009
1.048000	0.000009
1.049000	0.000009
1.050000	0.000009
1.051000	0.000009
1.052000	0.000009
1.053000	0.000009
1.054000	0.000009
1.055000	0.000009
1.056000	0.000009
1.057000	0.000009
1.058000	0.000009
1.059000	0.000009
1.060000	0.000009
1.061000	0.000009
1.062000	0.000009
1.063000	0.000009
1.064000	0.000009
1.065000	0.000009
1.066000	0.000009
1.067000	0.000009
1.068000	0.000009
1.069000	0.000009
1.070000	0.000009
1.071000	0.000009
1.072000	0.000009
1.073000	0.000009
1.074000	0.000009
1.075000	0.000009
1.076000	0.000009
1.077000	0.000009
1.078000	0.000009
1.079000	0.000009
1.080000	0.000009
1.081000	0.000009
1.082000	0.000009
1.083000	0.000009
1.084000	0.000009
1.085000	0.000009
1.086000	0.000009
1.087000	0.000009
1.088000	0.000009
1.089000	0.000009
1.090000	0.000009
1.091000	0.000009
1.092000	0.000009
1.093000	0.000009
1.094000	0.000009
1.095000	0.000009
1.096000	0.000009
1.097000	0.000009
1.098000	0.000009
1.099000	0.000009
1.100000	0.000009
1.101000	0.000009
1.102000	0.000009
1.103000	0.000009
1.104000	0.000009
1.105000	0.000009
1.106000	0.000009
1.107000	0.000009
1.108000	0.000009
1.109000	0.000009
1.110000	0.000009
1.111000	0.000009
1.112000	0.000009
1.113000	0.000009
1.114000	0.000009
1.115000	0.000009
1.116000	0.000009
1.117000	0.000009
1.118000	0.000009
1.119000	0.000009
1.120000	0.000009
1.121000	0.000009
1.122000	0.000009
1.123000	0.000009
1.124000	0.000009
1.125000	0.000009
1.126000	0.000009
1.127000	0.000009
1.128000	0.000009
1.129000	0.000009
1.130000	0.000009
1.131000	0.000009
1.132000	0.000009
1.133000	0.000009
1.134000	0.000009
1.135000	0.000009
1.136000	0.000009
1.137000	0.000009
1.138000	0.000009
1.139000	0.000009
1.140000	0.000009
1.141000	0.000009
1.142000	0.000009
1.143000	0.000009
1.144000	0.000009
1.145000	0.000009
1.146000	0.000009
1.147000	0.000009
1.148000	0.000009
1.149000	0.000009
1.150000	0.000009
1.151000	0.000009
1.152000	0.000009
1.153000	0.000009
1.154000	0.000009
1.155000	0.000009
1.156000	0.000009
1.157000	0.000009
1.158000	0.000009
1.159000	0.000009
1.160000	0.000009
1.161000	0.000009
1.162000	0.000009
1.163000	0.000009
1.164000	0.000009
1.165000	0.000009
1.166000	0.000009
1.167000	0.000009
1.168000	0.000009
1.169000	0.000009
1.170000	0.000009
1.171000	0.000009
1.172000	0.000009
1.173000	0.000009
1.174000	0.000009
1.175000	0.000009
1.176000	0.000009
1.177000	0.000009
1.178000	0.000009
1.179000	0.000009
1.180000	0.000009
1.181000	0.000009
1.182000	0.000009
1.183000	0.000009
1.184000	0.000009
1.185000	0.000009
1.186000	0.000009
1.187000	0.000009
1.188000	0.000009
1.189000	0.000009
1.190000	0.000009
1.191000	0.000009
1.192000	0.000009
1.193000	0.000009
1.194000	0.000009
1.195000	0.000009
1.196000	0.000009
1.197000	0.000009
1.198000	0.000009
1.199000	0.000009
1.200000	0.000009
1.201000	0.000009
1.202000	0.000009
1.203000	0.000009
1.204000	0.000009
1.205000	0.000009
1.206000	0.000009
1.207000	0.000009
1.208000	0.000009
1.209000	0.000009
1.210000	0.000009
1.211000	0.000009
1.212000	0.000009
1.213000	0.000009
1.214000	0.000009
1.215000	0.000009
1.216000	0.000009
1.217000	0.000009
1.218000	0.000009
1.219000	0.000009
1.220000	0.000009
1.221000	0.000009
1.222000	0.000009
1.223000	0.000009
1.224000	0.000009
1.225000	0.000009
1.226000	0.000009
1.227000	0.000009
1.228000	0.000009
1.229000	0.000009
1.230000	0.000009
1.231000	0.000009
1.232000	0.000009
1.233000	0.000009
1.234000	0.000009
1.235000	0.000009
1.236000	0.000009
1.237000	0.000009
1.238000	0.000009
1.239000	0.000009
1.240000	0.000009
1.241000	0.000009
1.242000	0.000009
1.243000	0.000009
1.244000	0.000009
1.245000	0.000009
1.246000	0.000009
1.247000	0.000009
1.248000	0.000009
1.249000	0.000009
1.250000	0.000009
1.251000	0.000009
1.252000	0.000009
1.253000	0.000009
1.254000	0.000009
1.255000	0.000009
1.256000	0.000009
1.257000	0.000009
1.258000	0.000009
1.259000	0.000009
1.260000	0.000009
1.261000	0.000009
1.262000	0.000009
1.263000	0.000009
1.264000	0.000009
1.265000	0.000009
1.266000	0.000009
1.267000	0.000009
1.268000	0.000009
1.269000	0.000009
1.270000	0.000009
1.271000	0.000009
1.272000	0.000009
1.273000	0.000009
1.274000	0.000009
1.275000	0.000009
1.276000	0.000009
1.277000	0.000009
1.278000	0.000009
1.279000	0.000009
1.280000	0.000009
1.281000	0.000009
1.282000	0.000009
1.283000	0.000009
1.284000	0.000009
1.285000	0.000009
1.286000	0.000009
1.287000	0.000009
1.288000	0.000009
1.289000	0.000009
1.290000	0.000009
1.291000	0.000009
1.292000	0.000009
1.293000	0.000009
1.294000	0.000009
1.295000	0.000009
1.296000	0.000009
1.297000	0.000009
1.298000	0.000009
1.299000	0.000009
1.300000	0.000009
1.301000	0.000009
1.302000	0.000009
1.303000	0.000009
1.304000	0.000009
1.305000	0.000009
1.306000	0.000009
1.307000	0.000009
1.308000	0.000009
1.309000	0.000009
1.310000	0.000009
1.311000	0.000009
1.312000	0.000009
1.313000	0.000009
1.314000	0.000009
1.315000	0.000009
1.316000	0.000009
1.317000	0.000009
1.318000	0.000009
1.319000	0.000009
1.320000	0.000009
1.321000	0.000009
1.322000	0.000009
1.323000	0.000009
1.324000	0.000009
1.325000	0.000009
1.326000	0.000009
1.327000	0.000009
1.328000	0.000009
1.329000	0.000009
1.330000	0.000009
1.331000	0.000009
1.332000	0.000009
1.333000	0.000009
1.334000	0.000009
1.335000	0.000009
1.336000	0.000009
1.337000	0.000009
1.338000	0.000009
1.339000	0.000009
1.340000	0.000009
1.341000	0.000009
1.342000	0.000009
1.343000	0.000009
1.344000	0.000009
1.345000	0.000009
1.346000	0.000009
1.347000	0.000009
1.348000	0.000009
1.349000	0.000009
1.350000	0.000009
1.351000	0.000009
1.352000	0.000009
1.353000	0.000009
1.354000	0.000009
1.355000	0.000009
1.356000	0.000009
1.357000	0.000009
1.358000	0.000009
1.359000	0.000009
1.360000	0.000009
1.361000	0.000009
1.362000	0.000009
1.363000	0.000009
1.364000	0.000009
1.365000	0.000009
1.366000	0.000009
1.367000	0.000009
1.368000	0.000009
1.369000	0.000009
1.370000	0.000009
1.371000	0.000009
1.372000	0.000009
1.373000	0.000009
1.374000	0.000009
1.375000	0.000009
1.376000	0.000009
1.377000	0.000009
1.378000	0.000009
1.379000	0.000009
1.380000	0.000009
1.381000	0.000009
1.382000	0.000009
1.383000	0.000009
1.384000	0.000009
1.385000	0.000009
1.386000	0.000009
1.387000	0.000009
1.388000	0.000009
1.389000	0.000009
1.390000	0.000009
1.391000	0.000009
1.392000	0.000009
1.393000	0.000009
1.394000	0.000009
1.395000	0.000009
1.396000	0.000009
1.397000	0.000009
1.398000	0.000009
1.399000	0.000009
1.400000	0.000009
1.401000	0.000009
1.402000	0.000009
1.403000	0.000009
1.404000	0.000009
1.405000	0.000009
1.406000	0.000009
1.407000	0.000009
1.408000	0.000009
1.409000	0.000009
1.410000	0.000009
1.411000	0.000009
1.412000	0.000009
1.413000	0.000009
1.414000	0.000009
1.415000	0.000009
1.416000	0.000009
1.417000	0.000009
1.418000	0.000009
1.419000	0.000009
1.420000	0.000009
1.421000	0.000009
1.422000	0.000009
1.423000	0.000009
1.424000	0.000009
1.425000	0.000009
1.426000	0.000009
1.427000	0.000009
1.428000	0.000009
1.429000	0.000009
1.430000	0.000009
1.431000	0.000009
1.432000	0.000009
1.433000	0.000009
1.434000	0.000009
1.435000	0.000009
1.436000	0.000009
1.437000	0.000009
1.438000	0.000009
1.439000	0.000009
1.440000	0.000009
1.441000	0.000009
1.442000	0.000009
1.443000	0.000009
1.444000	0.000009
1.445000	0.000009
1.446000	0.000009
1.447000	0.000009
1.448000	0.000009
1.449000	0.000009
1.450000	0.000009
1.451000	0.000009
1.452000	0.000009
1.453000	0.000009
1.454000	0.000009
1.455000	0.000009
1.456000	0.000009
1.457000	0.000009
1.458000	0.000009
1.459000	0.000009
1.460000	0.000009
1.461000	0.000009
1.462000	0.000009
1.463000	0.000009
1.464000	0.000009
1.465000	0.000009
1.466000	0.000009
1.467000	0.000009
1.468000	0.000009
1.469000	0.000009
1.470000	0.000009
1.471000	0.000009
1.472000	0.000009
1.473000	0.000009
1.474000	0.000009
1.475000	0.000009
1.476000	0.000009
1.477000	0.000009
1.478000	0.000009
1.479000	0.000009
1.480000	0.000009
1.481000	0.000009
1.482000	0.000009
1.483000	0.000009
1.484000	0.000009
1.485000	0.000009
1.486000	0.000009
1.487000	0.000009
1.488000	0.000009
1.489000	0.000009
1.490000	0.000009
1.491000	0.000009
1.492000	0.000009
1.493000	0.000009
1.494000	0.000009
1.495000	0.000009
1.496000	0.000009
1.497000	0.000009
1.498000	0.000009
1.499000	0.000009
1.500000	0.000009
1.501000	0.000009
1.502000	0.000009
1.503000	0.000009
1.504000	0.000009
1.505000	0.000009
1.506000	0.000009
1.507000	0.000009
1.508000	0.000009
1.509000	0.000009
1.510000	0.000009
1.511000	0.000009
1.512000	0.000009
1.513000	0.000009
1.514000	0.000009
1.515000	0.000009
1.516000	0.000009
1.517000	0.000009
1.518000	0.000009
1.519000	0.000009
1.520000	0.000009
1.521000	0.000009
1.522000	0.000009
1.523000	0.000009
1.524000	0.000009
1.525000	0.000009
1.526000	0.000009
1.527000	0.000009
1.528000	0.000009
1.529000	0.000009
1.530000	0.000009
1.531000	0.000009
1.532000	0.000009
1.533000	0.000009
1.534000	0.000009
1.535000	0.000009
1.536000	0.000009
1.537000	0.000009
1.538000	0.000009
1.539000	0.000009
1.540000	0.000009
1.541000	0.000009
1.542000	0.000009
1.543000	0.000009
1.544000	0.000009
1.545000	0.000009
1.546000	0.000009
1.547000	0.000009
1.548000	0.000009
1.549000	0.000009
1.550000	0.000009
1.551000	0.000009
1.552000	0.000009
1.553000	0.000009
1.554000	0.000009
1.555000	0.000009
1.556000	0.000009
1.557000	0.000009
1.558000	0.000009
1.559000	0.000009
1.560000	0.000009
1.561000	0.000009
1.562000	0.000009
1.563000	0.000009
1.564000	0.000009
1.565000	0.000009
1.566000	0.000009
1.567000	0.000009
1.568000	0.000009
1.569000	0.000009
1.570000	0.000009
1.571000	0.000009
1.572000	0.000009
1.573000	0.000009
1.574000	0.000009
1.575000	0.000009
1.576000	0.000009
1.577000	0.000009
1.578000	0.000009
1.579000	0.000009
1.580000	0.000009
1.581000	0.000009
1.582000	0.000009
1.583000	0.000009
1.584000	0.000009
1.585000	0.000009
1.586000	0.000009
1.587000	0.000009
1.588000	0.000009
1.589000	0.000009
1.590000	0.000009
1.591000	0.000009
1.592000	0.000009
1.593000	0.000009
1.594000	0.000009
1.595000	0.000009
1.596000	0.000009
1.597000	0.000009
1.598000	0.000009
1.599000	0.000009
1.600000	0.000009
1.601000	0.000009
1.602000	0.000009
1.603000	0.000009
1.604000	0.000009
1.605000	0.000009
1.606000	0.000009
1.607000	0.000009
1.608000	0.000009
1.609000	0.000009
1.610000	0.000009
1.611000	0.000009
1.612000	0.000009
1.613000	0.000009
1.614000	0.000009
1.615000	0.000009
1.616000	0.000009
1.617000	0.000009
1.618000	0.000009
1.619000	0.000009
1.620000	0.000009
1.621000	0.000009
1.622000	0.000009
1.623000	0.000009
1.624000	0.000009
1.625000	0.000009
1.626000	0.000009
1.627000	0.000009
1.628000	0.000009
1.629000	0.000009
1.630000	0.000009
1.631000	0.000009
1.632000	0.000009
1.633000	0.000009
1.634000	0.000009
1.635000	0.000009
1.636000	0.000009
1.637000	0.000009
1.638000	0.000009
1.639000	0.000009
1.640000	0.000009
1.641000	0.000009
1.642000	0.000009
1.643000	0.000009
1.644000	0.000009
1.645000	0.000009
1.646000	0.000009
1.647000	0.000009
1.648000	0.000009
1.649000	0.000009
1.650000	0.000009
1.651000	0.000009
1.652000	0.000009
1.653000	0.000009
1.654000	0.000009
1.655000	0.000009
1.656000	0.000009
1.657000	0.000009
1.658000	0.000009
1.659000	0.000009
1.660000	0.000009
1.661000	0.000009
1.662000	0.000009
1.663000	0.000009
1.664000	0.000009
1.665000	0.000009
1.666000	0.000009
1.667000	0.000009
1.668000	0.000009
1.669000	0.000009
1.670000	0.000009
1.671000	0.000009
1.672000	0.000009
1.673000	0.000009
1.674000	0.000009
1.675000	0.000009
1.676000	0.000009
1.677000	0.000009
1.678000	0.000009
1.679000	0.000009
1.680000	0.000009
1.681000	0.000009
1.682000	0.000009
1.683000	0.000009
1.684000	0.000009
1.685000	0.000009
1.686000	0.000009
1.687000	0.000009
1.688000	0.000009
1.689000	0.000009
1.690000	0.000009
1.691000	0.000009
1.692000	0.000009
1.693000	0.000009
1.694000	0.000009
1.695000	0.000009
1.696000	0.000009
1.697000	0.000009
1.698000	0.000009
1.699000	0.000009
1.700000	0.000009
1.701000	0.000009
1.702000	0.000009
1.703000	0.000009
1.704000	0.000009
1.705000	0.000009
1.706000	0.000009
1.707000	0.000009
1.708000	0.000009
1.709000	0.000009
1.710000	0.000009
1.711000	0.000009
1.712000	0.000009
1.713000	0.000009
1.714000	0.000009
1.715000	0.000009
1.716000	0.000009
1.717000	0.000009
1.718000	0.000009
1.719000	0.000009
1.720000	0.000009
1.721000	0.000009
1.722000	0.000009
1.723000	0.000009
1.724000	0.000009
1.725000	0.000009
1.726000	0.000009
1.727000	0.000009
1.728000	0.000009
1.729000	0.000009
1.730000	0.000009
1.731000	0.000009
1.732000	0.000009
1.733000	0.000009
1.734000	0.000009
1.735000	0.000009
1.736000	0.000009
1.737000	0.000009
1.738000	0.000009
1.739000	0.000009
1.740000	0.000009
1.741000	0.000009
1.742000	0.000009
1.743000	0.000009
1.744000	0.000009
1.745000	0.000009
1.746000	0.000009
1.747000	0.000009
1.748000	0.000009
1.749000	0.000009
1.750000	0.000009
1.751000	0.000009
1.752000	0.000009
1.753000	0.000009
1.754000	0.000009
1.755000	0.000009
1.756000	0.000009
1.757000	0.000009
1.758000	0.000009
1.759000	0.000009
1.760000	0.000009
1.761000	0.000009
1.762000	0.000009
1.763000	0.000009
1.764000	0.000009
1.765000	0.000009
1.766000	0.000009
1.767000	0.000009
1.768000	0.000009
1.769000	0.000009
1.770000	0.000009
1.771000	0.000009
1.772000	0.000009
1.773000	0.000009
1.774000	0.000009
1.775000	0.000009
1.776000	0.000009
1.777000	0.000009
1.778000	0.000009
1.779000	0.000009
1.780000	0.000009
1.781000	0.000009
1.782000	0.000009
1.783000	0.000009
1.784000	0.000009
1.785000	0.000009
1.786000	0.000009
1.787000	0.000009
1.788000	0.000009
1.789000	0.000009
1.790000	0.000009
1.791000	0.000009
1.792000	0.000009
1.793000	0.000009
1.794000	0.000009
1.795000	0.000009
1.796000	0.000009
1.797000	0.000009
1.798000	0.000009
1.799000	0.000009
1.800000	0.000009
1.801000	0.000009
1.802000	0.000009
1.803000	0.000009
1.804000	0.000009
1.805000	0.000009
1.806000	0.000009
1.807000	0.000009
1.808000	0.000009
1.809000	0.000009
1.810000	0.000009
1.811000	0.000009
1.812000	0.000009
1.813000	0.000009
1.814000	0.000009
1.815000	0.000009
1.816000	0.000009
1.817000	0.000009
1.818000	0.000009
1.819000	0.000009
1.820000	0.000009
1.821000	0.000009
1.822000	0.000009
1.823000	0.000009
1.824000	0.000009
1.825000	0.000009
1.826000	0.000009
1.827000	0.000009
1.828000	0.000009
1.829000	0.000009
1.830000	0.000009
1.831000	0.000009
1.832000	0.000009
1.833000	0.000009
1.834000	0.000009
1.835000	0.000009
1.836000	0.000009
1.837000	0.000009
1.838000	0.000009
1.839000	0.000009
1.840000	0.000009
1.841000	0.000009
1.842000	0.000009
1.843000	0.000009
1.844000	0.000009
1.845000	0.000009
1.846000	0.000009
1.847000	0.000009
1.848000	0.000009
1.849000	0.000009
1.850000	0.000009
1.851000	0.000009
1.852000	0.000009
1.853000	0.000009
1.854000	0.000009
1.855000	0.000009
1.856000	0.000009
1.857000	0.000009
1.858000	0.000009
1.859000	0.000009
1.860000	0.000009
1.861000	0.000009
1.862000	0.000009
1.863000	0.000009
1.864000	0.000009
1.865000	0.000009
1.866000	0.000009
1.867000	0.000009
1.868000	0.000009
1.869000	0.000009
1.870000	0.000009
1.871000	0.000009
1.872000	0.000009
1.873000	0.000009
1.874000	0.000009
1.875000	0.000009
1.876000	0.000009
1.877000	0.000009
1.878000	0.000009
1.879000	0.000009
1.880000	0.000009
1.881000	0.000009
1.882000	0.000009
1.883000	0.000009
1.884000	0.000009
1.885000	0.000009
1.886000	0.000009
1.887000	0.000009
1.888000	0.000009
1.889000	0.000009
1.890000	0.000009
1.891000	0.000009
1.892000	0.000009
1.893000	0.000009
1.894000	0.000009
1.895000	0.000009
1.896000	0.000009
1.897000	0.000009
1.898000	0.000009
1.899000	0.000009
1.900000	0.000009
1.901000	0.000009
1.902000	0.000009
1.903000	0.000009
1.904000	0.000009
1.905000	0.000009
1.906000	0.000009
1.907000	0.000009
1.908000	0.000009
1.909000	0.000009
1.910000	0.000009
1.911000	0.000009
1.912000	0.000009
1.913000	0.000009
1.914000	0.000009
1.915000	0.000009
1.916000	0.000009
1.917000	0.000009
1.918000	0.000009
1.919000	0.000009
1.920000	0.000009
1.921000	0.000009
1.922000	0.000009
1.923000	0.000009
1.924000	0.000009
1.925000	0.000009
1.926000	0.000009
1.927000	0.000009
1.928000	0.000009
1.929000	0.000009
1.930000	0.000009
1.931000	0.000009
1.932000	0.000009
1.933000	0.000009
1.934000	0.000009
1.935000	0.000009
1.936000	0.000009
1.937000	0.000009
1.938000	0.000009
1.939000	0.000009
1.940000	0.000009
1.941000	0.000009
1.942000	0.000009
1.943000	0.000009
1.944000	0.000009
1.945000	0.000009
1.946000	0.000009
1.947000	0.000009
1.948000	0.000009
1.949000	0.000009
1.950000	0.000009
1.951000	0.000009
1.952000	0.000009
1.953000	0.000009
1.954000	0.000009
1.955000	0.000009
1.956000	0.000009
1.957000	0.000009
1.958000	0.000009
1.959000	0.000009
1.960000	0.000009
1.961000	0.000009
1.962000	0.000009
1.963000	0.000009
1.964000	0.000009
1.965000	0.000009
1.966000	0.000009
1.967000	0.000009
1.968000	0.000009
1.969000	0.000009
1.970000	0.000009
1.971000	0.000009
1.972000	0.000009
1.973000	0.000009
1.974000	0.000009
1.975000	0.000009
1.976000	0.000009
1.977000	0.000009
1.978000	0.000009
1.979000	0.000009
1.980000	0.000009
1.981000	0.000009
1.982000	0.000009
1.983000	0.000009
1.984000	0.000009
1.985000	0.000009
1.986000	0.000009
1.987000	0.000009
1.988000	0.000009
1.989000	0.000009
1.990000	0.000009
1.991000	0.000009
1.992000	0.000009
1.993000	0.000009
1.994000	0.000009
1.995000	0.000009
1.996000	0.000009
1.997000	0.000009
1.998000	0.000009
1.999000	0.000009
2.000000	0.000009
