0.000000	0.000000
0.001000	-0.000001
0.002000	-0.000002
0.003000	-0.000003
0.004000	-0.000004
0.005000	-0.000006
0.006000	-0.000007
0.007000	-0.000009
0.008000	-0.000010
0.009000	-0.000012
0.010000	-0.000014
0.011000	-0.000016
0.012000	-0.000018
0.013000	-0.000020
0.014000	-0.000023
0.015000	-0.000025
0.016000	-0.000028
0.017000	-0.000031
0.018000	-0.000034
0.019000	-0.000038
0.020000	-0.000041
0.021000	-0.000045
0.022000	-0.000049
0.023000	-0.000053
0.024000	-0.000058
0.025000	-0.000063
0.026000	-0.000068
0.027000	-0.000074
0.028000	-0.000080
0.029000	-0.000086
0.030000	-0.000093
0.031000	-0.000100
0.032000	-0.000107
0.033000	-0.000115
0.034000	-0.000123
0.035000	-0.000132
0.036000	-0.000142
0.037000	-0.000152
0.038000	-0.000163
0.039000	-0.000174
0.040000	-0.000186
0.041000	-0.000198
0.042000	-0.000212
0.043000	-0.000226
0.044000	-0.000240
0.045000	-0.000256
0.046000	-0.000273
0.047000	-0.000290
0.048000	-0.000308
0.049000	-0.000328
0.050000	-0.000348
0.051000	-0.000370
0.052000	-0.000393
0.053000	-0.000417
0.054000	-0.000442
0.055000	-0.000468
0.056000	-0.000496
0.057000	-0.000525
0.058000	-0.000556
0.059000	-0.000589
0.060000	-0.000623
0.061000	-0.000658
0.062000	-0.000696
0.063000	-0.000735
0.064000	-0.000776
0.065000	-0.000819
0.066000	-0.000864
0.067000	-0.000911
0.068000	-0.000961
0.069000	-0.001013
0.070000	-0.001067
0.071000	-0.001123
0.072000	-0.001183
0.073000	-0.001244
0.074000	-0.001309
0.075000	-0.001376
0.076000	-0.001447
0.077000	-0.001520
0.078000	-0.001597
0.079000	-0.001676
0.080000	-0.001759
0.081000	-0.001846
0.082000	-0.001936
0.083000	-0.002029
0.084000	-0.002127
0.085000	-0.002228
0.086000	-0.002333
0.087000	-0.002442
0.088000	-0.002556
0.089000	-0.002674
0.090000	-0.002796
0.091000	-0.002922
0.092000	-0.003054
0.093000	-0.003190
0.094000	-0.003330
0.095000	-0.003476
0.096000	-0.003627
0.097000	-0.003783
0.098000	-0.003944
0.099000	-0.004111
0.100000	-0.004283
0.101000	-0.004461
0.102000	-0.004644
0.103000	-0.004833
0.104000	-0.005028
0.105000	-0.005229
0.106000	-0.005436
0.107000	-0.005649
0.108000	-0.005868
0.109000	-0.006094
0.110000	-0.006325
0.111000	-0.006564
0.112000	-0.006808
0.113000	-0.007059
0.114000	-0.007317
0.115000	-0.007581
0.116000	-0.007852
0.117000	-0.008129
0.118000	-0.008414
0.119000	-0.008704
0.120000	-0.009002
0.121000	-0.009306
0.122000	-0.009617
0.123000	-0.009934
0.124000	-0.010258
0.125000	-0.010588
0.126000	-0.010925
0.127000	-0.011268
0.128000	-0.011618
0.129000	-0.011974
0.130000	-0.012336
0.131000	-0.012704
0.132000	-0.013078
0.133000	-0.013458
0.134000	-0.013843
0.135000	-0.014234
0.136000	-0.014630
0.137000	-0.015032
0.138000	-0.015438
0.139000	-0.015849
0.140000	-0.016264
0.141000	-0.016684
0.142000	-0.017107
0.143000	-0.017534
0.144000	-0.017965
0.145000	-0.018399
0.146000	-0.018835
0.147000	-0.019274
0.148000	-0.019715
0.149000	-0.020158
0.150000	-0.020602
0.151000	-0.021048
0.152000	-0.021494
0.153000	-0.021940
0.154000	-0.022386
0.155000	-0.022831
0.156000	-0.023276
0.157000	-0.023718
0.158000	-0.024159
0.159000	-0.024597
0.160000	-0.025033
0.161000	-0.025464
0.162000	-0.025892
0.163000	-0.026315
0.164000	-0.026733
0.165000	-0.027146
0.166000	-0.027552
0.167000	-0.027952
0.168000	-0.028344
0.169000	-0.028729
0.170000	-0.029105
0.171000	-0.029472
0.172000	-0.029830
0.173000	-0.030177
0.174000	-0.030513
0.175000	-0.030839
0.176000	-0.031152
0.177000	-0.031453
0.178000	-0.031741
0.179000	-0.032015
0.180000	-0.032275
0.181000	-0.032520
0.182000	-0.032749
0.183000	-0.032963
0.184000	-0.033160
0.185000	-0.033340
0.186000	-0.033503
0.187000	-0.033648
0.188000	-0.033774
0.189000	-0.033881
0.190000	-0.033968
0.191000	-0.034036
0.192000	-0.034083
0.193000	-0.034109
0.194000	-0.034114
0.195000	-0.034097
0.196000	-0.034058
0.197000	-0.033997
0.198000	-0.033913
0.199000	-0.033806
0.200000	-0.033676
0.201000	-0.033523
0.202000	-0.033345
0.203000	-0.033144
0.204000	-0.032919
0.205000	-0.032669
0.206000	-0.032395
0.207000	-0.032097
0.208000	-0.031774
0.209000	-0.031426
0.210000	-0.031054
0.211000	-0.030658
0.212000	-0.030237
0.213000	-0.029792
0.214000	-0.029322
0.215000	-0.028829
0.216000	-0.028312
0.217000	-0.027771
0.218000	-0.027207
0.219000	-0.026620
0.220000	-0.026011
0.221000	-0.025379
0.222000	-0.024725
0.223000	-0.024049
0.224000	-0.023353
0.225000	-0.022636
0.226000	-0.021899
0.227000	-0.021142
0.228000	-0.020367
0.229000	-0.019573
0.230000	-0.018761
0.231000	-0.017933
0.232000	-0.017088
0.233000	-0.016227
0.234000	-0.015352
0.235000	-0.014462
0.236000	-0.013559
0.237000	-0.012644
0.238000	-0.011716
0.239000	-0.010778
0.240000	-0.009830
0.241000	-0.008872
0.242000	-0.007906
0.243000	-0.006933
0.244000	-0.005953
0.245000	-0.004967
0.246000	-0.003977
0.247000	-0.002983
0.248000	-0.001986
0.249000	-0.000987
0.250000	0.000013
0.251000	0.001013
0.252000	0.002012
0.253000	0.003008
0.254000	0.004003
0.255000	0.004993
0.256000	0.005978
0.257000	0.006958
0.258000	0.007932
0.259000	0.008898
0.260000	0.009855
0.261000	0.010804
0.262000	0.011742
0.263000	0.012670
0.264000	0.013585
0.265000	0.014488
0.266000	0.015378
0.267000	0.016253
0.268000	0.017114
0.269000	0.017959
0.270000	0.018787
0.271000	0.019599
0.272000	0.020393
0.273000	0.021168
0.274000	0.021925
0.275000	0.022662
0.276000	0.023379
0.277000	0.024075
0.278000	0.024751
0.279000	0.025405
0.280000	0.026037
0.281000	0.026646
0.282000	0.027233
0.283000	0.027797
0.284000	0.028338
0.285000	0.028855
0.286000	0.029348
0.287000	0.029818
0.288000	0.030263
0.289000	0.030684
0.290000	0.031080
0.291000	0.031452
0.292000	0.031800
0.293000	0.032123
0.294000	0.032421
0.295000	0.032695
0.296000	0.032945
0.297000	0.033170
0.298000	0.033371
0.299000	0.033549
0.300000	0.033702
0.301000	0.033832
0.302000	0.033939
0.303000	0.034023
0.304000	0.034084
0.305000	0.034123
0.306000	0.034140
0.307000	0.034135
0.308000	0.034109
0.309000	0.034062
0.310000	0.033994
0.311000	0.033907
0.312000	0.033800
0.313000	0.033674
0.314000	0.033529
0.315000	0.033366
0.316000	0.033186
0.317000	0.032989
0.318000	0.032775
0.319000	0.032545
0.320000	0.032300
0.321000	0.032041
0.322000	0.031767
0.323000	0.031479
0.324000	0.031178
0.325000	0.030865
0.326000	0.030539
0.327000	0.030203
0.328000	0.029855
0.329000	0.029498
0.330000	0.029131
0.331000	0.028755
0.332000	0.028370
0.333000	0.027978
0.334000	0.027578
0.335000	0.027172
0.336000	0.026759
0.337000	0.026341
0.338000	0.025918
0.339000	0.025490
0.340000	0.025059
0.341000	0.024623
0.342000	0.024185
0.343000	0.023744
0.344000	0.023302
0.345000	0.022857
0.346000	0.022412
0.347000	0.021966
0.348000	0.021520
0.349000	0.021074
0.350000	0.020628
0.351000	0.020184
0.352000	0.019741
0.353000	0.019300
0.354000	0.018861
0.355000	0.018424
0.356000	0.017991
0.357000	0.017560
0.358000	0.017133
0.359000	0.016709
0.360000	0.016290
0.361000	0.015875
0.362000	0.015464
0.363000	0.015057
0.364000	0.014656
0.365000	0.014260
0.366000	0.013869
0.367000	0.013484
0.368000	0.013104
0.369000	0.012730
0.370000	0.012362
0.371000	0.012000
0.372000	0.011644
0.373000	0.011294
0.374000	0.010951
0.375000	0.010614
0.376000	0.010284
0.377000	0.009960
0.378000	0.009642
0.379000	0.009332
0.380000	0.009028
0.381000	0.008730
0.382000	0.008439
0.383000	0.008155
0.384000	0.007878
0.385000	0.007607
0.386000	0.007343
0.387000	0.007085
0.388000	0.006834
0.389000	0.006589
0.390000	0.006351
0.391000	0.006120
0.392000	0.005894
0.393000	0.005675
0.394000	0.005462
0.395000	0.005255
0.396000	0.005054
0.397000	0.004859
0.398000	0.004670
0.399000	0.004487
0.400000	0.004309
0.401000	0.004137
0.402000	0.003970
0.403000	0.003809
0.404000	0.003653
0.405000	0.003502
0.406000	0.003356
0.407000	0.003216
0.408000	0.003080
0.409000	0.002948
0.410000	0.002822
0.411000	0.002699
0.412000	0.002582
0.413000	0.002468
0.414000	0.002359
0.415000	0.002254
0.416000	0.002153
0.417000	0.002055
0.418000	0.001962
0.419000	0.001872
0.420000	0.001785
0.421000	0.001702
0.422000	0.001622
0.423000	0.001546
0.424000	0.001473
0.425000	0.001402
0.426000	0.001335
0.427000	0.001270
0.428000	0.001209
0.429000	0.001149
0.430000	0.001093
0.431000	0.001039
0.432000	0.000987
0.433000	0.000937
0.434000	0.000890
0.435000	0.000845
0.436000	0.000802
0.437000	0.000761
0.438000	0.000721
0.439000	0.000684
0.440000	0.000648
0.441000	0.000614
0.442000	0.000582
0.443000	0.000551
0.444000	0.000522
0.445000	0.000494
0.446000	0.000468
0.447000	0.000442
0.448000	0.000419
0.449000	0.000396
0.450000	0.000374
0.451000	0.000354
0.452000	0.000334
0.453000	0.000316
0.454000	0.000298
0.455000	0.000282
0.456000	0.000266
0.457000	0.000251
0.458000	0.000237
0.459000	0.000224
0.460000	0.000212
0.461000	0.000200
0.462000	0.000188
0.463000	0.000178
0.464000	0.000168
0.465000	0.000158
0.466000	0.000149
0.467000	0.000141
0.468000	0.000133
0.469000	0.000125
0.470000	0.000118
0.471000	0.000112
0.472000	0.000106
0.473000	0.000100
0.474000	0.000094
0.475000	0.000089
0.476000	0.000084
0.477000	0.000079
0.478000	0.000075
0.479000	0.000071
0.480000	0.000067
0.481000	0.000064
0.482000	0.000060
0.483000	0.000057
0.484000	0.000054
0.485000	0.000051
0.486000	0.000049
0.487000	0.000046
0.488000	0.000044
0.489000	0.000042
0.490000	0.000040
0.491000	0.000038
0.492000	0.000036
0.493000	0.000035
0.494000	0.000033
0.495000	0.000032
0.496000	0.000030
0.497000	0.000029
0.498000	0.000028
0.499000	0.000027
0.500000	0.000026
0.501000	0.000025
0.502000	0.000024
0.503000	0.000023
0.504000	0.000022
0.505000	0.000022
0.506000	0.000021
0.507000	0.000021
0.508000	0.000020
0.509000	0.000019
0.510000	0.000019
0.511000	0.000018
0.512000	0.000018
0.513000	0.000018
0.514000	0.000017
0.515000	0.000017
0.516000	0.000017
0.517000	0.000016
0.518000	0.000016
0.519000	0.000016
0.520000	0.000016
0.521000	0.000015
0.522000	0.000015
0.523000	0.000015
0.524000	0.000015
0.525000	0.000015
0.526000	0.000015
0.527000	0.000014
0.528000	0.000014
0.529000	0.000014
0.530000	0.000014
0.531000	0.000014
0.532000	0.000014
0.533000	0.000014
0.534000	0.000014
0.535000	0.000014
0.536000	0.000014
0.537000	0.000014
0.538000	0.000014
0.539000	0.000013
0.540000	0.000013
0.541000	0.000013
0.542000	0.000013
0.543000	0.000013
0.544000	0.000013
0.545000	0.000013
0.546000	0.000013
0.547000	0.000013
0.548000	0.000013
0.549000	0.000013
0.550000	0.000013
0.551000	0.000013
0.552000	0.000013
0.553000	0.000013
0.554000	0.000013
0.555000	0.000013
0.556000	0.000013
0.557000	0.000013
0.558000	0.000013
0.559000	0.000013
0.560000	0.000013
0.561000	0.000013
0.562000	0.000013
0.563000	0.000013
0.564000	0.000013
0.565000	0.000013
0.566000	0.000013
0.567000	0.000013
0.568000	0.000013
0.569000	0.000013
0.570000	0.000013
0.571000	0.000013
0.572000	0.000013
0.573000	0.000013
0.574000	0.000013
0.575000	0.000013
0.576000	0.000013
0.577000	0.000013
0.578000	0.000013
0.579000	0.000013
0.580000	0.000013
0.581000	0.000013
0.582000	0.000013
0.583000	0.000013
0.584000	0.000013
0.585000	0.000013
0.586000	0.000013
0.587000	0.000013
0.588000	0.000013
0.589000	0.000013
0.590000	0.000013
0.591000	0.000013
0.592000	0.000013
0.593000	0.000013
0.594000	0.000013
0.595000	0.000013
0.596000	0.000013
0.597000	0.000013
0.598000	0.000013
0.599000	0.000013
0.600000	0.000013
0.601000	0.000013
0.602000	0.000013
0.603000	0.000013
0.604000	0.000013
0.605000	0.000013
0.606000	0.000013
0.607000	0.000013
0.608000	0.000013
0.609000	0.000013
0.610000	0.000013
0.611000	0.000013
0.612000	0.000013
0.613000	0.000013
0.614000	0.000013
0.615000	0.000013
0.616000	0.000013
0.617000	0.000013
0.618000	0.000013
0.619000	0.000013
0.620000	0.000013
0.621000	0.000013
0.622000	0.000013
0.623000	0.000013
0.624000	0.000013
0.625000	0.000013
0.626000	0.000013
0.627000	0.000013
0.628000	0.000013
0.629000	0.000013
0.630000	0.000013
0.631000	0.000013
0.632000	0.000013
0.633000	0.000013
0.634000	0.000013
0.635000	0.000013
0.636000	0.000013
0.637000	0.000013
0.638000	0.000013
0.639000	0.000013
0.640000	0.000013
0.641000	0.000013
0.642000	0.000013
0.643000	0.000013
0.644000	0.000013
0.645000	0.000013
0.646000	0.000013
0.647000	0.000013
0.648000	0.000013
0.649000	0.000013
0.650000	0.000013
0.651000	0.000013
0.652000	0.000013
0.653000	0.000013
0.654000	0.000013
0.655000	0.000013
0.656000	0.000013
0.657000	0.000013
0.658000	0.000013
0.659000	0.000013
0.660000	0.000013
0.661000	0.000013
0.662000	0.000013
0.663000	0.000013
0.664000	0.000013
0.665000	0.000013
0.666000	0.000013
0.667000	0.000013
0.668000	0.000013
0.669000	0.000013
0.670000	0.000013
0.671000	0.000013
0.672000	0.000013
0.673000	0.000013
0.674000	0.000013
0.675000	0.000013
0.676000	0.000013
0.677000	0.000013
0.678000	0.000013
0.679000	0.000013
0.680000	0.000013
0.681000	0.000013
0.682000	0.000013
0.683000	0.000013
0.684000	0.000013
0.685000	0.000013
0.686000	0.000013
0.687000	0.000013
0.688000	0.000013
0.689000	0.000013
0.690000	0.000013
0.691000	0.000013
0.692000	0.000013
0.693000	0.000013
0.694000	0.000013
0.695000	0.000013
0.696000	0.000013
0.697000	0.000013
0.698000	0.000013
0.699000	0.000013
0.700000	0.000013
0.701000	0.000013
0.702000	0.000013
0.703000	0.000013
0.704000	0.000013
0.705000	0.000013
0.706000	0.000013
0.707000	0.000013
0.708000	0.000013
0.709000	0.000013
0.710000	0.000013
0.711000	0.000013
0.712000	0.000013
0.713000	0.000013
0.714000	0.000013
0.715000	0.000013
0.716000	0.000013
0.717000	0.000013
0.718000	0.000013
0.719000	0.000013
0.720000	0.000013
0.721000	0.000013
0.722000	0.000013
0.723000	0.000013
0.724000	0.000013
0.725000	0.000013
0.726000	0.000013
0.727000	0.000013
0.728000	0.000013
0.729000	0.000013
0.730000	0.000013
0.731000	0.000013
0.732000	0.000013
0.733000	0.000013
0.734000	0.000013
0.735000	0.000013
0.736000	0.000013
0.737000	0.000013
0.738000	0.000013
0.739000	0.000013
0.740000	0.000013
0.741000	0.000013
0.742000	0.000013
0.743000	0.000013
0.744000	0.000013
0.745000	0.000013
0.746000	0.000013
0.747000	0.000013
0.748000	0.000013
0.749000	0.000013
0.750000	0.000013
0.751000	0.000013
0.752000	0.000013
0.753000	0.000013
0.754000	0.000013
0.755000	0.000013
0.756000	0.000013
0.757000	0.000013
0.758000	0.000013
0.759000	0.000013
0.760000	0.000013
0.761000	0.000013
0.762000	0.000013
0.763000	0.000013
0.764000	0.000013
0.765000	0.000013
0.766000	0.000013
0.767000	0.000013
0.768000	0.000013
0.769000	0.000013
0.770000	0.000013
0.771000	0.000013
0.772000	0.000013
0.773000	0.000013
0.774000	0.000013
0.775000	0.000013
0.776000	0.000013
0.777000	0.000013
0.778000	0.000013
0.779000	0.000013
0.780000	0.000013
0.781000	0.000013
0.782000	0.000013
0.783000	0.000013
0.784000	0.000013
0.785000	0.000013
0.786000	0.000013
0.787000	0.000013
0.788000	0.000013
0.789000	0.000013
0.790000	0.000013
0.791000	0.000013
0.792000	0.000013
0.793000	0.000013
0.794000	0.000013
0.795000	0.000013
0.796000	0.000013
0.797000	0.000013
0.798000	0.000013
0.799000	0.000013
0.800000	0.000013
0.801000	0.000013
0.802000	0.000013
0.803000	0.000013
0.804000	0.000013
0.805000	0.000013
0.806000	0.000013
0.807000	0.000013
0.808000	0.000013
0.809000	0.000013
0.810000	0.000013
0.811000	0.000013
0.812000	0.000013
0.813000	0.000013
0.814000	0.000013
0.815000	0.000013
0.816000	0.000013
0.817000	0.000013
0.818000	0.000013
0.819000	0.000013
0.820000	0.000013
0.821000	0.000013
0.822000	0.000013
0.823000	0.000013
0.824000	0.000013
0.825000	0.000013
0.826000	0.000013
0.827000	0.000013
0.828000	0.000013
0.829000	0.000013
0.830000	0.000013
0.831000	0.000013
0.832000	0.000013
0.833000	0.000013
0.834000	0.000013
0.835000	0.000013
0.836000	0.000013
0.837000	0.000013
0.838000	0.000013
0.839000	0.000013
0.840000	0.000013
0.841000	0.000013
0.842000	0.000013
0.843000	0.000013
0.844000	0.000013
0.845000	0.000013
0.846000	0.000013
0.847000	0.000013
0.848000	0.000013
0.849000	0.000013
0.850000	0.000013
0.851000	0.000013
0.852000	0.000013
0.853000	0.000013
0.854000	0.000013
0.855000	0.000013
0.856000	0.000013
0.857000	0.000013
0.858000	0.000013
0.859000	0.000013
0.860000	0.000013
0.861000	0.000013
0.862000	0.000013
0.863000	0.000013
0.864000	0.000013
0.865000	0.000013
0.866000	0.000013
0.867000	0.000013
0.868000	0.000013
0.869000	0.000013
0.870000	0.000013
0.871000	0.000013
0.872000	0.000013
0.873000	0.000013
0.874000	0.000013
0.875000	0.000013
0.876000	0.000013
0.877000	0.000013
0.878000	0.000013
0.879000	0.000013
0.880000	0.000013
0.881000	0.000013
0.882000	0.000013
0.883000	0.000013
0.884000	0.000013
0.885000	0.000013
0.886000	0.000013
0.887000	0.000013
0.888000	0.000013
0.889000	0.000013
0.890000	0.000013
0.891000	0.000013
0.892000	0.000013
0.893000	0.000013
0.894000	0.000013
0.895000	0.000013
0.896000	0.000013
0.897000	0.000013
0.898000	0.000013
0.899000	0.000013
0.900000	0.000013
0.901000	0.000013
0.902000	0.000013
0.903000	0.000013
0.904000	0.000013
0.905000	0.000013
0.906000	0.000013
0.907000	0.000013
0.908000	0.000013
0.909000	0.000013
0.910000	0.000013
0.911000	0.000013
0.912000	0.000013
0.913000	0.000013
0.914000	0.000013
0.915000	0.000013
0.916000	0.000013
0.917000	0.000013
0.918000	0.000013
0.919000	0.000013
0.920000	0.000013
0.921000	0.000013
0.922000	0.000013
0.923000	0.000013
0.924000	0.000013
0.925000	0.000013
0.926000	0.000013
0.927000	0.000013
0.928000	0.000013
0.929000	0.000013
0.930000	0.000013
0.931000	0.000013
0.932000	0.000013
0.933000	0.000013
0.934000	0.000013
0.935000	0.000013
0.936000	0.000013
0.937000	0.000013
0.938000	0.000013
0.939000	0.000013
0.940000	0.000013
0.941000	0.000013
0.942000	0.000013
0.943000	0.000013
0.944000	0.000013
0.945000	0.000013
0.946000	0.000013
0.947000	0.000013
0.948000	0.000013
0.949000	0.000013
0.950000	0.000013
0.951000	0.000013
0.952000	0.000013
0.953000	0.000013
0.954000	0.000013
0.955000	0.000013
0.956000	0.000013
0.957000	0.000013
0.958000	0.000013
0.959000	0.000013
0.960000	0.000013
0.961000	0.000013
0.962000	0.000013
0.963000	0.000013
0.964000	0.000013
0.965000	0.000013
0.966000	0.000013
0.967000	0.000013
0.968000	0.000013
0.969000	0.000013
0.970000	0.000013
0.971000	0.000013
0.972000	0.000013
0.973000	0.000013
0.974000	0.000013
0.975000	0.000013
0.976000	0.000013
0.977000	0.000013
0.978000	0.000013
0.979000	0.000013
0.980000	0.000013
0.981000	0.000013
0.982000	0.000013
0.983000	0.000013
0.984000	0.000013
0.985000	0.000013
0.986000	0.000013
0.987000	0.000013
0.988000	0.000013
0.989000	0.000013
0.990000	0.000013
0.991000	0.000013
0.992000	0.000013
0.993000	0.000013
0.994000	0.000013
0.995000	0.000013
0.996000	0.000013
0.997000	0.000013
0.998000	0.000013
0.999000	0.000013
1.000000	0.000013
1.001000	0.000013
1.002000	0.000013
1.003000	0.000013
1.004000	0.000013
1.005000	0.000013
1.006000	0.000013
1.007000	0.000013
1.008000	0.000013
1.009000	0.000013
1.010000	0.000013
1.011000	0.000013
1.012000	0.000013
1.013000	0.000013
1.014000	0.000013
1.015000	0.000013
1.016000	0.000013
1.017000	0.000013
1.018000	0.000013
1.019000	0.000013
1.020000	0.000013
1.021000	0.000013
1.022000	0.000013
1.023000	0.000013
1.024000	0.000013
1.025000	0.000013
1.026000	0.000013
1.027000	0.000013
1.028000	0.000013
1.029000	0.000013
1.030000	0.000013
1.031000	0.000013
1.032000	0.000013
1.033000	0.000013
1.034000	0.000013
1.035000	0.000013
1.036000	0.000013
1.037000	0.000013
1.038000	0.000013
1.039000	0.000013
1.040000	0.000013
1.041000	0.000013
1.042000	0.000013
1.043000	0.000013
1.044000	0.000013
1.045000	0.000013
1.046000	0.000013
1.047000	0.000013
1.048000	0.000013
1.049000	0.000013
1.050000	0.000013
1.051000	0.000013
1.052000	0.000013
1.053000	0.000013
1.054000	0.000013
1.055000	0.000013
1.056000	0.000013
1.057000	0.000013
1.058000	0.000013
1.059000	0.000013
1.060000	0.000013
1.061000	0.000013
1.062000	0.000013
1.063000	0.000013
1.064000	0.000013
1.065000	0.000013
1.066000	0.000013
1.067000	0.000013
1.068000	0.000013
1.069000	0.000013
1.070000	0.000013
1.071000	0.000013
1.072000	0.000013
1.073000	0.000013
1.074000	0.000013
1.075000	0.000013
1.076000	0.000013
1.077000	0.000013
1.078000	0.000013
1.079000	0.000013
1.080000	0.000013
1.081000	0.000013
1.082000	0.000013
1.083000	0.000013
1.084000	0.000013
1.085000	0.000013
1.086000	0.000013
1.087000	0.000013
1.088000	0.000013
1.089000	0.000013
1.090000	0.000013
1.091000	0.000013
1.092000	0.000013
1.093000	0.000013
1.094000	0.000013
1.095000	0.000013
1.096000	0.000013
1.097000	0.000013
1.098000	0.000013
1.099000	0.000013
1.100000	0.000013
1.101000	0.000013
1.102000	0.000013
1.103000	0.000013
1.104000	0.000013
1.105000	0.000013
1.106000	0.000013
1.107000	0.000013
1.108000	0.000013
1.109000	0.000013
1.110000	0.000013
1.111000	0.000013
1.112000	0.000013
1.113000	0.000013
1.114000	0.000013
1.115000	0.000013
1.116000	0.000013
1.117000	0.000013
1.118000	0.000013
1.119000	0.000013
1.120000	0.000013
1.121000	0.000013
1.122000	0.000013
1.123000	0.000013
1.124000	0.000013
1.125000	0.000013
1.126000	0.000013
1.127000	0.000013
1.128000	0.000013
1.129000	0.000013
1.130000	0.000013
1.131000	0.000013
1.132000	0.000013
1.133000	0.000013
1.134000	0.000013
1.135000	0.000013
1.136000	0.000013
1.137000	0.000013
1.138000	0.000013
1.139000	0.000013
1.140000	0.000013
1.141000	0.000013
1.142000	0.000013
1.143000	0.000013
1.144000	0.000013
1.145000	0.000013
1.146000	0.000013
1.147000	0.000013
1.148000	0.000013
1.149000	0.000013
1.150000	0.000013
1.151000	0.000013
1.152000	0.000013
1.153000	0.000013
1.154000	0.000013
1.155000	0.000013
1.156000	0.000013
1.157000	0.000013
1.158000	0.000013
1.159000	0.000013
1.160000	0.000013
1.161000	0.000013
1.162000	0.000013
1.163000	0.000013
1.164000	0.000013
1.165000	0.000013
1.166000	0.000013
1.167000	0.000013
1.168000	0.000013
1.169000	0.000013
1.170000	0.000013
1.171000	0.000013
1.172000	0.000013
1.173000	0.000013
1.174000	0.000013
1.175000	0.000013
1.176000	0.000013
1.177000	0.000013
1.178000	0.000013
1.179000	0.000013
1.180000	0.000013
1.181000	0.000013
1.182000	0.000013
1.183000	0.000013
1.184000	0.000013
1.185000	0.000013
1.186000	0.000013
1.187000	0.000013
1.188000	0.000013
1.189000	0.000013
1.190000	0.000013
1.191000	0.000013
1.192000	0.000013
1.193000	0.000013
1.194000	0.000013
1.195000	0.000013
1.196000	0.000013
1.197000	0.000013
1.198000	0.000013
1.199000	0.000013
1.200000	0.000013
1.201000	0.000013
1.202000	0.000013
1.203000	0.000013
1.204000	0.000013
1.205000	0.000013
1.206000	0.000013
1.207000	0.000013
1.208000	0.000013
1.209000	0.000013
1.210000	0.000013
1.211000	0.000013
1.212000	0.000013
1.213000	0.000013
1.214000	0.000013
1.215000	0.000013
1.216000	0.000013
1.217000	0.000013
1.218000	0.000013
1.219000	0.000013
1.220000	0.000013
1.221000	0.000013
1.222000	0.000013
1.223000	0.000013
1.224000	0.000013
1.225000	0.000013
1.226000	0.000013
1.227000	0.000013
1.228000	0.000013
1.229000	0.000013
1.230000	0.000013
1.231000	0.000013
1.232000	0.000013
1.233000	0.000013
1.234000	0.000013
1.235000	0.000013
1.236000	0.000013
1.237000	0.000013
1.238000	0.000013
1.239000	0.000013
1.240000	0.000013
1.241000	0.000013
1.242000	0.000013
1.243000	0.000013
1.244000	0.000013
1.245000	0.000013
1.246000	0.000013
1.247000	0.000013
1.248000	0.000013
1.249000	0.000013
1.250000	0.000013
1.251000	0.000013
1.252000	0.000013
1.253000	0.000013
1.254000	0.000013
1.255000	0.000013
1.256000	0.000013
1.257000	0.000013
1.258000	0.000013
1.259000	0.000013
1.260000	0.000013
1.261000	0.000013
1.262000	0.000013
1.263000	0.000013
1.264000	0.000013
1.265000	0.000013
1.266000	0.000013
1.267000	0.000013
1.268000	0.000013
1.269000	0.000013
1.270000	0.000013
1.271000	0.000013
1.272000	0.000013
1.273000	0.000013
1.274000	0.000013
1.275000	0.000013
1.276000	0.000013
1.277000	0.000013
1.278000	0.000013
1.279000	0.000013
1.280000	0.000013
1.281000	0.000013
1.282000	0.000013
1.283000	0.000013
1.284000	0.000013
1.285000	0.000013
1.286000	0.000013
1.287000	0.000013
1.288000	0.000013
1.289000	0.000013
1.290000	0.000013
1.291000	0.000013
1.292000	0.000013
1.293000	0.000013
1.294000	0.000013
1.295000	0.000013
1.296000	0.000013
1.297000	0.000013
1.298000	0.000013
1.299000	0.000013
1.300000	0.000013
1.301000	0.000013
1.302000	0.000013
1.303000	0.000013
1.304000	0.000013
1.305000	0.000013
1.306000	0.000013
1.307000	0.000013
1.308000	0.000013
1.309000	0.000013
1.310000	0.000013
1.311000	0.000013
1.312000	0.000013
1.313000	0.000013
1.314000	0.000013
1.315000	0.000013
1.316000	0.000013
1.317000	0.000013
1.318000	0.000013
1.319000	0.000013
1.320000	0.000013
1.321000	0.000013
1.322000	0.000013
1.323000	0.000013
1.324000	0.000013
1.325000	0.000013
1.326000	0.000013
1.327000	0.000013
1.328000	0.000013
1.329000	0.000013
1.330000	0.000013
1.331000	0.000013
1.332000	0.000013
1.333000	0.000013
1.334000	0.000013
1.335000	0.000013
1.336000	0.000013
1.337000	0.000013
1.338000	0.000013
1.339000	0.000013
1.340000	0.000013
1.341000	0.000013
1.342000	0.000013
1.343000	0.000013
1.344000	0.000013
1.345000	0.000013
1.346000	0.000013
1.347000	0.000013
1.348000	0.000013
1.349000	0.000013
1.350000	0.000013
1.351000	0.000013
1.352000	0.000013
1.353000	0.000013
1.354000	0.000013
1.355000	0.000013
1.356000	0.000013
1.357000	0.000013
1.358000	0.000013
1.359000	0.000013
1.360000	0.000013
1.361000	0.000013
1.362000	0.000013
1.363000	0.000013
1.364000	0.000013
1.365000	0.000013
1.366000	0.000013
1.367000	0.000013
1.368000	0.000013
1.369000	0.000013
1.370000	0.000013
1.371000	0.000013
1.372000	0.000013
1.373000	0.000013
1.374000	0.000013
1.375000	0.000013
1.376000	0.000013
1.377000	0.000013
1.378000	0.000013
1.379000	0.000013
1.380000	0.000013
1.381000	0.000013
1.382000	0.000013
1.383000	0.000013
1.384000	0.000013
1.385000	0.000013
1.386000	0.000013
1.387000	0.000013
1.388000	0.000013
1.389000	0.000013
1.390000	0.000013
1.391000	0.000013
1.392000	0.000013
1.393000	0.000013
1.394000	0.000013
1.395000	0.000013
1.396000	0.000013
1.397000	0.000013
1.398000	0.000013
1.399000	0.000013
1.400000	0.000013
1.401000	0.000013
1.402000	0.000013
1.403000	0.000013
1.404000	0.000013
1.405000	0.000013
1.406000	0.000013
1.407000	0.000013
1.408000	0.000013
1.409000	0.000013
1.410000	0.000013
1.411000	0.000013
1.412000	0.000013
1.413000	0.000013
1.414000	0.000013
1.415000	0.000013
1.416000	0.000013
1.417000	0.000013
1.418000	0.000013
1.419000	0.000013
1.420000	0.000013
1.421000	0.000013
1.422000	0.000013
1.423000	0.000013
1.424000	0.000013
1.425000	0.000013
1.426000	0.000013
1.427000	0.000013
1.428000	0.000013
1.429000	0.000013
1.430000	0.000013
1.431000	0.000013
1.432000	0.000013
1.433000	0.000013
1.434000	0.000013
1.435000	0.000013
1.436000	0.000013
1.437000	0.000013
1.438000	0.000013
1.439000	0.000013
1.440000	0.000013
1.441000	0.000013
1.442000	0.000013
1.443000	0.000013
1.444000	0.000013
1.445000	0.000013
1.446000	0.000013
1.447000	0.000013
1.448000	0.000013
1.449000	0.000013
1.450000	0.000013
1.451000	0.000013
1.452000	0.000013
1.453000	0.000013
1.454000	0.000013
1.455000	0.000013
1.456000	0.000013
1.457000	0.000013
1.458000	0.000013
1.459000	0.000013
1.460000	0.000013
1.461000	0.000013
1.462000	0.000013
1.463000	0.000013
1.464000	0.000013
1.465000	0.000013
1.466000	0.000013
1.467000	0.000013
1.468000	0.000013
1.469000	0.000013
1.470000	0.000013
1.471000	0.000013
1.472000	0.000013
1.473000	0.000013
1.474000	0.000013
1.475000	0.000013
1.476000	0.000013
1.477000	0.000013
1.478000	0.000013
1.479000	0.000013
1.480000	0.000013
1.481000	0.000013
1.482000	0.000013
1.483000	0.000013
1.484000	0.000013
1.485000	0.000013
1.486000	0.000013
1.487000	0.000013
1.488000	0.000013
1.489000	0.000013
1.490000	0.000013
1.491000	0.000013
1.492000	0.000013
1.493000	0.000013
1.494000	0.000013
1.495000	0.000013
1.496000	0.000013
1.497000	0.000013
1.498000	0.000013
1.499000	0.000013
1.500000	0.000013
1.501000	0.000013
1.502000	0.000013
1.503000	0.000013
1.504000	0.000013
1.505000	0.000013
1.506000	0.000013
1.507000	0.000013
1.508000	0.000013
1.509000	0.000013
1.510000	0.000013
1.511000	0.000013
1.512000	0.000013
1.513000	0.000013
1.514000	0.000013
1.515000	0.000013
1.516000	0.000013
1.517000	0.000013
1.518000	0.000013
1.519000	0.000013
1.520000	0.000013
1.521000	0.000013
1.522000	0.000013
1.523000	0.000013
1.524000	0.000013
1.525000	0.000013
1.526000	0.000013
1.527000	0.000013
1.528000	0.000013
1.529000	0.000013
1.530000	0.000013
1.531000	0.000013
1.532000	0.000013
1.533000	0.000013
1.534000	0.000013
1.535000	0.000013
1.536000	0.000013
1.537000	0.000013
1.538000	0.000013
1.539000	0.000013
1.540000	0.000013
1.541000	0.000013
1.542000	0.000013
1.543000	0.000013
1.544000	0.000013
1.545000	0.000013
1.546000	0.000013
1.547000	0.000013
1.548000	0.000013
1.549000	0.000013
1.550000	0.000013
1.551000	0.000013
1.552000	0.000013
1.553000	0.000013
1.554000	0.000013
1.555000	0.000013
1.556000	0.000013
1.557000	0.000013
1.558000	0.000013
1.559000	0.000013
1.560000	0.000013
1.561000	0.000013
1.562000	0.000013
1.563000	0.000013
1.564000	0.000013
1.565000	0.000013
1.566000	0.000013
1.567000	0.000013
1.568000	0.000013
1.569000	0.000013
1.570000	0.000013
1.571000	0.000013
1.572000	0.000013
1.573000	0.000013
1.574000	0.000013
1.575000	0.000013
1.576000	0.000013
1.577000	0.000013
1.578000	0.000013
1.579000	0.000013
1.580000	0.000013
1.581000	0.000013
1.582000	0.000013
1.583000	0.000013
1.584000	0.000013
1.585000	0.000013
1.586000	0.000013
1.587000	0.000013
1.588000	0.000013
1.589000	0.000013
1.590000	0.000013
1.591000	0.000013
1.592000	0.000013
1.593000	0.000013
1.594000	0.000013
1.595000	0.000013
1.596000	0.000013
1.597000	0.000013
1.598000	0.000013
1.599000	0.000013
1.600000	0.000013
1.601000	0.000013
1.602000	0.000013
1.603000	0.000013
1.604000	0.000013
1.605000	0.000013
1.606000	0.000013
1.607000	0.000013
1.608000	0.000013
1.609000	0.000013
1.610000	0.000013
1.611000	0.000013
1.612000	0.000013
1.613000	0.000013
1.614000	0.000013
1.615000	0.000013
1.616000	0.000013
1.617000	0.000013
1.618000	0.000013
1.619000	0.000013
1.620000	0.000013
1.621000	0.000013
1.622000	0.000013
1.623000	0.000013
1.624000	0.000013
1.625000	0.000013
1.626000	0.000013
1.627000	0.000013
1.628000	0.000013
1.629000	0.000013
1.630000	0.000013
1.631000	0.000013
1.632000	0.000013
1.633000	0.000013
1.634000	0.000013
1.635000	0.000013
1.636000	0.000013
1.637000	0.000013
1.638000	0.000013
1.639000	0.000013
1.640000	0.000013
1.641000	0.000013
1.642000	0.000013
1.643000	0.000013
1.644000	0.000013
1.645000	0.000013
1.646000	0.000013
1.647000	0.000013
1.648000	0.000013
1.649000	0.000013
1.650000	0.000013
1.651000	0.000013
1.652000	0.000013
1.653000	0.000013
1.654000	0.000013
1.655000	0.000013
1.656000	0.000013
1.657000	0.000013
1.658000	0.000013
1.659000	0.000013
1.660000	0.000013
1.661000	0.000013
1.662000	0.000013
1.663000	0.000013
1.664000	0.000013
1.665000	0.000013
1.666000	0.000013
1.667000	0.000013
1.668000	0.000013
1.669000	0.000013
1.670000	0.000013
1.671000	0.000013
1.672000	0.000013
1.673000	0.000013
1.674000	0.000013
1.675000	0.000013
1.676000	0.000013
1.677000	0.000013
1.678000	0.000013
1.679000	0.000013
1.680000	0.000013
1.681000	0.000013
1.682000	0.000013
1.683000	0.000013
1.684000	0.000013
1.685000	0.000013
1.686000	0.000013
1.687000	0.000013
1.688000	0.000013
1.689000	0.000013
1.690000	0.000013
1.691000	0.000013
1.692000	0.000013
1.693000	0.000013
1.694000	0.000013
1.695000	0.000013
1.696000	0.000013
1.697000	0.000013
1.698000	0.000013
1.699000	0.000013
1.700000	0.000013
1.701000	0.000013
1.702000	0.000013
1.703000	0.000013
1.704000	0.000013
1.705000	0.000013
1.706000	0.000013
1.707000	0.000013
1.708000	0.000013
1.709000	0.000013
1.710000	0.000013
1.711000	0.000013
1.712000	0.000013
1.713000	0.000013
1.714000	0.000013
1.715000	0.000013
1.716000	0.000013
1.717000	0.000013
1.718000	0.000013
1.719000	0.000013
1.720000	0.000013
1.721000	0.000013
1.722000	0.000013
1.723000	0.000013
1.724000	0.000013
1.725000	0.000013
1.726000	0.000013
1.727000	0.000013
1.728000	0.000013
1.729000	0.000013
1.730000	0.000013
1.731000	0.000013
1.732000	0.000013
1.733000	0.000013
1.734000	0.000013
1.735000	0.000013
1.736000	0.000013
1.737000	0.000013
1.738000	0.000013
1.739000	0.000013
1.740000	0.000013
1.741000	0.000013
1.742000	0.000013
1.743000	0.000013
1.744000	0.000013
1.745000	0.000013
1.746000	0.000013
1.747000	0.000013
1.748000	0.000013
1.749000	0.000013
1.750000	0.000013
1.751000	0.000013
1.752000	0.000013
1.753000	0.000013
1.754000	0.000013
1.755000	0.000013
1.756000	0.000013
1.757000	0.000013
1.758000	0.000013
1.759000	0.000013
1.760000	0.000013
1.761000	0.000013
1.762000	0.000013
1.763000	0.000013
1.764000	0.000013
1.765000	0.000013
1.766000	0.000013
1.767000	0.000013
1.768000	0.000013
1.769000	0.000013
1.770000	0.000013
1.771000	0.000013
1.772000	0.000013
1.773000	0.000013
1.774000	0.000013
1.775000	0.000013
1.776000	0.000013
1.777000	0.000013
1.778000	0.000013
1.779000	0.000013
1.780000	0.000013
1.781000	0.000013
1.782000	0.000013
1.783000	0.000013
1.784000	0.000013
1.785000	0.000013
1.786000	0.000013
1.787000	0.000013
1.788000	0.000013
1.789000	0.000013
1.790000	0.000013
1.791000	0.000013
1.792000	0.000013
1.793000	0.000013
1.794000	0.000013
1.795000	0.000013
1.796000	0.000013
1.797000	0.000013
1.798000	0.000013
1.799000	0.000013
1.800000	0.000013
1.801000	0.000013
1.802000	0.000013
1.803000	0.000013
1.804000	0.000013
1.805000	0.000013
1.806000	0.000013
1.807000	0.000013
1.808000	0.000013
1.809000	0.000013
1.810000	0.000013
1.811000	0.000013
1.812000	0.000013
1.813000	0.000013
1.814000	0.000013
1.815000	0.000013
1.816000	0.000013
1.817000	0.000013
1.818000	0.000013
1.819000	0.000013
1.820000	0.000013
1.821000	0.000013
1.822000	0.000013
1.823000	0.000013
1.824000	0.000013
1.825000	0.000013
1.826000	0.000013
1.827000	0.000013
1.828000	0.000013
1.829000	0.000013
1.830000	0.000013
1.831000	0.000013
1.832000	0.000013
1.833000	0.000013
1.834000	0.000013
1.835000	0.000013
1.836000	0.000013
1.837000	0.000013
1.838000	0.000013
1.839000	0.000013
1.840000	0.000013
1.841000	0.000013
1.842000	0.000013
1.843000	0.000013
1.844000	0.000013
1.845000	0.000013
1.846000	0.000013
1.847000	0.000013
1.848000	0.000013
1.849000	0.000013
1.850000	0.000013
1.851000	0.000013
1.852000	0.000013
1.853000	0.000013
1.854000	0.000013
1.855000	0.000013
1.856000	0.000013
1.857000	0.000013
1.858000	0.000013
1.859000	0.000013
1.860000	0.000013
1.861000	0.000013
1.862000	0.000013
1.863000	0.000013
1.864000	0.000013
1.865000	0.000013
1.866000	0.000013
1.867000	0.000013
1.868000	0.000013
1.869000	0.000013
1.870000	0.000013
1.871000	0.000013
1.872000	0.000013
1.873000	0.000013
1.874000	0.000013
1.875000	0.000013
1.876000	0.000013
1.877000	0.000013
1.878000	0.000013
1.879000	0.000013
1.880000	0.000013
1.881000	0.000013
1.882000	0.000013
1.883000	0.000013
1.884000	0.000013
1.885000	0.000013
1.886000	0.000013
1.887000	0.000013
1.888000	0.000013
1.889000	0.000013
1.890000	0.000013
1.891000	0.000013
1.892000	0.000013
1.893000	0.000013
1.894000	0.000013
1.895000	0.000013
1.896000	0.000013
1.897000	0.000013
1.898000	0.000013
1.899000	0.000013
1.900000	0.000013
1.901000	0.000013
1.902000	0.000013
1.903000	0.000013
1.904000	0.000013
1.905000	0.000013
1.906000	0.000013
1.907000	0.000013
1.908000	0.000013
1.909000	0.000013
1.910000	0.000013
1.911000	0.000013
1.912000	0.000013
1.913000	0.000013
1.914000	0.000013
1.915000	0.000013
1.916000	0.000013
1.917000	0.000013
1.918000	0.000013
1.919000	0.000013
1.920000	0.000013
1.921000	0.000013
1.922000	0.000013
1.923000	0.000013
1.924000	0.000013
1.925000	0.000013
1.926000	0.000013
1.927000	0.000013
1.928000	0.000013
1.929000	0.000013
1.930000	0.000013
1.931000	0.000013
1.932000	0.000013
1.933000	0.000013
1.934000	0.000013
1.935000	0.000013
1.936000	0.000013
1.937000	0.000013
1.938000	0.000013
1.939000	0.000013
1.940000	0.000013
1.941000	0.000013
1.942000	0.000013
1.943000	0.000013
1.944000	0.000013
1.945000	0.000013
1.946000	0.000013
1.947000	0.000013
1.948000	0.000013
1.949000	0.000013
1.950000	0.000013
1.951000	0.000013
1.952000	0.000013
1.953000	0.000013
1.954000	0.000013
1.955000	0.000013
1.956000	0.000013
1.957000	0.000013
1.958000	0.000013
1.959000	0.000013
1.960000	0.000013
1.961000	0.000013
1.962000	0.000013
1.963000	0.000013
1.964000	0.000013
1.965000	0.000013
1.966000	0.000013
1.967000	0.000013
1.968000	0.000013
1.969000	0.000013
1.970000	0.000013
1.971000	0.000013
1.972000	0.000013
1.973000	0.000013
1.974000	0.000013
1.975000	0.000013
1.976000	0.000013
1.977000	0.000013
1.978000	0.000013
1.979000	0.000013
1.980000	0.000013
1.981000	0.000013
1.982000	0.000013
1.983000	0.000013
1.984000	0.000013
1.985000	0.000013
1.986000	0.000013
1.987000	0.000013
1.988000	0.000013
1.989000	0.000013
1.990000	0.000013
1.991000	0.000013
1.992000	0.000013
1.993000	0.000013
1.994000	0.000013
1.995000	0.000013
1.996000	0.000013
1.997000	0.000013
1.998000	0.000013
1.999000	0.000013
2.000000	0.000013
