0.00000000	0.00000000
0.02000000	0.00097511
0.04000000	0.00142932
0.06000000	0.00194630
0.08000000	0.00310977
0.10000000	0.00491972
0.12000000	0.00665510
0.14000000	0.00759588
0.16000000	0.00774205
0.18000000	0.00797749
0.20000000	0.00918608
0.22000000	0.01136783
0.24000000	0.01341518
0.26000000	0.01422058
0.28000000	0.01472481
0.30000000	0.01535363
0.32000000	0.01559103
0.34000000	0.01604720
0.36000000	0.01733329
0.38000000	0.01944931
0.40000000	0.02239525
0.42000000	0.02373922
0.44000000	0.02104834
0.46000000	0.01772078
0.48000000	0.01715573
0.50000000	0.01808179
0.52000000	0.02022135
0.54000000	0.02456915
0.56000000	0.03112517
0.58000000	0.03735746
0.60000000	0.04073602
0.62000000	0.04265486
0.64000000	0.04450601
0.66000000	0.04628947
0.68000000	0.04668775
0.70000000	0.04438240
0.72000000	0.03937342
0.74000000	0.03289195
0.76000000	0.02397662
0.78000000	0.01391450
0.80000000	0.00618422
0.82000000	-0.00023838
0.84000000	-0.00637650
0.86000000	-0.01223013
0.88000000	-0.01779926
0.90000000	-0.02455051
0.92000000	-0.03395045
0.94000000	-0.04599909
0.96000000	-0.06069643
0.98000000	-0.07542320
1.00000000	-0.08756112
1.02000000	-0.09711115
1.04000000	-0.10541728
1.06000000	-0.11382445
1.08000000	-0.12043541
1.10000000	-0.12335192
1.12000000	-0.12257399
1.14000000	-0.11810161
1.16000000	-0.10993478
1.18000000	-0.09807351
1.20000000	-0.08251780
1.22000000	-0.06937828
1.24000000	-0.06476464
1.26000000	-0.06867687
1.28000000	-0.08111595
1.30000000	-0.10208090
1.32000000	-0.13157172
1.34000000	-0.16111159
1.36000000	-0.18222369
1.38000000	-0.19940591
1.40000000	-0.21715612
1.42000000	-0.23547532
1.44000000	-0.25392400
1.46000000	-0.27206269
1.48000000	-0.29035246
1.50000000	-0.30925338
1.52000000	-0.33151325
1.54000000	-0.35167673
1.56000000	-0.36153872
1.58000000	-0.36109923
1.60000000	-0.35035925
1.62000000	-0.32931778
1.64000000	-0.29797483
1.66000000	-0.25633138
1.68000000	-0.21135939
1.70000000	-0.17003183
1.72000000	-0.13234965
1.74000000	-0.09831190
1.76000000	-0.06791855
1.78000000	-0.03779695
1.80000000	-0.00457244
1.82000000	0.02577970
1.84000000	0.04728322
1.86000000	0.05993910
1.88000000	0.06374734
1.90000000	0.05870696
1.92000000	0.04481797
1.94000000	0.02208133
1.96000000	-0.00950295
1.98000000	-0.04993584
2.00000000	-0.09921638
2.02000000	-0.15734455
2.04000000	-0.21316934
2.06000000	-0.25553873
2.08000000	-0.28445370
2.10000000	-0.29991426
2.12000000	-0.30191943
2.14000000	-0.29046920
2.16000000	-0.26556357
2.18000000	-0.22720254
2.20000000	-0.17538612
2.22000000	-0.12335781
2.24000000	-0.08436208
2.26000000	-0.05839893
2.28000000	-0.04546739
2.30000000	-0.04556745
2.32000000	-0.05869912
2.34000000	-0.08486239
2.36000000	-0.12405824
2.38000000	-0.17628668
2.40000000	-0.20607180
2.42000000	-0.17793869
2.44000000	-0.12743779
2.46000000	-0.09011858
2.48000000	-0.06598108
2.50000000	-0.05502625
2.52000000	-0.05725410
2.54000000	-0.05986454
2.56000000	-0.05005749
2.58000000	-0.02783391
2.60000000	0.00680618
2.62000000	0.04584311
2.64000000	0.08125525
2.66000000	0.11155245
2.68000000	0.13524556
2.70000000	0.15233458
2.72000000	0.16281951
2.74000000	0.16670035
2.76000000	0.16397709
2.78000000	0.16041410
2.80000000	0.16177475
2.82000000	0.16805903
2.84000000	0.17877744
2.86000000	0.19343947
2.88000000	0.21204413
2.90000000	0.22811487
2.92000000	0.23517611
2.94000000	0.23322784
2.96000000	0.22226909
2.98000000	0.21104842
3.00000000	0.20831633
3.02000000	0.21407284
3.04000000	0.22006675
3.06000000	0.21804785
3.08000000	0.20801516
3.10000000	0.18996869
3.12000000	0.16390940
3.14000000	0.13777753
3.16000000	0.11951327
3.18000000	0.10911663
3.20000000	0.10658663
3.22000000	0.10105870
3.24000000	0.08166923
3.26000000	0.04841824
3.28000000	0.01608251
3.30000000	-0.00056211
3.32000000	-0.00151565
3.34000000	0.01322192
3.36000000	0.04365058
3.38000000	0.07485521
3.40000000	0.09191970
3.42000000	0.09484406
3.44000000	0.08362829
3.46000000	0.07187297
3.48000000	0.07317966
3.50000000	0.08754935
3.52000000	0.11498203
3.54000000	0.14303274
3.56000000	0.15925652
3.58000000	0.16365434
3.60000000	0.16394080
3.62000000	0.16782948
3.64000000	0.17532138
3.66000000	0.18641649
3.68000000	0.19484720
3.70000000	0.19434787
3.72000000	0.18491948
3.74000000	0.17394405
3.76000000	0.16880361
3.78000000	0.16797467
3.80000000	0.16993373
3.82000000	0.17468177
3.84000000	0.17551856
3.86000000	0.16574387
3.88000000	0.14535771
3.90000000	0.11435909
3.92000000	0.08213226
3.94000000	0.05806147
3.96000000	0.04214572
3.98000000	0.03438503
4.00000000	0.03478037
4.02000000	0.03603998
4.04000000	0.03087207
4.06000000	0.02457503
4.08000000	0.02244822
4.10000000	0.02449165
4.12000000	0.02512439
4.14000000	0.01876653
4.16000000	0.00541806
4.18000000	-0.01492101
4.20000000	-0.04225069
4.22000000	-0.07657097
4.24000000	-0.11788187
4.26000000	-0.15808521
4.28000000	-0.18908285
4.30000000	-0.21087478
4.32000000	-0.22346101
4.34000000	-0.22684154
4.36000000	-0.22101538
4.38000000	-0.20598253
4.40000000	-0.18174398
4.42000000	-0.15775461
4.44000000	-0.14346929
4.46000000	-0.13888802
4.48000000	-0.13398008
4.50000000	-0.11871473
4.52000000	-0.09309200
4.54000000	-0.05711088
4.56000000	-0.01077138
4.58000000	0.03166079
4.60000000	0.05592092
4.62000000	0.06200999
4.64000000	0.04992799
4.66000000	0.01967395
4.68000000	-0.00665314
4.70000000	-0.00695431
4.72000000	0.00104084
4.74000000	-0.00039731
4.76000000	-0.01126875
4.78000000	-0.03157349
4.80000000	-0.06131152
4.82000000	-0.10048285
4.84000000	-0.14908747
4.86000000	-0.19129794
4.88000000	-0.21128680
4.90000000	-0.20905306
4.92000000	-0.18459673
4.94000000	-0.15262398
4.96000000	-0.12784000
4.98000000	-0.11024380
5.00000000	-0.09983539
5.02000000	-0.08694603
5.04000000	-0.06190502
5.06000000	-0.02471237
5.08000000	0.01487000
5.10000000	0.04708015
5.12000000	0.07191711
5.14000000	0.08938185
5.16000000	0.09947438
5.18000000	0.10920001
5.20000000	0.12556506
5.22000000	0.14856951
5.24000000	0.17187218
5.26000000	0.18913189
5.28000000	0.20034865
5.30000000	0.20552244
5.32000000	0.20465328
5.34000000	0.20706163
5.36000000	0.22206897
5.38000000	0.24967529
5.40000000	0.27684605
5.42000000	0.29054767
5.44000000	0.29077919
5.46000000	0.27754060
5.48000000	0.26042999
5.50000000	0.24904451
5.52000000	0.24338414
5.54000000	0.24344888
5.56000000	0.24292601
5.58000000	0.23550180
5.60000000	0.22117626
5.62000000	0.19994938
5.64000000	0.17182117
5.66000000	0.13679162
5.68000000	0.10304816
5.70000000	0.07877920
5.72000000	0.06398376
5.74000000	0.05866184
5.76000000	0.05645459
5.78000000	0.05100317
5.80000000	0.04230759
5.82000000	0.03304597
5.84000000	0.02589644
5.86000000	0.02000161
5.88000000	0.01450605
5.90000000	0.01432554
5.92000000	0.01852913
5.94000000	0.02243645
5.96000000	0.02721294
5.98000000	0.03022951
6.00000000	0.02885611
6.02000000	0.02309176
6.04000000	0.01293743
6.06000000	0.00439194
6.08000000	0.00345312
6.10000000	0.01012098
6.12000000	0.01773844
6.14000000	0.01964943
6.16000000	0.01585394
6.18000000	0.01198291
6.20000000	0.01366729
6.22000000	0.01656418
6.24000000	0.01633267
6.26000000	0.01297372
6.28000000	0.00648735
6.30000000	-0.00312743
6.32000000	-0.01050847
6.34000000	-0.01029265
6.36000000	-0.00784015
6.38000000	-0.00851116
6.40000000	-0.00983845
6.42000000	-0.00935482
6.44000000	-0.00817369
6.46000000	-0.00740753
6.48000000	-0.00705535
6.50000000	-0.00750661
6.52000000	-0.00914979
6.54000000	-0.00991497
6.56000000	-0.00773322
6.58000000	-0.00260456
6.60000000	0.00547104
6.62000000	0.01322780
6.64000000	0.01740000
6.66000000	0.01798762
6.68000000	0.01499066
6.70000000	0.01394491
6.72000000	0.01637191
6.74000000	0.01825739
6.76000000	0.01960136
6.78000000	0.02093454
6.80000000	0.02278765
6.82000000	0.02316533
6.84000000	0.02007224
6.86000000	0.01350837
6.88000000	0.00347372
6.90000000	-0.01003171
6.92000000	-0.02700889
6.94000000	-0.04245670
6.96000000	-0.05137301
6.98000000	-0.05375880
7.00000000	-0.04961408
7.02000000	-0.04416953
7.04000000	-0.04265682
7.06000000	-0.04507597
7.08000000	-0.04551153
7.10000000	-0.03804907
7.12000000	-0.02867659
7.14000000	-0.02338115
7.16000000	-0.02216275
7.18000000	-0.02502139
7.20000000	-0.03195706
7.22000000	-0.03847580
7.24000000	-0.04008366
7.26000000	-0.03678063
7.28000000	-0.03240439
7.30000000	-0.02913570
7.32000000	-0.02531765
7.34000000	-0.02249335
7.36000000	-0.02220690
7.38000000	-0.02445927
7.40000000	-0.02925048
7.42000000	-0.03408681
7.44000000	-0.03647456
7.46000000	-0.03641374
7.48000000	-0.03824232
7.50000000	-0.04629830
7.52000000	-0.05585127
7.54000000	-0.06217186
7.56000000	-0.06526004
7.58000000	-0.06511584
7.60000000	-0.06385918
7.62000000	-0.06360902
7.64000000	-0.06436537
7.66000000	-0.06612921
7.68000000	-0.06983249
7.70000000	-0.07640617
7.72000000	-0.08585025
7.74000000	-0.09557294
7.76000000	-0.10298342
7.78000000	-0.11294253
7.80000000	-0.12530117
7.82000000	-0.13504937
7.84000000	-0.14218614
7.86000000	-0.14671247
7.88000000	-0.14862837
7.90000000	-0.14793284
7.92000000	-0.14462687
7.94000000	-0.13871046
7.96000000	-0.13018361
7.98000000	-0.12287810
8.00000000	-0.12062474
8.02000000	-0.12342353
8.04000000	-0.12638910
8.06000000	-0.12463605
8.08000000	-0.11816439
8.10000000	-0.10697413
8.12000000	-0.09453603
8.14000000	-0.08432087
8.16000000	-0.07632867
8.18000000	-0.06959508
8.20000000	-0.06315580
8.22000000	-0.05701082
8.24000000	-0.05082365
8.26000000	-0.04425683
8.28000000	-0.03731037
8.30000000	-0.03242009
8.32000000	-0.03202180
8.34000000	-0.03611552
8.36000000	-0.04222518
8.38000000	-0.04820144
8.40000000	-0.05436898
8.42000000	-0.06003916
8.44000000	-0.06452429
8.46000000	-0.06782340
8.48000000	-0.06993647
8.50000000	-0.07211822
8.52000000	-0.07562235
8.54000000	-0.07621095
8.56000000	-0.06964511
8.58000000	-0.05592485
8.60000000	-0.03505015
8.62000000	-0.00702102
8.64000000	0.02152216
8.66000000	0.04393899
8.68000000	0.06022850
8.70000000	0.07039067
8.72000000	0.07442553
8.74000000	0.07532314
8.76000000	0.07607361
8.78000000	0.07667594
8.80000000	0.07113035
8.82000000	0.05343899
8.84000000	0.02360188
8.86000000	-0.00616755
8.88000000	-0.02365387
8.90000000	-0.02885611
8.92000000	-0.02177428
8.94000000	-0.00240836
8.96000000	0.01855954
8.98000000	0.03044730
9.00000000	0.04096754
9.02000000	0.05783289
9.04000000	0.06440167
9.06000000	0.04403218
9.08000000	0.01361137
9.10000000	-0.00997285
9.12000000	-0.02672048
9.14000000	-0.03663250
9.16000000	-0.04345732
9.18000000	-0.05094333
9.20000000	-0.05535881
9.22000000	-0.05297204
9.24000000	-0.04378301
9.26000000	-0.02779271
9.28000000	-0.00500114
9.30000000	0.01390666
9.32000000	0.01824366
9.34000000	0.00800987
9.36000000	-0.01679374
9.38000000	-0.03881817
9.40000000	-0.04071346
9.42000000	-0.03510705
9.44000000	-0.03462636
9.46000000	-0.03927139
9.48000000	-0.04904313
9.50000000	-0.06394060
9.52000000	-0.07799735
9.54000000	-0.08524792
9.56000000	-0.08569231
9.58000000	-0.07933053
9.60000000	-0.06616256
9.62000000	-0.05294948
9.64000000	-0.04645231
9.66000000	-0.04667108
9.68000000	-0.05360576
9.70000000	-0.06725638
9.72000000	-0.08240106
9.74000000	-0.09381892
9.76000000	-0.10150996
9.78000000	-0.10547418
9.80000000	-0.10571158
9.82000000	-0.10520636
9.84000000	-0.10260475
9.86000000	-0.09356778
9.88000000	-0.08767001
9.90000000	-0.09448600
9.92000000	-0.10504646
9.94000000	-0.11038212
9.96000000	-0.11049395
9.98000000	-0.10845445
10.00000000	-0.10469821
10.02000000	-0.09658828
10.04000000	-0.08913857
10.06000000	-0.08736295
10.08000000	-0.09126047
10.10000000	-0.10083110
10.12000000	-0.11607486
10.14000000	-0.13699175
10.16000000	-0.15715816
10.18000000	-0.17015053
10.20000000	-0.17596884
10.22000000	-0.17461211
10.24000000	-0.16608036
10.26000000	-0.15606925
10.28000000	-0.15027350
10.30000000	-0.14405789
10.32000000	-0.13278816
10.34000000	-0.11646432
10.36000000	-0.09508637
10.38000000	-0.07690451
10.40000000	-0.07016799
10.42000000	-0.07487679
10.44000000	-0.08315741
10.46000000	-0.08713438
10.48000000	-0.08680771
10.50000000	-0.08217739
10.52000000	-0.07556545
10.54000000	-0.06929490
10.56000000	-0.06336573
10.58000000	-0.05606121
10.60000000	-0.04566457
10.62000000	-0.03217582
10.64000000	-0.01559496
10.66000000	-0.00089860
10.68000000	0.00693665
10.70000000	0.00791078
10.72000000	0.00734965
10.74000000	0.01057812
10.76000000	0.01759620
10.78000000	0.02359403
10.80000000	0.02375982
10.82000000	0.01809356
10.84000000	0.00659526
10.86000000	-0.00452633
10.88000000	-0.00906150
10.90000000	-0.00701023
10.92000000	0.00162650
10.94000000	0.01119027
10.96000000	0.01602365
10.98000000	0.01612666
11.00000000	0.01149928
11.02000000	0.00733886
11.04000000	0.00884273
11.06000000	0.01601188
11.08000000	0.02884631
11.10000000	0.04346320
11.12000000	0.05598076
11.14000000	0.06639899
11.16000000	0.07471885
11.18000000	0.08094035
11.20000000	0.08923765
11.22000000	0.10378686
11.24000000	0.12458896
11.26000000	0.14643093
11.28000000	0.16410070
11.30000000	0.17759828
11.32000000	0.18692268
11.34000000	0.19207490
11.36000000	0.19305491
11.38000000	0.18986274
11.40000000	0.18249837
11.42000000	0.17096083
11.44000000	0.15525110
11.46000000	0.13536917
11.48000000	0.11308281
11.50000000	0.09015979
11.52000000	0.06660009
11.54000000	0.04240471
11.56000000	0.01396159
11.58000000	-0.02234031
11.60000000	-0.05787017
11.62000000	-0.08399812
11.64000000	-0.10072417
11.66000000	-0.10804832
11.68000000	-0.10597056
11.70000000	-0.09449090
11.72000000	-0.07896854
11.74000000	-0.06476170
11.76000000	-0.05186939
11.78000000	-0.03718284
11.80000000	-0.01759227
11.82000000	0.00690232
11.84000000	0.03231905
11.86000000	0.05467702
11.88000000	0.07397623
11.90000000	0.09021668
11.92000000	0.10543101
11.94000000	0.12165185
11.96000000	0.13887919
11.98000000	0.15383453
12.00000000	0.16323840
12.02000000	0.16709079
12.04000000	0.16539170
12.06000000	0.15781347
12.08000000	0.14851948
12.10000000	0.14200073
12.12000000	0.13825724
12.14000000	0.13508959
12.16000000	0.13029936
12.18000000	0.12137423
12.20000000	0.11179280
12.22000000	0.10754605
12.24000000	0.10190236
12.26000000	0.09347459
12.28000000	0.08760821
12.30000000	0.08201160
12.32000000	0.07686429
12.34000000	0.07463939
12.36000000	0.07533688
12.38000000	0.07895579
12.40000000	0.08291412
12.42000000	0.08462989
12.44000000	0.08410309
12.46000000	0.08373326
12.48000000	0.08591990
12.50000000	0.09066304
12.52000000	0.09796266
12.54000000	0.10437546
12.56000000	0.10645812
12.58000000	0.10421065
12.60000000	0.09763304
12.62000000	0.08969283
12.64000000	0.08335851
12.66000000	0.07863009
12.68000000	0.07550757
12.70000000	0.07194948
12.72000000	0.06591437
12.74000000	0.05740322
12.76000000	0.04675838
12.78000000	0.03432225
12.80000000	0.02009579
12.82000000	0.00407900
12.84000000	-0.01372909
12.86000000	-0.02923772
12.88000000	-0.03835514
12.90000000	-0.04108134
12.92000000	-0.03741730
12.94000000	-0.02967231
12.96000000	-0.02015661
12.98000000	-0.01184067
13.00000000	-0.00769398
13.02000000	-0.00771556
13.04000000	-0.01190542
13.06000000	-0.02026452
13.08000000	-0.02530391
13.10000000	-0.01953367
13.12000000	-0.01199861
13.14000000	-0.01174453
13.16000000	-0.01877242
13.18000000	-0.02528822
13.20000000	-0.02349593
13.22000000	-0.01339555
13.24000000	0.00501193
13.26000000	0.02339195
13.28000000	0.03340992
13.30000000	0.03506486
13.32000000	0.03499031
13.34000000	0.03981977
13.36000000	0.04691044
13.38000000	0.05362048
13.40000000	0.05869814
13.42000000	0.06089165
13.44000000	0.06160288
13.46000000	0.05979882
13.48000000	0.05304463
13.50000000	0.04134032
13.52000000	0.02468588
13.54000000	0.00308132
13.56000000	-0.01711747
13.58000000	-0.02955557
13.60000000	-0.03423396
13.62000000	-0.03115165
13.64000000	-0.02030866
13.66000000	-0.00170498
13.68000000	0.01715867
13.70000000	0.02878058
13.72000000	0.03316074
13.74000000	0.03381899
13.76000000	0.03427614
13.78000000	0.02904643
13.80000000	0.02828027
13.82000000	0.03804612
13.84000000	0.04877630
13.86000000	0.06047080
13.88000000	0.07312963
13.90000000	0.08675277
13.92000000	0.09645879
13.94000000	0.09736719
13.96000000	0.08947799
13.98000000	0.07279118
14.00000000	0.04730578
14.02000000	0.02001142
14.04000000	-0.00210130
14.06000000	-0.01903238
14.08000000	-0.03078182
14.10000000	-0.03734961
14.12000000	-0.03873577
14.14000000	-0.03494028
14.16000000	-0.03090444
14.18000000	-0.03156956
14.20000000	-0.03693465
14.22000000	-0.04699971
14.24000000	-0.05646636
14.26000000	-0.06003426
14.28000000	-0.05770340
14.30000000	-0.05389025
14.32000000	-0.05301128
14.34000000	-0.05297694
14.36000000	-0.05169674
14.38000000	-0.04917066
14.40000000	-0.04539970
14.42000000	-0.03906832
14.44000000	-0.02886004
14.46000000	-0.01477484
14.48000000	-0.00335208
14.50000000	-0.00113011
14.52000000	-0.00360321
14.54000000	-0.00626761
14.56000000	-0.01282167
14.58000000	-0.02049113
14.60000000	-0.02280433
14.62000000	-0.01976126
14.64000000	-0.01136194
14.66000000	0.00239364
14.68000000	0.01233117
14.70000000	0.00927536
14.72000000	0.00246427
14.74000000	0.00113796
14.76000000	0.00529642
14.78000000	0.00822863
14.80000000	0.00322553
14.82000000	-0.00971288
14.84000000	-0.02499392
14.86000000	-0.03702392
14.88000000	-0.04580289
14.90000000	-0.05133082
14.92000000	-0.05360773
14.94000000	-0.05263359
14.96000000	-0.04840843
14.98000000	-0.04440300
15.00000000	-0.04408908
15.02000000	-0.04746667
15.04000000	-0.05063039
15.06000000	-0.04967588
15.08000000	-0.04460313
15.10000000	-0.03541214
15.12000000	-0.02668810
15.14000000	-0.02301622
15.16000000	-0.02439747
15.18000000	-0.02654880
15.20000000	-0.02518717
15.22000000	-0.02463291
15.24000000	-0.02920437
15.26000000	-0.03890155
15.28000000	-0.04972100
15.30000000	-0.05765827
15.32000000	-0.06575349
15.34000000	-0.07704578
15.36000000	-0.09153515
15.38000000	-0.10446473
15.40000000	-0.11107667
15.42000000	-0.11137097
15.44000000	-0.10534763
15.46000000	-0.09300665
15.48000000	-0.08059700
15.50000000	-0.07436765
15.52000000	-0.07431860
15.54000000	-0.07593921
15.56000000	-0.07471786
15.58000000	-0.07065456
15.60000000	-0.06374930
15.62000000	-0.05400209
15.64000000	-0.04470907
15.66000000	-0.03916544
15.68000000	-0.03737119
15.70000000	-0.03932633
15.72000000	-0.04166013
15.74000000	-0.04100188
15.76000000	-0.03735157
15.78000000	-0.03070922
15.80000000	-0.02485363
15.82000000	-0.02356362
15.84000000	-0.02491740
15.86000000	-0.02943000
15.88000000	-0.03953920
15.90000000	-0.04854380
15.92000000	-0.04974062
15.94000000	-0.04312966
15.96000000	-0.02871191
15.98000000	-0.01378011
16.00000000	-0.00562603
16.02000000	-0.00424969
16.04000000	-0.00965108
16.06000000	-0.01510838
16.08000000	-0.01800429
16.10000000	-0.02244234
16.12000000	-0.02842251
16.14000000	-0.03425358
16.16000000	-0.03824330
16.18000000	-0.04039169
16.20000000	-0.04199563
16.22000000	-0.04435101
16.24000000	-0.04425487
16.26000000	-0.03850425
16.28000000	-0.03081811
16.30000000	-0.02536277
16.32000000	-0.02258556
16.34000000	-0.02248648
16.36000000	-0.02506553
16.38000000	-0.02627216
16.40000000	-0.02205484
16.42000000	-0.01524572
16.44000000	-0.00867694
16.46000000	-0.00234851
16.48000000	0.00311271
16.50000000	0.00708086
16.52000000	0.00965500
16.54000000	0.01093423
16.56000000	0.01091755
16.58000000	0.01274515
16.60000000	0.01300119
16.62000000	0.00512769
16.64000000	-0.01087537
16.66000000	-0.02860694
16.68000000	-0.04166699
16.70000000	-0.05005454
16.72000000	-0.05376959
16.74000000	-0.05281312
16.76000000	-0.04925797
16.78000000	-0.04517701
16.80000000	-0.04056925
16.82000000	-0.03635880
16.84000000	-0.03478234
16.86000000	-0.03715145
16.88000000	-0.03959512
16.90000000	-0.03824330
16.92000000	-0.03309698
16.94000000	-0.02415516
16.96000000	-0.01141786
16.98000000	0.00198456
17.00000000	0.01292369
17.02000000	0.02139953
17.04000000	0.02487914
17.06000000	0.02924852
17.08000000	0.03776163
17.10000000	0.04525353
17.12000000	0.05172323
17.14000000	0.05825963
17.16000000	0.06595165
17.18000000	0.07479831
17.20000000	0.08479960
17.22000000	0.09494216
17.24000000	0.10421163
17.26000000	0.11260703
17.28000000	0.12012836
17.30000000	0.12677659
17.32000000	0.13048477
17.34000000	0.12918691
17.36000000	0.12288300
17.38000000	0.11157305
17.40000000	0.09525706
17.42000000	0.07824947
17.44000000	0.06486470
17.46000000	0.05510277
17.48000000	0.04896367
17.50000000	0.04644741
17.52000000	0.04755398
17.54000000	0.04999863
17.56000000	0.05149760
17.58000000	0.05205088
17.60000000	0.05165848
17.62000000	0.05032040
17.64000000	0.04824852
17.66000000	0.04558805
17.68000000	0.04227325
17.70000000	0.03830413
17.72000000	0.03519141
17.74000000	0.03444683
17.76000000	0.03607039
17.78000000	0.03780284
17.80000000	0.03738591
17.82000000	0.03481961
17.84000000	0.03227588
17.86000000	0.03192861
17.88000000	0.03377779
17.90000000	0.03782344
17.92000000	0.04139231
17.94000000	0.04181022
17.96000000	0.03907715
17.98000000	0.03680418
18.00000000	0.03860137
18.02000000	0.04446775
18.04000000	0.05119054
18.06000000	0.05555697
18.08000000	0.05756704
18.10000000	0.05817526
18.12000000	0.05833713
18.14000000	0.05805362
18.16000000	0.05732375
18.18000000	0.05614754
18.20000000	0.05452496
18.22000000	0.05245603
18.24000000	0.04994075
18.26000000	0.04685452
18.28000000	0.04307375
18.30000000	0.03859843
18.32000000	0.03342758
18.34000000	0.02756120
18.36000000	0.02100027
18.38000000	0.01342106
18.40000000	0.00449985
18.42000000	-0.00378764
18.44000000	-0.00946567
18.46000000	-0.01253424
18.48000000	-0.01299334
18.50000000	-0.01084201
18.52000000	-0.00841306
18.54000000	-0.00804028
18.56000000	-0.00972465
18.58000000	-0.00979234
18.60000000	-0.00456852
18.62000000	0.00594682
18.64000000	0.01725579
18.66000000	0.02486050
18.68000000	0.02875998
18.70000000	0.02895422
18.72000000	0.02544420
18.74000000	0.01822992
18.76000000	0.01060167
18.78000000	0.00585068
18.80000000	0.00397697
18.82000000	0.00497956
18.84000000	0.00883194
18.86000000	0.01550667
18.88000000	0.02500275
18.90000000	0.03364732
18.92000000	0.03776654
18.94000000	0.03736040
18.96000000	0.03462145
18.98000000	0.03174124
19.00000000	0.02871976
19.02000000	0.02304467
19.04000000	0.01628166
19.06000000	0.01250873
19.08000000	0.01172589
19.10000000	0.01393314
19.12000000	0.01913048
19.14000000	0.02553249
19.16000000	0.03135374
19.18000000	0.03698076
19.20000000	0.04280005
19.22000000	0.04881162
19.24000000	0.05224610
19.26000000	0.05033413
19.28000000	0.04307571
19.30000000	0.03436247
19.32000000	0.02808505
19.34000000	0.02424345
19.36000000	0.02283866
19.38000000	0.02386969
19.40000000	0.02733655
19.42000000	0.03323922
19.44000000	0.03782638
19.46000000	0.03734765
19.48000000	0.03180304
19.50000000	0.02119254
19.52000000	0.00951276
19.54000000	0.00076028
19.56000000	-0.00506392
19.58000000	-0.00795983
19.60000000	-0.00792844
19.62000000	-0.00496975
19.64000000	0.00091724
19.66000000	0.00851802
19.68000000	0.01661814
19.70000000	0.02521464
19.72000000	0.03430459
19.74000000	0.04388798
19.76000000	0.05326143
19.78000000	0.06172256
19.80000000	0.06854639
19.82000000	0.07300700
19.84000000	0.07510438
19.86000000	0.07483853
19.88000000	0.07400075
19.90000000	0.07438334
19.92000000	0.07598630
19.94000000	0.07880962
19.96000000	0.08031938
19.98000000	0.07798067
20.00000000	0.07179252
20.02000000	0.06175591
20.04000000	0.04787084
20.06000000	0.03310385
20.08000000	0.02042344
20.10000000	0.00982962
20.12000000	0.00132141
20.14000000	-0.00491971
20.16000000	-0.00871324
20.18000000	-0.01006015
20.20000000	-0.00895947
20.22000000	-0.00541120
20.24000000	0.00058468
20.26000000	0.00902814
20.28000000	0.01677902
20.30000000	0.02069812
20.32000000	0.02078543
20.34000000	0.01704193
20.36000000	0.00946763
20.38000000	-0.00193846
20.40000000	-0.01336907
20.42000000	-0.02101694
20.44000000	-0.02488208
20.46000000	-0.02496449
20.48000000	-0.02126317
20.50000000	-0.01377814
20.52000000	-0.00668061
20.54000000	-0.00414080
20.56000000	-0.00615872
20.58000000	-0.01273436
20.60000000	-0.02386773
20.62000000	-0.03545726
20.64000000	-0.04340140
20.66000000	-0.04770014
20.68000000	-0.04835349
20.70000000	-0.04536242
20.72000000	-0.03872694
20.74000000	-0.02844606
20.76000000	-0.01451978
20.78000000	0.00305189
20.80000000	0.01907849
20.82000000	0.02836954
20.84000000	0.03092504
20.86000000	0.02674402
20.88000000	0.01582647
20.90000000	0.00279879
20.92000000	-0.00771360
20.94000000	-0.01571071
20.96000000	-0.02225006
20.98000000	-0.02839014
21.00000000	-0.03413095
21.02000000	-0.03728977
21.04000000	-0.03568486
21.06000000	-0.03338441
21.08000000	-0.03445664
21.10000000	-0.03890057
21.12000000	-0.04671620
21.14000000	-0.05790451
21.16000000	-0.06937632
21.18000000	-0.07804247
21.20000000	-0.08390297
21.22000000	-0.08695878
21.24000000	-0.08720992
21.26000000	-0.08465539
21.28000000	-0.08002998
21.30000000	-0.07406844
21.32000000	-0.06676980
21.34000000	-0.05813406
21.36000000	-0.04816219
21.38000000	-0.03937440
21.40000000	-0.03429085
21.42000000	-0.03108397
21.44000000	-0.02792515
21.46000000	-0.02481341
21.48000000	-0.02253651
21.50000000	-0.02188219
21.52000000	-0.02285043
21.54000000	-0.02366957
21.56000000	-0.02256790
21.58000000	-0.01954544
21.60000000	-0.01460218
21.62000000	-0.00773715
21.64000000	-0.00041202
21.66000000	0.00591053
21.68000000	0.01123147
21.70000000	0.01665836
21.72000000	0.02329875
21.74000000	0.03115362
21.76000000	0.04022198
21.78000000	0.05050384
21.80000000	0.06199920
21.82000000	0.06753400
21.84000000	0.05993518
21.86000000	0.04663674
21.88000000	0.03507369
21.90000000	0.02524702
21.92000000	0.01715671
21.94000000	0.00993753
21.96000000	0.00272424
21.98000000	-0.00448317
22.00000000	-0.00981687
22.02000000	-0.01140805
22.04000000	-0.00925573
22.06000000	-0.00336091
22.08000000	0.00627644
22.10000000	0.01551942
22.12000000	0.02022920
22.14000000	0.02040480
22.16000000	0.01604720
22.18000000	0.00715640
22.20000000	-0.00283901
22.22000000	-0.01050945
22.24000000	-0.01585394
22.26000000	-0.01887248
22.28000000	-0.01956604
22.30000000	-0.01953563
22.32000000	-0.02038126
22.34000000	-0.02210291
22.36000000	-0.02470158
22.38000000	-0.02739737
22.40000000	-0.02940940
22.42000000	-0.03073767
22.44000000	-0.03138219
22.46000000	-0.03134197
22.48000000	-0.03110064
22.50000000	-0.03114086
22.52000000	-0.03011768
22.54000000	-0.02668614
22.56000000	-0.02084625
22.58000000	-0.01259800
22.60000000	-0.00194140
22.62000000	0.01112356
22.64000000	0.02105128
22.66000000	0.02229519
22.68000000	0.01485626
22.70000000	0.00399365
22.72000000	-0.00503449
22.74000000	-0.01222816
22.76000000	-0.01844182
22.78000000	-0.02452990
22.80000000	-0.03049242
22.82000000	-0.03526989
22.84000000	-0.03780283
22.86000000	-0.03809125
22.88000000	-0.03613415
22.90000000	-0.03193155
22.92000000	-0.02548442
22.94000000	-0.01878124
22.96000000	-0.01381052
22.98000000	-0.00946861
23.00000000	-0.00465190
23.02000000	0.00064059
23.04000000	0.00640887
23.06000000	0.01265294
23.08000000	0.01723911
23.10000000	0.01803372
23.12000000	0.01503677
23.14000000	0.01042411
23.16000000	0.00637160
23.18000000	0.00287825
23.20000000	-0.00005592
23.22000000	-0.00262025
23.24000000	-0.00500506
23.26000000	-0.00631862
23.28000000	-0.00566724
23.30000000	-0.00305091
23.32000000	0.00152938
23.34000000	0.00807363
23.36000000	0.01658282
23.38000000	0.02500667
23.40000000	0.03129390
23.42000000	0.03544451
23.44000000	0.03745850
23.46000000	0.03733588
23.48000000	0.03507664
23.50000000	0.03264768
23.52000000	0.03201592
23.54000000	0.03318134
23.56000000	0.03614396
23.58000000	0.04090378
23.60000000	0.04323856
23.62000000	0.03892510
23.64000000	0.03280856
23.66000000	0.02973509
23.68000000	0.02970370
23.70000000	0.03271439
23.72000000	0.03567407
23.74000000	0.03548964
23.76000000	0.03216110
23.78000000	0.02568847
23.80000000	0.01607172
23.82000000	0.00761256
23.84000000	0.00461364
23.86000000	0.00707399
23.88000000	0.01499360
23.90000000	0.02383732
23.92000000	0.02906899
23.94000000	0.03068764
23.96000000	0.02869327
23.98000000	0.02308685
24.00000000	0.01714298
24.02000000	0.01413621
24.04000000	0.01406656
24.06000000	0.01693402
24.08000000	0.02273860
24.10000000	0.03148029
24.12000000	0.04315910
24.14000000	0.05777501
24.16000000	0.06884364
24.18000000	0.06988154
24.20000000	0.06088871
24.22000000	0.04186418
24.24000000	0.02136422
24.26000000	0.00794512
24.28000000	0.00160688
24.30000000	0.00234950
24.32000000	0.01017297
24.34000000	0.02507632
24.36000000	0.04705955
24.38000000	0.06336377
24.40000000	0.06122912
24.42000000	0.05084131
24.44000000	0.04238607
24.46000000	0.03586340
24.48000000	0.03127428
24.50000000	0.02861871
24.52000000	0.02419146
24.54000000	0.01428728
24.56000000	0.00191393
24.58000000	-0.00991987
24.60000000	-0.02121314
24.62000000	-0.03268201
24.64000000	-0.04504360
24.66000000	-0.05598763
24.68000000	-0.06320387
24.70000000	-0.06669328
24.72000000	-0.06645588
24.74000000	-0.06249166
24.76000000	-0.05649971
24.78000000	-0.05017815
24.80000000	-0.04352697
24.82000000	-0.03654617
24.84000000	-0.02848628
24.86000000	-0.01859780
24.88000000	-0.00687975
24.90000000	0.00666786
24.92000000	0.02204405
24.94000000	0.03372580
24.96000000	0.03619105
24.98000000	0.02943981
25.00000000	0.01915304
25.02000000	0.01101271
25.04000000	0.00501880
25.06000000	0.00117131
25.08000000	-0.00370916
25.10000000	-0.01280205
25.12000000	-0.02610735
25.14000000	-0.03999733
25.16000000	-0.05084425
25.18000000	-0.05864908
25.20000000	-0.06341184
25.22000000	-0.06513251
25.24000000	-0.06432809
25.26000000	-0.06151459
25.28000000	-0.05669199
25.30000000	-0.04986129
25.32000000	-0.04102248
25.34000000	-0.03017458
25.36000000	-0.01731759
25.38000000	-0.00245152
25.40000000	0.00529544
25.42000000	-0.00320493
25.44000000	-0.01841533
25.46000000	-0.03079751
25.48000000	-0.04035049
25.50000000	-0.04961506
25.52000000	-0.06113101
25.54000000	-0.07489739
25.56000000	-0.09091516
25.58000000	-0.10918432
25.60000000	-0.12555034
25.62000000	-0.13585869
25.64000000	-0.14010936
25.66000000	-0.13830236
25.68000000	-0.13043670
25.70000000	-0.11651337
25.72000000	-0.09653236
25.74000000	-0.07049368
25.76000000	-0.04741075
25.78000000	-0.03629602
25.80000000	-0.03714949
25.82000000	-0.04997018
25.84000000	-0.06633718
25.86000000	-0.07783058
25.88000000	-0.08445037
25.90000000	-0.08619556
25.92000000	-0.08306617
25.94000000	-0.07506318
25.96000000	-0.07030336
25.98000000	-0.07690255
26.00000000	-0.09486074
26.02000000	-0.11645059
26.04000000	-0.13394378
26.06000000	-0.14734031
26.08000000	-0.15664019
26.10000000	-0.16184342
26.12000000	-0.16294999
26.14000000	-0.15995990
26.16000000	-0.15287315
26.18000000	-0.14168975
26.20000000	-0.12640970
26.22000000	-0.10703299
26.24000000	-0.08355962
26.26000000	-0.06001267
26.28000000	-0.04041524
26.30000000	-0.02476731
26.32000000	-0.01306986
26.34000000	-0.00427912
26.36000000	0.00264870
26.38000000	0.00771360
26.40000000	0.01091657
26.42000000	0.01281775
26.44000000	0.01397729
26.46000000	0.01439519
26.48000000	0.01407146
26.50000000	0.01300610
26.52000000	0.01119910
26.54000000	0.00934501
26.56000000	0.00813838
26.58000000	0.00757921
26.60000000	0.00766750
26.62000000	0.00840325
26.64000000	0.00811778
26.66000000	0.00514142
26.68000000	-0.00052680
26.70000000	-0.00888688
26.72000000	-0.01993882
26.74000000	-0.03108789
26.76000000	-0.03973933
26.78000000	-0.04589314
26.80000000	-0.04954933
26.82000000	-0.05070789
26.84000000	-0.05018992
26.86000000	-0.04881554
26.88000000	-0.04658475
26.90000000	-0.04349852
26.92000000	-0.03955588
26.94000000	-0.03650399
26.96000000	-0.03609099
26.98000000	-0.03831688
27.00000000	-0.04318166
27.02000000	-0.04850653
27.04000000	-0.05211366
27.06000000	-0.05400405
27.08000000	-0.05417671
27.10000000	-0.05263163
27.12000000	-0.04936882
27.14000000	-0.04589805
27.16000000	-0.04373004
27.18000000	-0.04286381
27.20000000	-0.04194854
27.22000000	-0.03963338
27.24000000	-0.03591735
27.26000000	-0.03202867
27.28000000	-0.02919554
27.30000000	-0.02741797
27.32000000	-0.02544322
27.34000000	-0.02201953
27.36000000	-0.01714788
27.38000000	-0.01082730
27.40000000	-0.00305778
27.42000000	0.00458127
27.44000000	0.01051142
27.46000000	0.01473168
27.48000000	0.01724206
27.50000000	0.01804353
27.52000000	0.01713611
27.54000000	0.01613156
27.56000000	0.01664070
27.58000000	0.01866353
27.60000000	0.02205386
27.62000000	0.02666456
27.64000000	0.03249563
27.66000000	0.03954705
27.68000000	0.04781885
27.70000000	0.05582969
27.72000000	0.06209730
27.74000000	0.06662167
27.76000000	0.06940379
27.78000000	0.07044365
27.80000000	0.06922034
27.82000000	0.06521296
27.84000000	0.05842149
27.86000000	0.05157117
27.88000000	0.04738721
27.90000000	0.04586960
27.92000000	0.04701737
27.94000000	0.05083052
27.96000000	0.05506157
27.98000000	0.05746109
28.00000000	0.05802909
28.02000000	0.05676557
28.04000000	0.05367051
28.06000000	0.04874491
28.08000000	0.04198778
28.10000000	0.03575549
28.12000000	0.03240537
28.14000000	0.03193744
28.16000000	0.03435168
28.18000000	0.03964810
28.20000000	0.04503182
28.22000000	0.04770799
28.24000000	0.04767660
28.26000000	0.04493765
28.28000000	0.03949114
28.30000000	0.03347859
28.32000000	0.02904152
28.34000000	0.02617995
28.36000000	0.02489386
28.38000000	0.02458288
28.40000000	0.02464664
28.42000000	0.02508515
28.44000000	0.02589840
28.46000000	0.02737873
28.48000000	0.02981848
28.50000000	0.03205418
28.52000000	0.03292138
28.54000000	0.03241911
28.56000000	0.03216110
28.58000000	0.03376013
28.60000000	0.03721620
28.62000000	0.04252929
28.64000000	0.04969942
28.66000000	0.05640456
28.68000000	0.06032267
28.70000000	0.06145376
28.72000000	0.05979784
28.74000000	0.05535489
28.76000000	0.04812492
28.78000000	0.04027005
28.80000000	0.03395241
28.82000000	0.02917298
28.84000000	0.02593175
28.86000000	0.02422874
28.88000000	0.02406295
28.90000000	0.02543439
28.92000000	0.02746996
28.94000000	0.02929462
28.96000000	0.03090739
28.98000000	0.03230924
29.00000000	0.03416823
29.02000000	0.03715145
29.04000000	0.04125890
29.06000000	0.04649057
29.08000000	0.05284647
29.10000000	0.05903658
29.12000000	0.06377089
29.14000000	0.06704939
29.16000000	0.06497457
29.18000000	0.06100839
29.20000000	0.05978312
29.22000000	0.05857061
29.24000000	0.05736986
29.26000000	0.05618187
29.28000000	0.05500663
29.30000000	0.05384317
29.32000000	0.05269245
29.34000000	0.05155449
29.36000000	0.05042831
29.38000000	0.04931487
29.40000000	0.04821419
29.42000000	0.04712528
29.44000000	0.04604912
29.46000000	0.04498572
29.48000000	0.04393507
29.50000000	0.04289717
29.52000000	0.04187104
29.54000000	0.04085767
29.56000000	0.03985705
29.58000000	0.03886820
29.60000000	0.03789211
29.62000000	0.03692876
29.64000000	0.03597719
29.66000000	0.03503838
29.68000000	0.03411231
29.70000000	0.03319802
29.72000000	0.03229648
29.74000000	0.03140770
29.76000000	0.03053068
29.78000000	0.02966642
29.80000000	0.02881491
29.82000000	0.02797518
29.84000000	0.02714819
29.86000000	0.02633396
29.88000000	0.02553151
29.90000000	0.02474180
29.92000000	0.02396485
29.94000000	0.02319967
29.96000000	0.02244724
29.98000000	0.02170757
30.00000000	0.02097967
30.02000000	0.02026452
30.04000000	0.01956212
30.06000000	0.01887150
30.08000000	0.01819363
30.10000000	0.01752851
30.12000000	0.01687516
30.14000000	0.01623457
30.16000000	0.01560673
30.18000000	0.01499066
30.20000000	0.01438735
30.22000000	0.01379678
30.24000000	0.01321799
30.26000000	0.01265196
30.28000000	0.01209867
30.30000000	0.01155716
30.32000000	0.01102840
30.34000000	0.01051240
30.36000000	0.01000816
30.38000000	0.00951668
30.40000000	0.00903795
30.42000000	0.00857100
30.44000000	0.00811679
30.46000000	0.00767534
30.48000000	0.00724567
30.50000000	0.00682874
30.52000000	0.00642457
30.54000000	0.00603217
30.56000000	0.00565252
30.58000000	0.00528563
30.60000000	0.00493051
30.62000000	0.00458814
30.64000000	0.00425852
30.66000000	0.00394166
30.68000000	0.00363755
30.70000000	0.00334521
30.72000000	0.00306563
30.74000000	0.00279879
30.76000000	0.00254373
30.78000000	0.00230143
30.80000000	0.00207187
30.82000000	0.00185409
30.84000000	0.00164906
30.86000000	0.00145679
30.88000000	0.00127628
30.90000000	0.00110853
30.92000000	0.00095353
30.94000000	0.00081031
30.96000000	0.00067983
30.98000000	0.00056211
31.00000000	0.00045617
31.02000000	0.00036297
31.04000000	0.00028253
31.06000000	0.00021386
31.08000000	0.00015794
31.10000000	0.00011478
31.12000000	0.00008339
31.14000000	0.00006475
31.16000000	0.00005886
31.18000000	0.00005886
