0.00000000	0.00000000
0.01000000	-0.00024525
0.02000000	-0.00049050
0.03000000	-0.00073575
0.04000000	-0.00097610
0.05000000	-0.00121154
0.06000000	-0.00144207
0.07000000	-0.00166770
0.08000000	-0.00189824
0.09000000	-0.00213367
0.10000000	-0.00236421
0.11000000	-0.00258984
0.12000000	-0.00281547
0.13000000	-0.00304110
0.14000000	-0.00325692
0.15000000	-0.00345802
0.16000000	-0.00365422
0.17000000	-0.00386024
0.18000000	-0.00408096
0.19000000	-0.00430659
0.20000000	-0.00452732
0.21000000	-0.00473823
0.22000000	-0.00493934
0.23000000	-0.00513063
0.24000000	-0.00532192
0.25000000	-0.00552303
0.26000000	-0.00573394
0.27000000	-0.00594486
0.28000000	-0.00613615
0.29000000	-0.00629802
0.30000000	-0.00643536
0.31000000	-0.00657760
0.32000000	-0.00677380
0.33000000	-0.00702887
0.34000000	-0.00728393
0.35000000	-0.00748503
0.36000000	-0.00763709
0.37000000	-0.00777443
0.38000000	-0.00790686
0.39000000	-0.00806873
0.40000000	-0.00831398
0.41000000	-0.00860828
0.42000000	-0.00885353
0.43000000	-0.00901049
0.44000000	-0.00915273
0.45000000	-0.00935874
0.46000000	-0.00955985
0.47000000	-0.00965304
0.48000000	-0.00970209
0.49000000	-0.00983943
0.50000000	-0.01007487
0.51000000	-0.01029069
0.52000000	-0.01044765
0.53000000	-0.01061932
0.54000000	-0.01076157
0.55000000	-0.01081062
0.56000000	-0.01084495
0.57000000	-0.01096267
0.58000000	-0.01113435
0.59000000	-0.01124226
0.60000000	-0.01130112
0.61000000	-0.01138941
0.62000000	-0.01149241
0.63000000	-0.01160032
0.64000000	-0.01175728
0.65000000	-0.01196820
0.66000000	-0.01217421
0.67000000	-0.01231645
0.68000000	-0.01239003
0.69000000	-0.01246851
0.70000000	-0.01260585
0.71000000	-0.01270395
0.72000000	-0.01265490
0.73000000	-0.01253227
0.74000000	-0.01249794
0.75000000	-0.01258623
0.76000000	-0.01267452
0.77000000	-0.01265490
0.78000000	-0.01256170
0.79000000	-0.01242927
0.80000000	-0.01221345
0.81000000	-0.01198782
0.82000000	-0.01192405
0.83000000	-0.01208101
0.84000000	-0.01229193
0.85000000	-0.01241946
0.86000000	-0.01257642
0.87000000	-0.01278243
0.88000000	-0.01278243
0.89000000	-0.01236060
0.90000000	-0.01179162
0.91000000	-0.01171804
0.92000000	-0.01227721
0.93000000	-0.01294429
0.94000000	-0.01322388
0.95000000	-0.01316502
0.96000000	-0.01332688
0.97000000	-0.01394491
0.98000000	-0.01428336
0.99000000	-0.01356723
1.00000000	-0.01227721
1.01000000	-0.01164937
1.02000000	-0.01211535
1.03000000	-0.01276771
1.04000000	-0.01261075
1.05000000	-0.01187991
1.06000000	-0.01123245
1.07000000	-0.01054575
1.08000000	-0.00969228
1.09000000	-0.00931459
1.10000000	-0.00971680
1.11000000	-0.01008468
1.12000000	-0.00950098
1.13000000	-0.00842189
1.14000000	-0.00832379
1.15000000	-0.00928517
1.16000000	-0.00996696
1.17000000	-0.00991791
1.18000000	-0.00959909
1.19000000	-0.00934403
1.20000000	-0.00914783
1.21000000	-0.00877995
1.22000000	-0.00821588
1.23000000	-0.00772047
1.24000000	-0.00763218
1.25000000	-0.00822078
1.26000000	-0.00903501
1.27000000	-0.00905954
1.28000000	-0.00819626
1.29000000	-0.00744579
1.30000000	-0.00769595
1.31000000	-0.00885843
1.32000000	-0.00987867
1.33000000	-0.00978548
1.34000000	-0.00878486
1.35000000	-0.00788234
1.36000000	-0.00754880
1.37000000	-0.00768123
1.38000000	-0.00830416
1.39000000	-0.00926554
1.40000000	-0.00976585
1.41000000	-0.00924102
1.42000000	-0.00791667
1.43000000	-0.00697491
1.44000000	-0.00785781
1.45000000	-0.00968737
1.46000000	-0.01038879
1.47000000	-0.00969718
1.48000000	-0.00906444
1.49000000	-0.00990319
1.50000000	-0.01173276
1.51000000	-0.01277752
1.52000000	-0.01224288
1.53000000	-0.01075176
1.54000000	-0.00926554
1.55000000	-0.00847584
1.56000000	-0.00882409
1.57000000	-0.01051141
1.58000000	-0.01283148
1.59000000	-0.01385662
1.60000000	-0.01222816
1.61000000	-0.00882900
1.62000000	-0.00622444
1.63000000	-0.00589090
1.64000000	-0.00692095
1.65000000	-0.00780876
1.66000000	-0.00802458
1.67000000	-0.00776461
1.68000000	-0.00700434
1.69000000	-0.00586638
1.70000000	-0.00502762
1.71000000	-0.00509139
1.72000000	-0.00594976
1.73000000	-0.00605277
1.74000000	-0.00393871
1.75000000	-0.00040711
1.76000000	0.00232007
1.77000000	0.00315392
1.78000000	0.00314411
1.79000000	0.00401229
1.80000000	0.00658742
1.81000000	0.00920669
1.82000000	0.00896634
1.83000000	0.00644027
1.84000000	0.00479709
1.85000000	0.00527778
1.86000000	0.00687191
1.87000000	0.00774500
1.88000000	0.00719564
1.89000000	0.00640103
1.90000000	0.00668061
1.91000000	0.00763709
1.92000000	0.00853470
1.93000000	0.00984924
1.94000000	0.01194858
1.95000000	0.01448937
1.96000000	0.01569600
1.97000000	0.01407245
1.98000000	0.01196330
1.99000000	0.01277262
2.00000000	0.01596578
2.01000000	0.01818774
2.02000000	0.01772176
2.03000000	0.01549980
2.04000000	0.01305220
2.05000000	0.01189953
2.06000000	0.01351328
2.07000000	0.01782967
2.08000000	0.02165067
2.09000000	0.02111603
2.10000000	0.01718221
2.11000000	0.01436184
2.12000000	0.01464633
2.13000000	0.01648570
2.14000000	0.01791306
2.15000000	0.01845261
2.16000000	0.01833979
2.17000000	0.01805040
2.18000000	0.01820736
2.19000000	0.01888425
2.20000000	0.01990940
2.21000000	0.02070400
2.22000000	0.02025765
2.23000000	0.01807493
2.24000000	0.01467576
2.25000000	0.01126679
2.26000000	0.00919197
2.27000000	0.00939798
2.28000000	0.01200254
2.29000000	0.01583334
2.30000000	0.01805531
2.31000000	0.01723127
2.32000000	0.01573524
2.33000000	0.01673096
2.34000000	0.02091983
2.35000000	0.02564825
2.36000000	0.02692845
2.37000000	0.02449557
2.38000000	0.02143976
2.39000000	0.01934042
2.40000000	0.01799645
2.41000000	0.01703997
2.42000000	0.01668681
2.43000000	0.01714298
2.44000000	0.01673096
2.45000000	0.01375853
2.46000000	0.01055066
2.47000000	0.01097249
2.48000000	0.01530360
2.49000000	0.02092473
2.50000000	0.02503512
2.51000000	0.02555505
2.52000000	0.02274448
2.53000000	0.02000259
2.54000000	0.02047838
2.55000000	0.02429937
2.56000000	0.02809094
2.57000000	0.02684016
2.58000000	0.01983091
2.59000000	0.01330236
2.60000000	0.01324350
2.61000000	0.01789344
2.62000000	0.02202836
2.63000000	0.02419636
2.64000000	0.02622704
2.65000000	0.02824299
2.66000000	0.02769853
2.67000000	0.02454462
2.68000000	0.02219022
2.69000000	0.02316141
2.70000000	0.02797322
2.71000000	0.03584083
2.72000000	0.04261464
2.73000000	0.04172193
2.74000000	0.03359434
2.75000000	0.02743367
2.76000000	0.02780645
2.77000000	0.03092112
2.78000000	0.03324609
2.79000000	0.03510999
2.80000000	0.03855330
2.81000000	0.04405181
2.82000000	0.05060979
2.83000000	0.05537255
2.84000000	0.05387652
2.85000000	0.04724496
2.86000000	0.04209962
2.87000000	0.04147178
2.88000000	0.04294328
2.89000000	0.04361036
2.90000000	0.04414500
2.91000000	0.04676427
2.92000000	0.05127197
2.93000000	0.05583852
2.94000000	0.05995382
2.95000000	0.06261723
2.96000000	0.06066014
2.97000000	0.05481828
2.98000000	0.05025663
2.99000000	0.04880475
3.00000000	0.04640621
3.01000000	0.03947544
3.02000000	0.03190212
3.03000000	0.02998917
3.04000000	0.03304499
3.05000000	0.03547787
3.06000000	0.03528167
3.07000000	0.03414371
3.08000000	0.03236319
3.09000000	0.02965563
3.10000000	0.02659982
3.11000000	0.02375001
3.12000000	0.02227361
3.13000000	0.02402469
3.14000000	0.02795360
3.15000000	0.02686469
3.16000000	0.01918836
3.17000000	0.01459728
3.18000000	0.01558319
3.19000000	0.01666719
3.20000000	0.01479348
3.21000000	0.00864752
3.22000000	-0.00044145
3.23000000	-0.00957456
3.24000000	-0.01600501
3.25000000	-0.01837903
3.26000000	-0.01842318
3.27000000	-0.01864881
3.28000000	-0.01924231
3.29000000	-0.01990449
3.30000000	-0.02079229
3.31000000	-0.02013993
3.32000000	-0.01731955
3.33000000	-0.01534774
3.34000000	-0.01666719
3.35000000	-0.02131713
3.36000000	-0.02665867
3.37000000	-0.02876292
3.38000000	-0.02754648
3.39000000	-0.02653114
3.40000000	-0.02811055
3.41000000	-0.03210322
3.42000000	-0.03727800
3.43000000	-0.04258030
3.44000000	-0.04779922
3.45000000	-0.05298871
3.46000000	-0.05616715
3.47000000	-0.05443569
3.48000000	-0.04765698
3.49000000	-0.04010328
3.50000000	-0.03709161
3.51000000	-0.03930376
3.52000000	-0.04280103
3.53000000	-0.04466002
3.54000000	-0.04567536
3.55000000	-0.04619038
3.56000000	-0.04360545
3.57000000	-0.03748891
3.58000000	-0.03248581
3.59000000	-0.03143614
3.60000000	-0.03067587
3.61000000	-0.02646247
3.62000000	-0.02224417
3.63000000	-0.02334289
3.64000000	-0.02910136
3.65000000	-0.03437914
3.66000000	-0.03641472
3.67000000	-0.03921057
3.68000000	-0.04696537
3.69000000	-0.05723644
3.70000000	-0.06515311
3.71000000	-0.06956761
3.72000000	-0.07271172
3.73000000	-0.07599316
3.74000000	-0.07797969
3.75000000	-0.07784725
3.76000000	-0.07802874
3.77000000	-0.08039295
3.78000000	-0.08215384
3.79000000	-0.07950514
3.80000000	-0.07207898
3.81000000	-0.06228369
3.82000000	-0.05282194
3.83000000	-0.04399785
3.84000000	-0.03477154
3.85000000	-0.02504493
3.86000000	-0.01496515
3.87000000	-0.00413491
3.88000000	0.00763218
3.89000000	0.01969358
3.90000000	0.03047477
3.91000000	0.03843558
3.92000000	0.04360545
3.93000000	0.04653864
3.94000000	0.04683294
3.95000000	0.04479246
3.96000000	0.04280594
3.97000000	0.04396352
3.98000000	0.04853988
3.99000000	0.05251293
4.00000000	0.05211563
4.01000000	0.04974651
4.02000000	0.04988876
4.03000000	0.05137497
4.04000000	0.05154174
4.05000000	0.05230202
4.06000000	0.05740812
4.07000000	0.06797349
4.08000000	0.08109437
4.09000000	0.09243473
4.10000000	0.10050345
4.11000000	0.10794434
4.12000000	0.11829389
4.13000000	0.13250858
4.14000000	0.14923462
4.15000000	0.16679943
4.16000000	0.18423671
4.17000000	0.20090880
4.18000000	0.21590339
4.19000000	0.22841604
4.20000000	0.23892255
4.21000000	0.24924267
4.22000000	0.26142179
4.23000000	0.27642618
4.24000000	0.29420190
4.25000000	0.31439579
4.26000000	0.33651733
4.27000000	0.35970817
4.28000000	0.38263905
4.29000000	0.40365698
4.30000000	0.42131498
4.31000000	0.43495087
4.32000000	0.44366706
4.33000000	0.44695341
4.34000000	0.44613918
4.35000000	0.44268116
4.36000000	0.43706984
4.37000000	0.42927089
4.38000000	0.41972085
4.39000000	0.41067113
4.40000000	0.40463798
4.41000000	0.40187646
4.42000000	0.40120448
4.43000000	0.40119957
4.44000000	0.40040496
4.45000000	0.39884517
4.46000000	0.39814376
4.47000000	0.39923757
4.48000000	0.40149387
4.49000000	0.40329891
4.50000000	0.40325967
4.51000000	0.40105733
4.52000000	0.39685865
4.53000000	0.39123752
4.54000000	0.38466972
4.55000000	0.37717979
4.56000000	0.36867452
4.57000000	0.35843288
4.58000000	0.34530219
4.59000000	0.32890968
4.60000000	0.31036878
4.61000000	0.29181807
4.62000000	0.27483696
4.63000000	0.25864065
4.64000000	0.24007032
4.65000000	0.21669799
4.66000000	0.18983331
4.67000000	0.16233098
4.68000000	0.13551044
4.69000000	0.10998972
4.70000000	0.08612689
4.71000000	0.06428493
4.72000000	0.04535654
4.73000000	0.03016084
4.74000000	0.01882049
4.75000000	0.00978057
4.76000000	0.00140774
4.77000000	-0.00521892
4.78000000	-0.00915273
4.79000000	-0.01245379
4.80000000	-0.01747651
4.81000000	-0.02578068
4.82000000	-0.03782246
4.83000000	-0.04962388
4.84000000	-0.05250802
4.85000000	-0.04332587
4.86000000	-0.03187269
4.87000000	-0.02519208
4.88000000	-0.02143975
4.89000000	-0.02174386
4.90000000	-0.02776230
4.91000000	-0.03869064
4.92000000	-0.05410215
4.93000000	-0.07295697
4.94000000	-0.09343535
4.95000000	-0.11389900
4.96000000	-0.13331299
4.97000000	-0.15175579
4.98000000	-0.16990920
4.99000000	-0.18787131
5.00000000	-0.20484261
5.01000000	-0.21961647
5.02000000	-0.23126094
5.03000000	-0.23982997
5.04000000	-0.24673131
5.05000000	-0.25336287
5.06000000	-0.25955298
5.07000000	-0.26438931
5.08000000	-0.26702329
5.09000000	-0.26616001
5.10000000	-0.25908210
5.11000000	-0.24184593
5.12000000	-0.21997944
5.13000000	-0.21091500
5.14000000	-0.21383347
5.15000000	-0.21619278
5.16000000	-0.21917011
5.17000000	-0.22469805
5.18000000	-0.23208007
5.19000000	-0.24097774
5.20000000	-0.25073379
5.21000000	-0.26187304
5.22000000	-0.27463095
5.23000000	-0.28923804
5.24000000	-0.30586108
5.25000000	-0.32321497
5.26000000	-0.33835671
5.27000000	-0.34805389
5.28000000	-0.35120290
5.29000000	-0.34890736
5.30000000	-0.34240333
5.31000000	-0.33191154
5.32000000	-0.31653436
5.33000000	-0.29630124
5.34000000	-0.27743170
5.35000000	-0.27111897
5.36000000	-0.27813312
5.37000000	-0.28885054
5.38000000	-0.29782669
5.39000000	-0.30195670
5.40000000	-0.29811609
5.41000000	-0.28523556
5.42000000	-0.26406067
5.43000000	-0.23703413
5.44000000	-0.20715286
5.45000000	-0.17618760
5.46000000	-0.14434434
5.47000000	-0.11296706
5.48000000	-0.08658306
5.49000000	-0.07100968
5.50000000	-0.06916540
5.51000000	-0.08172220
5.52000000	-0.10445688
5.53000000	-0.12619584
5.54000000	-0.14453563
5.55000000	-0.16563204
5.56000000	-0.18756229
5.57000000	-0.20656917
5.58000000	-0.22316278
5.59000000	-0.23769139
5.60000000	-0.25065040
5.61000000	-0.26248617
5.62000000	-0.27482715
5.63000000	-0.28958139
5.64000000	-0.30544416
5.65000000	-0.31971771
5.66000000	-0.33014083
5.67000000	-0.33412860
5.68000000	-0.32974353
5.69000000	-0.31725540
5.70000000	-0.29841039
5.71000000	-0.27474376
5.72000000	-0.24748177
5.73000000	-0.21837550
5.74000000	-0.19046605
5.75000000	-0.16748122
5.76000000	-0.15138792
5.77000000	-0.14229405
5.78000000	-0.13964044
5.79000000	-0.14202918
5.80000000	-0.14822910
5.81000000	-0.15783309
5.82000000	-0.16939908
5.83000000	-0.17937094
5.84000000	-0.18497245
5.85000000	-0.18578178
5.86000000	-0.18143104
5.87000000	-0.17054194
5.88000000	-0.15289375
5.89000000	-0.13086540
5.90000000	-0.10733121
5.91000000	-0.08390983
5.92000000	-0.06146946
5.93000000	-0.04065754
5.94000000	-0.02156728
5.95000000	-0.00384061
5.96000000	0.01211045
5.97000000	0.02424051
5.98000000	0.03037176
5.99000000	0.03011180
6.00000000	0.02454953
6.01000000	0.01460709
6.02000000	0.00122625
6.03000000	-0.01347894
6.04000000	-0.02820375
6.05000000	-0.04252635
6.06000000	-0.05371956
6.07000000	-0.05888943
6.08000000	-0.05852646
6.09000000	-0.05394519
6.10000000	-0.04581760
6.11000000	-0.03530619
6.12000000	-0.02386282
6.13000000	-0.01325821
6.14000000	-0.00516496
6.15000000	-0.00071122
6.16000000	-0.00056407
6.17000000	-0.00509629
6.18000000	-0.01542132
6.19000000	-0.03095545
6.20000000	-0.04694085
6.21000000	-0.06010096
6.22000000	-0.07181410
6.23000000	-0.08343895
6.24000000	-0.09508342
6.25000000	-0.10752250
6.26000000	-0.12075129
6.27000000	-0.13281268
6.28000000	-0.14106289
6.29000000	-0.14342710
6.30000000	-0.13838476
6.31000000	-0.12505297
6.32000000	-0.10375056
6.33000000	-0.07585582
6.34000000	-0.04349754
6.35000000	-0.00849055
6.36000000	0.02693826
6.37000000	0.05857061
6.38000000	0.08170749
6.39000000	0.09446540
6.40000000	0.09825696
6.41000000	0.09701109
6.42000000	0.09715334
6.43000000	0.10240169
6.44000000	0.11177024
6.45000000	0.12403764
6.46000000	0.13836515
6.47000000	0.15363932
6.48000000	0.16886444
6.49000000	0.18317232
6.50000000	0.19614605
6.51000000	0.20741774
6.52000000	0.21606035
6.53000000	0.22062690
6.54000000	0.22016583
6.55000000	0.21578076
6.56000000	0.21053241
6.57000000	0.20844779
6.58000000	0.21019887
6.59000000	0.21225897
6.60000000	0.21331355
6.61000000	0.21444660
6.62000000	0.21614373
6.63000000	0.21860114
6.64000000	0.22149999
6.65000000	0.22365819
6.66000000	0.22393778
6.67000000	0.22186787
6.68000000	0.21795368
6.69000000	0.21344598
6.70000000	0.20908053
6.71000000	0.20370465
6.72000000	0.19595475
6.73000000	0.18604175
6.74000000	0.17409807
6.75000000	0.15998639
6.76000000	0.14416776
6.77000000	0.12734361
6.78000000	0.11029383
6.79000000	0.09412205
6.80000000	0.08026542
6.81000000	0.07044561
6.82000000	0.06544251
6.83000000	0.06439284
6.84000000	0.06608507
6.85000000	0.06924389
6.86000000	0.07272153
6.87000000	0.07564491
6.88000000	0.07682211
6.89000000	0.07493369
6.90000000	0.06892997
6.91000000	0.05834498
6.92000000	0.04377713
6.93000000	0.02667339
6.94000000	0.00924102
6.95000000	-0.00632254
6.96000000	-0.01910007
6.97000000	-0.02965072
6.98000000	-0.03979917
6.99000000	-0.05097766
7.00000000	-0.06235726
7.01000000	-0.07172581
7.02000000	-0.07797969
7.03000000	-0.08155053
7.04000000	-0.08359591
7.05000000	-0.08514589
7.06000000	-0.08698527
7.07000000	-0.09014409
7.08000000	-0.09560335
7.09000000	-0.10333363
7.10000000	-0.11164761
7.11000000	-0.11852932
7.12000000	-0.12290949
7.13000000	-0.12475377
7.14000000	-0.12413083
7.15000000	-0.12075129
7.16000000	-0.11489962
7.17000000	-0.10738516
7.18000000	-0.09907609
7.19000000	-0.09080136
7.20000000	-0.08281111
7.21000000	-0.07488463
7.22000000	-0.06707587
7.23000000	-0.05981647
7.24000000	-0.05332225
7.25000000	-0.04759321
7.26000000	-0.04271764
7.27000000	-0.03893589
7.28000000	-0.03718971
7.29000000	-0.03882307
7.30000000	-0.04401256
7.31000000	-0.05100219
7.32000000	-0.05693724
7.33000000	-0.06002248
7.34000000	-0.06035602
7.35000000	-0.05834007
7.36000000	-0.05362636
7.37000000	-0.04604814
7.38000000	-0.03630190
7.39000000	-0.02538337
7.40000000	-0.01454823
7.41000000	-0.00484123
7.42000000	0.00335012
7.43000000	0.00997677
7.44000000	0.01499459
7.45000000	0.01818284
7.46000000	0.01939437
7.47000000	0.01887444
7.48000000	0.01665248
7.49000000	0.01239003
7.50000000	0.00633726
7.51000000	-0.00077989
7.52000000	-0.00795591
7.53000000	-0.01414111
7.54000000	-0.01885972
7.55000000	-0.02188611
7.56000000	-0.02283768
7.57000000	-0.02146918
7.58000000	-0.01779534
7.59000000	-0.01191915
7.60000000	-0.00430168
7.61000000	0.00387986
7.62000000	0.01087439
7.63000000	0.01497006
7.64000000	0.01572543
7.65000000	0.01417545
7.66000000	0.01111964
7.67000000	0.00642065
7.68000000	-0.00040711
7.69000000	-0.00932931
7.70000000	-0.01919817
7.71000000	-0.02802226
7.72000000	-0.03427123
7.73000000	-0.03767530
7.74000000	-0.03823447
7.75000000	-0.03585555
7.76000000	-0.03071020
7.77000000	-0.02293087
7.78000000	-0.01306692
7.79000000	-0.00279094
7.80000000	0.00561623
7.81000000	0.01121774
7.82000000	0.01564205
7.83000000	0.02116017
7.84000000	0.02826752
7.85000000	0.03620381
7.86000000	0.04421367
7.87000000	0.05213525
7.88000000	0.06048356
7.89000000	0.06933218
7.90000000	0.07779330
7.91000000	0.08480745
7.92000000	0.08949663
7.93000000	0.09092889
7.94000000	0.08846658
7.95000000	0.08229119
7.96000000	0.07366820
7.97000000	0.06468224
7.98000000	0.05692253
7.99000000	0.05067846
8.00000000	0.04568517
8.01000000	0.04188380
8.02000000	0.03944111
8.03000000	0.03834239
8.04000000	0.03815600
8.05000000	0.03785189
8.06000000	0.03646868
8.07000000	0.03365811
8.08000000	0.02955753
8.09000000	0.02490269
8.10000000	0.02027237
8.11000000	0.01571562
8.12000000	0.01111473
8.13000000	0.00627350
8.14000000	0.00097610
8.15000000	-0.00474804
8.16000000	-0.00995715
8.17000000	-0.01342498
8.18000000	-0.01456785
8.19000000	-0.01355251
8.20000000	-0.01107549
8.21000000	-0.00794119
8.22000000	-0.00476275
8.23000000	-0.00150093
8.24000000	0.00171185
8.25000000	0.00413001
8.26000000	0.00529740
8.27000000	0.00502272
8.28000000	0.00296753
8.29000000	-0.00172165
8.30000000	-0.00962361
8.31000000	-0.02002711
8.32000000	-0.03113694
8.33000000	-0.04147177
8.34000000	-0.05117877
8.35000000	-0.06078276
8.36000000	-0.07021998
8.37000000	-0.07927461
8.38000000	-0.08790250
8.39000000	-0.09649606
8.40000000	-0.10519753
8.41000000	-0.11353113
8.42000000	-0.12085429
8.43000000	-0.12698064
8.44000000	-0.13230256
8.45000000	-0.13711927
8.46000000	-0.14185750
8.47000000	-0.14697342
8.48000000	-0.15264850
8.49000000	-0.15913291
8.50000000	-0.16641684
8.51000000	-0.17440708
8.52000000	-0.18295650
8.53000000	-0.19136857
8.54000000	-0.19879965
8.55000000	-0.20446492
8.56000000	-0.20781013
8.57000000	-0.20855569
8.58000000	-0.20651031
8.59000000	-0.20176717
8.60000000	-0.19494922
8.61000000	-0.18736119
8.62000000	-0.18025384
8.63000000	-0.17342118
8.64000000	-0.16550941
8.65000000	-0.15588090
8.66000000	-0.14492313
8.67000000	-0.13331299
8.68000000	-0.12145761
8.69000000	-0.10934226
8.70000000	-0.09680017
8.71000000	-0.08376268
8.72000000	-0.07077915
8.73000000	-0.05851174
8.74000000	-0.04703895
8.75000000	-0.03602722
8.76000000	-0.02490268
8.77000000	-0.01362118
8.78000000	-0.00254569
8.79000000	0.00804911
8.80000000	0.01779044
8.81000000	0.02633004
8.82000000	0.03336872
8.83000000	0.03858764
8.84000000	0.04181513
8.85000000	0.04333077
8.86000000	0.04387523
8.87000000	0.04483170
8.88000000	0.04708310
8.89000000	0.04961408
8.90000000	0.05136026
8.91000000	0.05270913
8.92000000	0.05414630
8.93000000	0.05562761
8.94000000	0.05713344
8.95000000	0.05898753
8.96000000	0.06156756
8.97000000	0.06449094
8.98000000	0.06700230
8.99000000	0.06860133
9.00000000	0.06922427
9.01000000	0.06931746
9.02000000	0.06911145
9.03000000	0.06846890
9.04000000	0.06791954
9.05000000	0.06821384
9.06000000	0.06909183
9.07000000	0.06950385
9.08000000	0.06868472
9.09000000	0.06660500
9.10000000	0.06377972
9.11000000	0.06067976
9.12000000	0.05617697
9.13000000	0.04884399
9.14000000	0.04026515
9.15000000	0.03382979
9.16000000	0.03063173
9.17000000	0.03013142
9.18000000	0.03238281
9.19000000	0.03707199
9.20000000	0.04314929
9.21000000	0.04935902
9.22000000	0.05451417
9.23000000	0.05760432
9.24000000	0.05811444
9.25000000	0.05615735
9.26000000	0.05193414
9.27000000	0.04569008
9.28000000	0.03794999
9.29000000	0.02960658
9.30000000	0.02173406
9.31000000	0.01485725
9.32000000	0.00907916
9.33000000	0.00428207
9.34000000	0.00019130
9.35000000	-0.00321277
9.36000000	-0.00582714
9.37000000	-0.00763218
9.38000000	-0.00871618
9.39000000	-0.00919687
9.40000000	-0.00934402
9.41000000	-0.00938326
9.42000000	-0.00937345
9.43000000	-0.00906444
9.44000000	-0.00819625
9.45000000	-0.00712206
9.46000000	-0.00656779
9.47000000	-0.00718582
9.48000000	-0.00947646
9.49000000	-0.01394001
9.50000000	-0.02046856
9.51000000	-0.02792416
9.52000000	-0.03521299
9.53000000	-0.04220262
9.54000000	-0.04920205
9.55000000	-0.05629468
9.56000000	-0.06315678
9.57000000	-0.06915069
9.58000000	-0.07382025
9.59000000	-0.07698397
9.60000000	-0.07863696
9.61000000	-0.07908822
9.62000000	-0.07869091
9.63000000	-0.07804836
9.64000000	-0.07824946
9.65000000	-0.08011827
9.66000000	-0.08348800
9.67000000	-0.08744634
9.68000000	-0.09110547
9.69000000	-0.09383755
9.70000000	-0.09524038
9.71000000	-0.09523057
9.72000000	-0.09409752
9.73000000	-0.09204723
9.74000000	-0.08910913
9.75000000	-0.08544019
9.76000000	-0.08146714
9.77000000	-0.07845057
9.78000000	-0.07768048
9.79000000	-0.07918632
9.80000000	-0.08246286
9.81000000	-0.08723052
9.82000000	-0.09315576
9.83000000	-0.09957150
9.84000000	-0.10544769
9.85000000	-0.10997500
9.86000000	-0.11319268
9.87000000	-0.11550784
9.88000000	-0.11697934
9.89000000	-0.11729326
9.90000000	-0.11648394
9.91000000	-0.11524788
9.92000000	-0.11396277
9.93000000	-0.11210868
9.94000000	-0.10947960
9.95000000	-0.10643359
9.96000000	-0.10320120
9.97000000	-0.09994918
9.98000000	-0.09708466
9.99000000	-0.09534339
10.00000000	-0.09472045
10.01000000	-0.09420052
10.02000000	-0.09272412
10.03000000	-0.08957511
10.04000000	-0.08462596
10.05000000	-0.07847019
10.06000000	-0.07177977
10.07000000	-0.06505501
10.08000000	-0.05853136
10.09000000	-0.05195376
10.10000000	-0.04455702
10.11000000	-0.03543862
10.12000000	-0.02434842
10.13000000	-0.01215459
10.14000000	-0.00051502
10.15000000	0.00898596
10.16000000	0.01546056
10.17000000	0.01892840
10.18000000	0.01970339
10.19000000	0.01786892
10.20000000	0.01382229
10.21000000	0.00864261
10.22000000	0.00361989
10.23000000	-0.00023053
10.24000000	-0.00246231
10.25000000	-0.00313429
10.26000000	-0.00244269
10.27000000	-0.00055426
10.28000000	0.00249665
10.29000000	0.00667080
10.30000000	0.01188482
10.31000000	0.01790325
10.32000000	0.02410317
10.33000000	0.02975373
10.34000000	0.03458516
10.35000000	0.03921548
10.36000000	0.04434120
10.37000000	0.04980537
10.38000000	0.05511258
10.39000000	0.06013530
10.40000000	0.06540818
10.41000000	0.07152962
10.42000000	0.07853396
10.43000000	0.08594541
10.44000000	0.09324405
10.45000000	0.10012086
10.46000000	0.10632078
10.47000000	0.11173590
10.48000000	0.11614550
10.49000000	0.11897568
10.50000000	0.11979482
10.51000000	0.11880401
10.52000000	0.11637113
10.53000000	0.11268747
10.54000000	0.10787567
10.55000000	0.10215153
10.56000000	0.09605952
10.57000000	0.09053159
10.58000000	0.08627405
10.59000000	0.08349291
10.60000000	0.08214404
10.61000000	0.08193312
10.62000000	0.08251682
10.63000000	0.08377250
10.64000000	0.08560697
10.65000000	0.08792703
10.66000000	0.09093870
10.67000000	0.09452916
10.68000000	0.09813434
10.69000000	0.10096943
10.70000000	0.10217115
10.71000000	0.10132749
10.72000000	0.09858560
10.73000000	0.09442125
10.74000000	0.08953587
10.75000000	0.08446410
10.76000000	0.07904408
10.77000000	0.07300602
10.78000000	0.06674724
10.79000000	0.06112121
10.80000000	0.05658899
10.81000000	0.05319963
10.82000000	0.05097767
10.83000000	0.04942278
10.84000000	0.04779432
10.85000000	0.04569989
10.86000000	0.04302176
10.87000000	0.04009347
10.88000000	0.03719462
10.89000000	0.03410937
10.90000000	0.03046496
10.91000000	0.02596707
10.92000000	0.02095416
10.93000000	0.01661324
10.94000000	0.01417055
10.95000000	0.01417545
10.96000000	0.01636308
10.97000000	0.02015955
10.98000000	0.02488307
10.99000000	0.02950358
11.00000000	0.03299103
11.01000000	0.03447234
11.02000000	0.03370226
11.03000000	0.03137729
11.04000000	0.02818413
11.05000000	0.02427975
11.06000000	0.01963962
11.07000000	0.01436184
11.08000000	0.00883391
11.09000000	0.00355613
11.10000000	-0.00125568
11.11000000	-0.00569961
11.12000000	-0.00989338
11.13000000	-0.01395963
11.14000000	-0.01799154
11.15000000	-0.02183215
11.16000000	-0.02523132
11.17000000	-0.02795359
11.18000000	-0.02992540
11.19000000	-0.03139200
11.20000000	-0.03235828
11.21000000	-0.03264768
11.22000000	-0.03265258
11.23000000	-0.03330985
11.24000000	-0.03523261
11.25000000	-0.03799903
11.26000000	-0.04062321
11.27000000	-0.04259992
11.28000000	-0.04399294
11.29000000	-0.04450797
11.30000000	-0.04359073
11.31000000	-0.04138348
11.32000000	-0.03866121
11.33000000	-0.03643924
11.34000000	-0.03509527
11.35000000	-0.03435462
11.36000000	-0.03431538
11.37000000	-0.03542881
11.38000000	-0.03793527
11.39000000	-0.04147668
11.40000000	-0.04566064
11.41000000	-0.05051169
11.42000000	-0.05618187
11.43000000	-0.06221502
11.44000000	-0.06749280
11.45000000	-0.07154923
11.46000000	-0.07466881
11.47000000	-0.07680739
11.48000000	-0.07758238
11.49000000	-0.07698397
11.50000000	-0.07543399
11.51000000	-0.07333956
11.52000000	-0.07085272
11.53000000	-0.06795387
11.54000000	-0.06468714
11.55000000	-0.06107215
11.56000000	-0.05701572
11.57000000	-0.05234616
11.58000000	-0.04692613
11.59000000	-0.04096656
11.60000000	-0.03505113
11.61000000	-0.02987145
11.62000000	-0.02583463
11.63000000	-0.02279844
11.64000000	-0.02044894
11.65000000	-0.01865862
11.66000000	-0.01717240
11.67000000	-0.01541151
11.68000000	-0.01276771
11.69000000	-0.00886333
11.70000000	-0.00372780
11.71000000	0.00211896
11.72000000	0.00777443
11.73000000	0.01263528
11.74000000	0.01667210
11.75000000	0.01992411
11.76000000	0.02238152
11.77000000	0.02423070
11.78000000	0.02583464
11.79000000	0.02761515
11.80000000	0.02973411
11.81000000	0.03205418
11.82000000	0.03426633
11.83000000	0.03602723
11.84000000	0.03740553
11.85000000	0.03882308
11.86000000	0.04063302
11.87000000	0.04277160
11.88000000	0.04502790
11.89000000	0.04764227
11.90000000	0.05115915
11.91000000	0.05578457
11.92000000	0.06097406
11.93000000	0.06603602
11.94000000	0.07082330
11.95000000	0.07513479
11.96000000	0.07849472
11.97000000	0.08061368
11.98000000	0.08164863
11.99000000	0.08206065
12.00000000	0.08227647
12.01000000	0.08244324
12.02000000	0.08257568
12.03000000	0.08286017
12.04000000	0.08339972
12.05000000	0.08378721
12.06000000	0.08344877
12.07000000	0.08228628
12.08000000	0.08043219
12.09000000	0.07797969
12.10000000	0.07502198
12.11000000	0.07156395
12.12000000	0.06758109
12.13000000	0.06326960
12.14000000	0.05932598
12.15000000	0.05628978
12.16000000	0.05407272
12.17000000	0.05237069
12.18000000	0.05094333
12.19000000	0.04979556
12.20000000	0.04911377
12.21000000	0.04884399
12.22000000	0.04856931
12.23000000	0.04798071
12.24000000	0.04713705
12.25000000	0.04642092
12.26000000	0.04603343
12.27000000	0.04580780
12.28000000	0.04537125
12.29000000	0.04443930
12.30000000	0.04311495
12.31000000	0.04174155
12.32000000	0.04089299
12.33000000	0.04112843
12.34000000	0.04256559
12.35000000	0.04493471
12.36000000	0.04805919
12.37000000	0.05204205
12.38000000	0.05684405
12.39000000	0.06221502
12.40000000	0.06774296
12.41000000	0.07262343
12.42000000	0.07614522
12.43000000	0.07817099
12.44000000	0.07909313
12.45000000	0.07947572
12.46000000	0.07972097
12.47000000	0.08005941
12.48000000	0.08046162
12.49000000	0.08074611
12.50000000	0.08093250
12.51000000	0.08123171
12.52000000	0.08176145
12.53000000	0.08254134
12.54000000	0.08345858
12.55000000	0.08439543
12.56000000	0.08527833
12.57000000	0.08584731
12.58000000	0.08582279
12.59000000	0.08513609
12.60000000	0.08380683
12.61000000	0.08177616
12.62000000	0.07898031
12.63000000	0.07549776
12.64000000	0.07178468
12.65000000	0.06863567
12.66000000	0.06645785
12.67000000	0.06501578
12.68000000	0.06412307
12.69000000	0.06398082
12.70000000	0.06493239
12.71000000	0.06698759
12.72000000	0.06960195
12.73000000	0.07215746
12.74000000	0.07427642
12.75000000	0.07575282
12.76000000	0.07641990
12.77000000	0.07615503
12.78000000	0.07492878
12.79000000	0.07276568
12.80000000	0.06962157
12.81000000	0.06554061
12.82000000	0.06098387
12.83000000	0.05642222
12.84000000	0.05178209
12.85000000	0.04683785
12.86000000	0.04181513
12.87000000	0.03723876
12.88000000	0.03335891
12.89000000	0.02967035
12.90000000	0.02544224
12.91000000	0.02047838
12.92000000	0.01517117
12.93000000	0.01020731
12.94000000	0.00568490
12.95000000	0.00104967
12.96000000	-0.00417415
12.97000000	-0.01020730
12.98000000	-0.01689282
12.99000000	-0.02385301
13.00000000	-0.03063663
13.01000000	-0.03681693
13.02000000	-0.04202113
13.03000000	-0.04557726
13.04000000	-0.04690651
13.05000000	-0.04599418
13.06000000	-0.04292365
13.07000000	-0.03808242
13.08000000	-0.03195607
13.09000000	-0.02520679
13.10000000	-0.01888425
13.11000000	-0.01390077
13.12000000	-0.01071742
13.13000000	-0.00904972
13.14000000	-0.00857884
13.15000000	-0.00925083
13.16000000	-0.01111473
13.17000000	-0.01409206
13.18000000	-0.01765309
13.19000000	-0.02120922
13.20000000	-0.02426994
13.21000000	-0.02643304
13.22000000	-0.02747781
13.23000000	-0.02723746
13.24000000	-0.02577577
13.25000000	-0.02338213
13.26000000	-0.02038518
13.27000000	-0.01716750
13.28000000	-0.01418526
13.29000000	-0.01183576
13.30000000	-0.01023183
13.31000000	-0.00932440
13.32000000	-0.00895653
13.33000000	-0.00887805
13.34000000	-0.00891729
13.35000000	-0.00911349
13.36000000	-0.00981490
13.37000000	-0.01123735
13.38000000	-0.01303258
13.39000000	-0.01476895
13.40000000	-0.01642194
13.41000000	-0.01791796
13.42000000	-0.01882539
13.43000000	-0.01890877
13.44000000	-0.01842318
13.45000000	-0.01779534
13.46000000	-0.01716750
13.47000000	-0.01637289
13.48000000	-0.01523983
13.49000000	-0.01372419
13.50000000	-0.01202706
13.51000000	-0.01043784
13.52000000	-0.00914782
13.53000000	-0.00848565
13.54000000	-0.00847584
13.55000000	-0.00852979
13.56000000	-0.00824040
13.57000000	-0.00761746
13.58000000	-0.00667570
13.59000000	-0.00544455
13.60000000	-0.00393381
13.61000000	-0.00200124
13.62000000	0.00049541
13.63000000	0.00359537
13.64000000	0.00731336
13.65000000	0.01148751
13.66000000	0.01574505
13.67000000	0.01969358
13.68000000	0.02308293
13.69000000	0.02583464
13.70000000	0.02788983
13.71000000	0.02915532
13.72000000	0.02960658
13.73000000	0.02937114
13.74000000	0.02857163
13.75000000	0.02757591
13.76000000	0.02686469
13.77000000	0.02655077
13.78000000	0.02655567
13.79000000	0.02665377
13.80000000	0.02661453
13.81000000	0.02671263
13.82000000	0.02740424
13.83000000	0.02892479
13.84000000	0.03145577
13.85000000	0.03504132
13.86000000	0.03953921
13.87000000	0.04450307
13.88000000	0.04909415
13.89000000	0.05229221
13.90000000	0.05343998
13.91000000	0.05270913
13.92000000	0.05082071
13.93000000	0.04870665
13.94000000	0.04720572
13.95000000	0.04673484
13.96000000	0.04739702
13.97000000	0.04890776
13.98000000	0.05087466
13.99000000	0.05309172
14.00000000	0.05524992
14.01000000	0.05712363
14.02000000	0.05860494
14.03000000	0.06009116
14.04000000	0.06234746
14.05000000	0.06556514
14.06000000	0.06914088
14.07000000	0.07206917
14.08000000	0.07384478
14.09000000	0.07446771
14.10000000	0.07426170
14.11000000	0.07366329
14.12000000	0.07302564
14.13000000	0.07247138
14.14000000	0.07184844
14.15000000	0.07091649
14.16000000	0.06931746
14.17000000	0.06693363
14.18000000	0.06416231
14.19000000	0.06154794
14.20000000	0.05926221
14.21000000	0.05704025
14.22000000	0.05451417
14.23000000	0.05172813
14.24000000	0.04904019
14.25000000	0.04695066
14.26000000	0.04592552
14.27000000	0.04611681
14.28000000	0.04720572
14.29000000	0.04854969
14.30000000	0.04951107
14.31000000	0.04970237
14.32000000	0.04898133
14.33000000	0.04746078
14.34000000	0.04546445
14.35000000	0.04322777
14.36000000	0.04078017
14.37000000	0.03811185
14.38000000	0.03533562
14.39000000	0.03239262
14.40000000	0.02921418
14.41000000	0.02602593
14.42000000	0.02319575
14.43000000	0.02097378
14.44000000	0.01940909
14.45000000	0.01833980
14.46000000	0.01748633
14.47000000	0.01648571
14.48000000	0.01497006
14.49000000	0.01266962
14.50000000	0.00949118
14.51000000	0.00585167
14.52000000	0.00248684
14.53000000	-0.00005395
14.54000000	-0.00176580
14.55000000	-0.00297243
14.56000000	-0.00405153
14.57000000	-0.00546417
14.58000000	-0.00754389
14.59000000	-0.01037898
14.60000000	-0.01384681
14.61000000	-0.01747651
14.62000000	-0.02075796
14.63000000	-0.02353909
14.64000000	-0.02584444
14.65000000	-0.02779173
14.66000000	-0.02964091
14.67000000	-0.03155386
14.68000000	-0.03322647
14.69000000	-0.03435462
14.70000000	-0.03491869
14.71000000	-0.03507565
14.72000000	-0.03524242
14.73000000	-0.03565444
14.74000000	-0.03613513
14.75000000	-0.03641962
14.76000000	-0.03663054
14.77000000	-0.03710142
14.78000000	-0.03770473
14.79000000	-0.03794508
14.80000000	-0.03755758
14.81000000	-0.03654715
14.82000000	-0.03510018
14.83000000	-0.03349134
14.84000000	-0.03187269
14.85000000	-0.03056796
14.86000000	-0.03001860
14.87000000	-0.03013141
14.88000000	-0.03043062
14.89000000	-0.03057286
14.90000000	-0.03053362
14.91000000	-0.03048457
14.92000000	-0.03032761
14.93000000	-0.02968996
14.94000000	-0.02829694
14.95000000	-0.02631532
14.96000000	-0.02424541
14.97000000	-0.02224417
14.98000000	-0.02022822
14.99000000	-0.01857033
15.00000000	-0.01790815
15.01000000	-0.01848694
15.02000000	-0.02015464
15.03000000	-0.02244528
15.04000000	-0.02491249
15.05000000	-0.02762005
15.06000000	-0.03070530
15.07000000	-0.03421728
15.08000000	-0.03811185
15.09000000	-0.04224676
15.10000000	-0.04647978
15.11000000	-0.05031058
15.12000000	-0.05319963
15.13000000	-0.05491638
15.14000000	-0.05562270
15.15000000	-0.05571099
15.16000000	-0.05515182
15.17000000	-0.05343507
15.18000000	-0.05010457
15.19000000	-0.04536634
15.20000000	-0.03986784
15.21000000	-0.03421237
15.22000000	-0.02883159
15.23000000	-0.02398545
15.24000000	-0.01995844
15.25000000	-0.01680943
15.26000000	-0.01424902
15.27000000	-0.01185048
15.28000000	-0.00923611
15.29000000	-0.00634216
15.30000000	-0.00325692
15.31000000	-0.00039240
15.32000000	0.00183447
15.33000000	0.00345312
15.34000000	0.00460089
15.35000000	0.00539060
15.36000000	0.00582224
15.37000000	0.00569961
15.38000000	0.00487557
15.39000000	0.00351689
15.40000000	0.00178542
15.41000000	-0.00029920
15.42000000	-0.00272718
15.43000000	-0.00530721
15.44000000	-0.00774499
15.45000000	-0.00989829
15.46000000	-0.01156108
15.47000000	-0.01255189
15.48000000	-0.01285600
15.49000000	-0.01243417
15.50000000	-0.01129131
15.51000000	-0.00961870
15.52000000	-0.00776952
15.53000000	-0.00603805
15.54000000	-0.00485104
15.55000000	-0.00467937
15.56000000	-0.00557208
15.57000000	-0.00744579
15.58000000	-0.01026126
15.59000000	-0.01381738
15.60000000	-0.01789344
15.61000000	-0.02244528
15.62000000	-0.02722275
15.63000000	-0.03171082
15.64000000	-0.03571330
15.65000000	-0.03925471
15.66000000	-0.04234977
15.67000000	-0.04509166
15.68000000	-0.04738720
15.69000000	-0.04898133
15.70000000	-0.04980537
15.71000000	-0.04995252
15.72000000	-0.04957483
15.73000000	-0.04875079
15.74000000	-0.04755397
15.75000000	-0.04632772
15.76000000	-0.04543501
15.77000000	-0.04490037
15.78000000	-0.04442949
15.79000000	-0.04373298
15.80000000	-0.04291875
15.81000000	-0.04235958
15.82000000	-0.04224186
15.83000000	-0.04249201
15.84000000	-0.04301685
15.85000000	-0.04374769
15.86000000	-0.04473360
15.87000000	-0.04621491
15.88000000	-0.04821124
15.89000000	-0.05018305
15.90000000	-0.05141421
15.91000000	-0.05144364
15.92000000	-0.05019777
15.93000000	-0.04796109
15.94000000	-0.04511128
15.95000000	-0.04221733
15.96000000	-0.03971088
15.97000000	-0.03766549
15.98000000	-0.03611061
15.99000000	-0.03485493
16.00000000	-0.03332947
16.01000000	-0.03111241
16.02000000	-0.02833618
16.03000000	-0.02542261
16.04000000	-0.02296521
16.05000000	-0.02131713
16.06000000	-0.02038518
16.07000000	-0.01998297
16.08000000	-0.01976715
16.09000000	-0.01915402
16.10000000	-0.01772667
16.11000000	-0.01561752
16.12000000	-0.01311597
16.13000000	-0.01029559
16.14000000	-0.00720544
16.15000000	-0.00408096
16.16000000	-0.00140773
16.17000000	0.00039731
16.18000000	0.00111344
16.19000000	0.00078480
16.20000000	-0.00031392
16.21000000	-0.00186390
16.22000000	-0.00330106
16.23000000	-0.00433111
16.24000000	-0.00514044
16.25000000	-0.00588600
16.26000000	-0.00638631
16.27000000	-0.00617049
16.28000000	-0.00488538
16.29000000	-0.00252607
16.30000000	0.00060822
16.31000000	0.00403191
16.32000000	0.00759785
16.33000000	0.01156599
16.34000000	0.01590692
16.35000000	0.02018898
16.36000000	0.02392169
16.37000000	0.02673716
16.38000000	0.02833128
16.39000000	0.02867954
16.40000000	0.02793398
16.41000000	0.02622213
16.42000000	0.02380397
16.43000000	0.02074325
16.44000000	0.01687811
16.45000000	0.01250285
16.46000000	0.00846113
16.47000000	0.00542984
16.48000000	0.00354632
16.49000000	0.00277623
16.50000000	0.00289395
16.51000000	0.00335993
16.52000000	0.00374252
16.53000000	0.00390438
16.54000000	0.00407115
16.55000000	0.00453713
16.56000000	0.00520421
16.57000000	0.00560642
16.58000000	0.00559661
16.59000000	0.00554756
16.60000000	0.00571433
16.61000000	0.00580752
16.62000000	0.00529250
16.63000000	0.00389948
16.64000000	0.00172656
16.65000000	-0.00087799
16.66000000	-0.00363951
16.67000000	-0.00660213
16.68000000	-0.01010920
16.69000000	-0.01432260
16.70000000	-0.01905102
16.71000000	-0.02406883
16.72000000	-0.02921418
16.73000000	-0.03441838
16.74000000	-0.03998556
16.75000000	-0.04636206
16.76000000	-0.05349883
16.77000000	-0.06100348
16.78000000	-0.06822364
16.79000000	-0.07447752
16.80000000	-0.07954929
16.81000000	-0.08360572
16.82000000	-0.08663211
16.83000000	-0.08825076
16.84000000	-0.08824585
16.85000000	-0.08669587
16.86000000	-0.08406189
16.87000000	-0.08128566
16.88000000	-0.07920594
16.89000000	-0.07800912
16.90000000	-0.07748428
16.91000000	-0.07729789
16.92000000	-0.07706736
16.93000000	-0.07671910
16.94000000	-0.07640518
16.95000000	-0.07604221
16.96000000	-0.07535061
16.97000000	-0.07400173
16.98000000	-0.07185825
16.99000000	-0.06908692
17.00000000	-0.06585453
17.01000000	-0.06226407
17.02000000	-0.05834007
17.03000000	-0.05405310
17.04000000	-0.04958955
17.05000000	-0.04527805
17.06000000	-0.04157478
17.07000000	-0.03869554
17.08000000	-0.03643924
17.09000000	-0.03446253
17.10000000	-0.03253977
17.11000000	-0.03057286
17.12000000	-0.02840976
17.13000000	-0.02604555
17.14000000	-0.02349495
17.15000000	-0.02070891
17.16000000	-0.01759914
17.17000000	-0.01411168
17.18000000	-0.01030050
17.19000000	-0.00648441
17.20000000	-0.00308524
17.21000000	-0.00020601
17.22000000	0.00222687
17.23000000	0.00420359
17.24000000	0.00563585
17.25000000	0.00632255
17.26000000	0.00607239
17.27000000	0.00474314
17.28000000	0.00232007
17.29000000	-0.00076027
17.30000000	-0.00378175
17.31000000	-0.00611653
17.32000000	-0.00755860
17.33000000	-0.00820606
17.34000000	-0.00809325
17.35000000	-0.00728883
17.36000000	-0.00585657
17.37000000	-0.00373270
17.38000000	-0.00107419
17.39000000	0.00177561
17.40000000	0.00451751
17.41000000	0.00685719
17.42000000	0.00885353
17.43000000	0.01075667
17.44000000	0.01247832
17.45000000	0.01371438
17.46000000	0.01426865
17.47000000	0.01432751
17.48000000	0.01436675
17.49000000	0.01472481
17.50000000	0.01537718
17.51000000	0.01616688
17.52000000	0.01697130
17.53000000	0.01747652
17.54000000	0.01714298
17.55000000	0.01588239
17.56000000	0.01417055
17.57000000	0.01221836
17.58000000	0.00986396
17.59000000	0.00704849
17.60000000	0.00434583
17.61000000	0.00251627
17.62000000	0.00179523
17.63000000	0.00227592
17.64000000	0.00415454
17.65000000	0.00745560
17.66000000	0.01180634
17.67000000	0.01645137
17.68000000	0.02066477
17.69000000	0.02394621
17.70000000	0.02613384
17.71000000	0.02742386
17.72000000	0.02795850
17.73000000	0.02779664
17.74000000	0.02715408
17.75000000	0.02651153
17.76000000	0.02614856
17.77000000	0.02572673
17.78000000	0.02496155
17.79000000	0.02413751
17.80000000	0.02377944
17.81000000	0.02417675
17.82000000	0.02504003
17.83000000	0.02581011
17.84000000	0.02624175
17.85000000	0.02660963
17.86000000	0.02735028
17.87000000	0.02844900
17.88000000	0.02947415
17.89000000	0.03019028
17.90000000	0.03057777
17.91000000	0.03053853
17.92000000	0.03007746
17.93000000	0.02918475
17.94000000	0.02773287
17.95000000	0.02592783
17.96000000	0.02426013
17.97000000	0.02323008
17.98000000	0.02316141
17.99000000	0.02404922
18.00000000	0.02560901
18.01000000	0.02730123
18.02000000	0.02850296
18.03000000	0.02881688
18.04000000	0.02818413
18.05000000	0.02665377
18.06000000	0.02447595
18.07000000	0.02205288
18.08000000	0.01985054
18.09000000	0.01825641
18.10000000	0.01743237
18.11000000	0.01747161
18.12000000	0.01843299
18.13000000	0.02024784
18.14000000	0.02282297
18.15000000	0.02590331
18.16000000	0.02891498
18.17000000	0.03146067
18.18000000	0.03344229
18.19000000	0.03503151
18.20000000	0.03625286
18.21000000	0.03683165
18.22000000	0.03686108
18.23000000	0.03672374
18.24000000	0.03669921
18.25000000	0.03694446
18.26000000	0.03750854
18.27000000	0.03849444
18.28000000	0.04003952
18.29000000	0.04197209
18.30000000	0.04389485
18.31000000	0.04565574
18.32000000	0.04716648
18.33000000	0.04837311
18.34000000	0.04937864
18.35000000	0.05036945
18.36000000	0.05160060
18.37000000	0.05306720
18.38000000	0.05447493
18.39000000	0.05557365
18.40000000	0.05613282
18.41000000	0.05584343
18.42000000	0.05453379
18.43000000	0.05219411
18.44000000	0.04897643
18.45000000	0.04517505
18.46000000	0.04127067
18.47000000	0.03771945
18.48000000	0.03474702
18.49000000	0.03234357
18.50000000	0.03023442
18.51000000	0.02805170
18.52000000	0.02557958
18.53000000	0.02282297
18.54000000	0.01982601
18.55000000	0.01658381
18.56000000	0.01324350
18.57000000	0.00985905
18.58000000	0.00616068
18.59000000	0.00202086
18.60000000	-0.00259965
18.61000000	-0.00772537
18.62000000	-0.01320426
18.63000000	-0.01884991
18.64000000	-0.02439747
18.65000000	-0.02960167
18.66000000	-0.03432519
18.67000000	-0.03832276
18.68000000	-0.04141782
18.69000000	-0.04353678
18.70000000	-0.04451778
18.71000000	-0.04427743
18.72000000	-0.04311004
18.73000000	-0.04133443
18.74000000	-0.03928905
18.75000000	-0.03758211
18.76000000	-0.03639019
18.77000000	-0.03566425
18.78000000	-0.03541900
18.79000000	-0.03553182
18.80000000	-0.03598798
18.81000000	-0.03677769
18.82000000	-0.03774397
18.83000000	-0.03877893
18.84000000	-0.03965202
18.85000000	-0.04005423
18.86000000	-0.03976974
18.87000000	-0.03860725
18.88000000	-0.03665506
18.89000000	-0.03414370
18.90000000	-0.03141652
18.91000000	-0.02869425
18.92000000	-0.02603083
18.93000000	-0.02358814
18.94000000	-0.02147899
18.95000000	-0.01985053
18.96000000	-0.01877634
18.97000000	-0.01814359
18.98000000	-0.01770705
18.99000000	-0.01714297
19.00000000	-0.01626988
19.01000000	-0.01508778
19.02000000	-0.01338574
19.03000000	-0.01085967
19.04000000	-0.00771066
19.05000000	-0.00420358
19.06000000	-0.00050031
19.07000000	0.00311958
19.08000000	0.00648932
19.09000000	0.00931460
19.10000000	0.01127660
19.11000000	0.01227722
19.12000000	0.01251266
19.13000000	0.01235570
19.14000000	0.01204668
19.15000000	0.01168371
19.16000000	0.01115888
19.17000000	0.01050161
19.18000000	0.00982472
19.19000000	0.00903992
19.20000000	0.00839736
19.21000000	0.00832869
19.22000000	0.00916254
19.23000000	0.01103135
19.24000000	0.01377324
19.25000000	0.01715769
19.26000000	0.02097869
19.27000000	0.02489778
19.28000000	0.02833619
19.29000000	0.03076416
19.30000000	0.03207380
19.31000000	0.03243186
19.32000000	0.03205908
19.33000000	0.03114185
19.34000000	0.02954772
19.35000000	0.02733066
19.36000000	0.02508908
19.37000000	0.02335271
19.38000000	0.02223927
19.39000000	0.02155748
19.40000000	0.02121903
19.41000000	0.02128770
19.42000000	0.02150352
19.43000000	0.02152314
19.44000000	0.02116998
19.45000000	0.02029199
19.46000000	0.01886954
19.47000000	0.01695168
19.48000000	0.01467576
19.49000000	0.01240965
19.50000000	0.01044275
19.51000000	0.00885353
19.52000000	0.00754880
19.53000000	0.00636669
19.54000000	0.00564075
19.55000000	0.00593996
19.56000000	0.00732807
19.57000000	0.00947646
19.58000000	0.01191425
19.59000000	0.01460219
19.60000000	0.01784439
19.61000000	0.02154276
19.62000000	0.02528528
19.63000000	0.02875802
19.64000000	0.03207870
19.65000000	0.03541410
19.66000000	0.03861707
19.67000000	0.04132463
19.68000000	0.04320324
19.69000000	0.04425291
19.70000000	0.04438535
19.71000000	0.04356131
19.72000000	0.04222715
19.73000000	0.04082432
19.74000000	0.03961769
19.75000000	0.03878874
19.76000000	0.03823448
19.77000000	0.03786170
19.78000000	0.03761154
19.79000000	0.03710633
19.80000000	0.03589479
19.81000000	0.03374150
19.82000000	0.03075435
19.83000000	0.02733066
19.84000000	0.02390207
19.85000000	0.02072853
19.86000000	0.01783949
19.87000000	0.01519079
19.88000000	0.01273338
19.89000000	0.01035446
19.90000000	0.00796572
19.91000000	0.00556718
19.92000000	0.00315392
19.93000000	0.00072104
19.94000000	-0.00166279
19.95000000	-0.00396324
19.96000000	-0.00609201
19.97000000	-0.00787743
19.98000000	-0.00915273
19.99000000	-0.00982471
20.00000000	-0.00995224
20.01000000	-0.00948136
20.02000000	-0.00833850
20.03000000	-0.00661684
20.04000000	-0.00454203
20.05000000	-0.00244269
20.06000000	-0.00052974
20.07000000	0.00103986
20.08000000	0.00215330
20.09000000	0.00270756
20.10000000	0.00265361
20.11000000	0.00216311
20.12000000	0.00137831
20.13000000	0.00043655
20.14000000	-0.00052483
20.15000000	-0.00140773
20.16000000	-0.00210915
20.17000000	-0.00267813
20.18000000	-0.00316372
20.19000000	-0.00343350
20.20000000	-0.00347764
20.21000000	-0.00335502
20.22000000	-0.00307543
20.23000000	-0.00262417
20.24000000	-0.00199143
20.25000000	-0.00123606
20.26000000	-0.00034825
20.27000000	0.00080442
20.28000000	0.00238383
20.29000000	0.00431150
20.30000000	0.00636179
20.31000000	0.00825512
20.32000000	0.00977076
20.33000000	0.01093815
20.34000000	0.01205159
20.35000000	0.01323369
20.36000000	0.01421469
20.37000000	0.01486215
20.38000000	0.01513683
20.39000000	0.01494063
20.40000000	0.01436184
20.41000000	0.01359176
20.42000000	0.01300806
20.43000000	0.01297373
20.44000000	0.01343970
20.45000000	0.01408226
20.46000000	0.01474934
20.47000000	0.01547037
20.48000000	0.01629441
20.49000000	0.01734408
20.50000000	0.01865862
20.51000000	0.02028218
20.52000000	0.02206269
20.53000000	0.02363229
20.54000000	0.02485364
20.55000000	0.02572673
20.56000000	0.02631533
20.57000000	0.02669792
20.58000000	0.02681073
20.59000000	0.02657529
20.60000000	0.02601612
20.61000000	0.02533433
20.62000000	0.02479478
20.63000000	0.02473101
20.64000000	0.02521170
20.65000000	0.02582973
20.66000000	0.02617308
20.67000000	0.02607498
20.68000000	0.02548148
20.69000000	0.02436314
20.70000000	0.02282297
20.71000000	0.02099340
20.72000000	0.01886954
20.73000000	0.01641704
20.74000000	0.01384191
20.75000000	0.01152675
20.76000000	0.00970209
20.77000000	0.00843660
20.78000000	0.00781367
20.79000000	0.00790686
20.80000000	0.00871619
20.81000000	0.01010430
20.82000000	0.01190934
20.83000000	0.01392039
20.84000000	0.01583825
20.85000000	0.01744218
20.86000000	0.01859486
20.87000000	0.01921289
20.88000000	0.01925703
20.89000000	0.01883030
20.90000000	0.01801607
20.91000000	0.01682906
20.92000000	0.01541151
20.93000000	0.01400868
20.94000000	0.01279224
20.95000000	0.01161995
20.96000000	0.01031031
20.97000000	0.00894672
20.98000000	0.00772538
20.99000000	0.00690134
21.00000000	0.00647460
21.01000000	0.00624897
21.02000000	0.00609692
21.03000000	0.00586638
21.04000000	0.00542003
21.05000000	0.00478238
21.06000000	0.00392891
21.07000000	0.00266832
21.08000000	0.00111344
21.09000000	-0.00036787
21.10000000	-0.00152055
21.11000000	-0.00223668
21.12000000	-0.00246231
21.13000000	-0.00225139
21.14000000	-0.00180504
21.15000000	-0.00131944
21.16000000	-0.00093685
21.17000000	-0.00080442
21.18000000	-0.00105457
21.19000000	-0.00186880
21.20000000	-0.00343840
21.21000000	-0.00574866
21.22000000	-0.00877014
21.23000000	-0.01240474
21.24000000	-0.01647589
21.25000000	-0.02083153
21.26000000	-0.02524603
21.27000000	-0.02956243
21.28000000	-0.03357963
21.29000000	-0.03714066
21.30000000	-0.04016214
21.31000000	-0.04257049
21.32000000	-0.04442458
21.33000000	-0.04591080
21.34000000	-0.04719591
21.35000000	-0.04824558
21.36000000	-0.04888813
21.37000000	-0.04914319
21.38000000	-0.04918243
21.39000000	-0.04924620
21.40000000	-0.04945221
21.41000000	-0.04953559
21.42000000	-0.04922167
21.43000000	-0.04844178
21.44000000	-0.04722043
21.45000000	-0.04571950
21.46000000	-0.04408123
21.47000000	-0.04227129
21.48000000	-0.04042210
21.49000000	-0.03874459
21.50000000	-0.03726819
21.51000000	-0.03600270
21.52000000	-0.03497755
21.53000000	-0.03427614
21.54000000	-0.03406522
21.55000000	-0.03427614
21.56000000	-0.03466854
21.57000000	-0.03500698
21.58000000	-0.03518356
21.59000000	-0.03521299
21.60000000	-0.03481078
21.61000000	-0.03404070
21.62000000	-0.03355020
21.63000000	-0.03335890
21.64000000	-0.03302046
21.65000000	-0.03235828
21.66000000	-0.03131352
21.67000000	-0.02985183
21.68000000	-0.02797812
21.69000000	-0.02570710
21.70000000	-0.02309764
21.71000000	-0.02034594
21.72000000	-0.01769724
21.73000000	-0.01533303
21.74000000	-0.01318464
21.75000000	-0.01094796
21.76000000	-0.00835812
21.77000000	-0.00539550
21.78000000	-0.00221215
21.79000000	0.00091724
21.80000000	0.00364442
21.81000000	0.00584676
21.82000000	0.00748503
21.83000000	0.00861809
21.84000000	0.00945684
21.85000000	0.01004544
21.86000000	0.01036427
21.87000000	0.01056537
21.88000000	0.01085967
21.89000000	0.01130112
21.90000000	0.01184558
21.91000000	0.01232627
21.92000000	0.01282167
21.93000000	0.01353290
21.94000000	0.01430298
21.95000000	0.01506326
21.96000000	0.01577448
21.97000000	0.01634346
21.98000000	0.01679472
21.99000000	0.01707921
22.00000000	0.01726070
22.01000000	0.01754028
22.02000000	0.01809945
22.03000000	0.01905593
22.04000000	0.02041461
22.05000000	0.02212646
22.06000000	0.02414241
22.07000000	0.02636438
22.08000000	0.02857163
22.09000000	0.03051401
22.10000000	0.03208851
22.11000000	0.03332948
22.12000000	0.03430557
22.13000000	0.03502170
22.14000000	0.03539939
22.15000000	0.03545334
22.16000000	0.03525224
22.17000000	0.03487455
22.18000000	0.03445763
22.19000000	0.03404561
22.20000000	0.03364340
22.21000000	0.03333438
22.22000000	0.03289784
22.23000000	0.03212775
22.24000000	0.03100451
22.25000000	0.02937114
22.26000000	0.02732085
22.27000000	0.02507927
22.28000000	0.02289654
22.29000000	0.02100321
22.30000000	0.01942380
22.31000000	0.01811417
22.32000000	0.01703507
22.33000000	0.01606878
22.34000000	0.01498478
22.35000000	0.01364081
22.36000000	0.01201725
22.37000000	0.01022693
22.38000000	0.00839246
22.39000000	0.00652856
22.40000000	0.00472842
22.41000000	0.00308034
22.42000000	0.00146169
22.43000000	-0.00027958
22.44000000	-0.00222687
22.45000000	-0.00428697
22.46000000	-0.00632745
22.47000000	-0.00846603
22.48000000	-0.01077138
22.49000000	-0.01317483
22.50000000	-0.01537227
22.51000000	-0.01697620
22.52000000	-0.01781986
22.53000000	-0.01800625
22.54000000	-0.01769724
22.55000000	-0.01702035
22.56000000	-0.01620612
22.57000000	-0.01550961
22.58000000	-0.01520059
22.59000000	-0.01542622
22.60000000	-0.01617178
22.61000000	-0.01726560
22.62000000	-0.01845751
22.63000000	-0.01963962
22.64000000	-0.02073834
22.65000000	-0.02165067
22.66000000	-0.02226379
22.67000000	-0.02248452
22.68000000	-0.02240113
22.69000000	-0.02220003
22.70000000	-0.02184687
22.71000000	-0.02124846
22.72000000	-0.02049309
22.73000000	-0.01959057
22.74000000	-0.01868805
22.75000000	-0.01794249
22.76000000	-0.01738822
22.77000000	-0.01703506
22.78000000	-0.01670643
22.79000000	-0.01624045
22.80000000	-0.01569600
22.81000000	-0.01523493
22.82000000	-0.01496025
22.83000000	-0.01496515
22.84000000	-0.01530850
22.85000000	-0.01600992
22.86000000	-0.01686829
22.87000000	-0.01772667
22.88000000	-0.01859485
22.89000000	-0.01933060
22.90000000	-0.01992411
22.91000000	-0.02045385
22.92000000	-0.02104735
22.93000000	-0.02179291
22.94000000	-0.02275429
22.95000000	-0.02394130
22.96000000	-0.02513322
22.97000000	-0.02608479
22.98000000	-0.02659000
22.99000000	-0.02657529
23.00000000	-0.02605045
23.01000000	-0.02509398
23.02000000	-0.02382849
23.03000000	-0.02249433
23.04000000	-0.02142504
23.05000000	-0.02072362
23.06000000	-0.02034594
23.07000000	-0.02032141
23.08000000	-0.02065005
23.09000000	-0.02114055
23.10000000	-0.02156238
23.11000000	-0.02178310
23.12000000	-0.02178310
23.13000000	-0.02159181
23.14000000	-0.02121903
23.15000000	-0.02073343
23.16000000	-0.02022822
23.17000000	-0.01970829
23.18000000	-0.01914912
23.19000000	-0.01858995
23.20000000	-0.01809945
23.21000000	-0.01771686
23.22000000	-0.01749123
23.23000000	-0.01746180
23.24000000	-0.01764328
23.25000000	-0.01800625
23.26000000	-0.01845751
23.27000000	-0.01886463
23.28000000	-0.01912459
23.29000000	-0.01922760
23.30000000	-0.01910497
23.31000000	-0.01862428
23.32000000	-0.01776591
23.33000000	-0.01665247
23.34000000	-0.01562733
23.35000000	-0.01500930
23.36000000	-0.01487686
23.37000000	-0.01526926
23.38000000	-0.01618159
23.39000000	-0.01748632
23.40000000	-0.01895782
23.41000000	-0.02041461
23.42000000	-0.02165557
23.43000000	-0.02244528
23.44000000	-0.02271015
23.45000000	-0.02250904
23.46000000	-0.02205778
23.47000000	-0.02152804
23.48000000	-0.02095416
23.49000000	-0.02028217
23.50000000	-0.01944832
23.51000000	-0.01842318
23.52000000	-0.01714297
23.53000000	-0.01565185
23.54000000	-0.01401358
23.55000000	-0.01221835
23.56000000	-0.01027597
23.57000000	-0.00827964
23.58000000	-0.00622444
23.59000000	-0.00407605
23.60000000	-0.00191295
23.61000000	0.00028940
23.62000000	0.00261437
23.63000000	0.00503744
23.64000000	0.00753408
23.65000000	0.01008959
23.66000000	0.01273338
23.67000000	0.01552923
23.68000000	0.01838885
23.69000000	0.02112584
23.70000000	0.02373530
23.71000000	0.02626628
23.72000000	0.02860106
23.73000000	0.03074454
23.74000000	0.03279974
23.75000000	0.03478136
23.76000000	0.03665997
23.77000000	0.03836691
23.78000000	0.03995123
23.79000000	0.04153064
23.80000000	0.04309533
23.81000000	0.04452269
23.82000000	0.04569008
23.83000000	0.04660731
23.84000000	0.04731854
23.85000000	0.04790223
23.86000000	0.04845650
23.87000000	0.04898624
23.88000000	0.04949145
23.89000000	0.05002119
23.90000000	0.05061960
23.91000000	0.05123273
23.92000000	0.05182133
23.93000000	0.05238540
23.94000000	0.05295929
23.95000000	0.05358713
23.96000000	0.05421987
23.97000000	0.05476433
23.98000000	0.05511258
23.99000000	0.05524992
24.00000000	0.05533331
24.01000000	0.05543141
24.02000000	0.05546084
24.03000000	0.05532840
24.04000000	0.05493110
24.05000000	0.05417573
24.06000000	0.05305739
24.07000000	0.05170851
24.08000000	0.05025663
24.09000000	0.04874589
24.10000000	0.04713705
24.11000000	0.04541049
24.12000000	0.04358583
24.13000000	0.04172684
24.14000000	0.03997575
24.15000000	0.03841596
24.16000000	0.03707690
24.17000000	0.03596837
24.18000000	0.03502661
24.19000000	0.03414371
24.20000000	0.03330005
24.21000000	0.03250053
24.22000000	0.03169121
24.23000000	0.03080831
24.24000000	0.02976354
24.25000000	0.02853729
24.26000000	0.02723256
24.27000000	0.02592293
24.28000000	0.02459858
24.29000000	0.02326932
24.30000000	0.02194497
24.31000000	0.02062062
24.32000000	0.01929627
24.33000000	0.01796702
24.34000000	0.01657890
24.35000000	0.01502402
24.36000000	0.01325331
24.37000000	0.01121283
24.38000000	0.00884372
24.39000000	0.00618030
24.40000000	0.00324711
24.41000000	0.00008339
24.42000000	-0.00318825
24.43000000	-0.00644026
24.44000000	-0.00956965
24.45000000	-0.01248322
24.46000000	-0.01510740
24.47000000	-0.01737841
24.48000000	-0.01928155
24.49000000	-0.02089039
24.50000000	-0.02226870
24.51000000	-0.02346552
24.52000000	-0.02447104
24.53000000	-0.02514303
24.54000000	-0.02548147
24.55000000	-0.02569729
24.56000000	-0.02598178
24.57000000	-0.02648700
24.58000000	-0.02724727
24.59000000	-0.02820865
24.60000000	-0.02940057
24.61000000	-0.03070039
24.62000000	-0.03190702
24.63000000	-0.03297141
24.64000000	-0.03388864
24.65000000	-0.03465382
24.66000000	-0.03519337
24.67000000	-0.03547786
24.68000000	-0.03564463
24.69000000	-0.03573292
24.70000000	-0.03560539
24.71000000	-0.03530619
24.72000000	-0.03495303
24.73000000	-0.03459006
24.74000000	-0.03440367
24.75000000	-0.03450667
24.76000000	-0.03485983
24.77000000	-0.03542391
24.78000000	-0.03611551
24.79000000	-0.03675316
24.80000000	-0.03721914
24.81000000	-0.03752325
24.82000000	-0.03775869
24.83000000	-0.03798922
24.84000000	-0.03812166
24.85000000	-0.03806280
24.86000000	-0.03776850
24.87000000	-0.03726819
24.88000000	-0.03652263
24.89000000	-0.03550729
24.90000000	-0.03436933
24.91000000	-0.03320194
24.92000000	-0.03208360
24.93000000	-0.03118108
24.94000000	-0.03074944
24.95000000	-0.03092602
24.96000000	-0.03157348
24.97000000	-0.03243676
24.98000000	-0.03323628
24.99000000	-0.03387883
25.00000000	-0.03437424
25.01000000	-0.03464401
25.02000000	-0.03464892
25.03000000	-0.03442819
25.04000000	-0.03410937
25.05000000	-0.03376602
25.06000000	-0.03335890
25.07000000	-0.03278502
25.08000000	-0.03197079
25.09000000	-0.03097507
25.10000000	-0.02997936
25.11000000	-0.02904741
25.12000000	-0.02816941
25.13000000	-0.02736499
25.14000000	-0.02661453
25.15000000	-0.02593273
25.16000000	-0.02542752
25.17000000	-0.02522151
25.18000000	-0.02529018
25.19000000	-0.02557467
25.20000000	-0.02599159
25.21000000	-0.02648700
25.22000000	-0.02698731
25.23000000	-0.02746309
25.24000000	-0.02799283
25.25000000	-0.02851767
25.26000000	-0.02896402
25.27000000	-0.02941038
25.28000000	-0.02990578
25.29000000	-0.03040119
25.30000000	-0.03086716
25.31000000	-0.03104374
25.32000000	-0.03072492
25.33000000	-0.03019027
25.34000000	-0.02951829
25.35000000	-0.02870896
25.36000000	-0.02796831
25.37000000	-0.02734537
25.38000000	-0.02682054
25.39000000	-0.02635456
25.40000000	-0.02583463
25.41000000	-0.02527546
25.42000000	-0.02484873
25.43000000	-0.02457405
25.44000000	-0.02444161
25.45000000	-0.02448576
25.46000000	-0.02463781
25.47000000	-0.02476534
25.48000000	-0.02475553
25.49000000	-0.02452500
25.50000000	-0.02403940
25.51000000	-0.02335761
25.52000000	-0.02244037
25.53000000	-0.02124846
25.54000000	-0.01990939
25.55000000	-0.01859976
25.56000000	-0.01747651
25.57000000	-0.01664266
25.58000000	-0.01611783
25.59000000	-0.01588239
25.60000000	-0.01578919
25.61000000	-0.01560280
25.62000000	-0.01519078
25.63000000	-0.01444522
25.64000000	-0.01335141
25.65000000	-0.01199763
25.66000000	-0.01041822
25.67000000	-0.00866713
25.68000000	-0.00679342
25.69000000	-0.00482161
25.70000000	-0.00280566
25.71000000	-0.00085837
25.72000000	0.00088290
25.73000000	0.00236912
25.74000000	0.00355122
25.75000000	0.00448808
25.76000000	0.00524345
25.77000000	0.00574376
25.78000000	0.00600372
25.79000000	0.00603315
25.80000000	0.00586638
25.81000000	0.00566037
25.82000000	0.00540531
25.83000000	0.00504725
25.84000000	0.00470390
25.85000000	0.00444393
25.86000000	0.00419868
25.87000000	0.00391910
25.88000000	0.00360518
25.89000000	0.00324711
25.90000000	0.00284490
25.91000000	0.00237402
25.92000000	0.00180504
25.93000000	0.00103986
25.94000000	0.00006867
25.95000000	-0.00095157
25.96000000	-0.00197671
25.97000000	-0.00290866
25.98000000	-0.00360517
25.99000000	-0.00412020
26.00000000	-0.00447336
26.01000000	-0.00466956
26.02000000	-0.00476766
26.03000000	-0.00485104
26.04000000	-0.00507667
26.05000000	-0.00538078
26.06000000	-0.00558189
26.07000000	-0.00566037
26.08000000	-0.00567018
26.09000000	-0.00558189
26.10000000	-0.00542983
26.11000000	-0.00527778
26.12000000	-0.00507667
26.13000000	-0.00478728
26.14000000	-0.00438507
26.15000000	-0.00385533
26.16000000	-0.00326182
26.17000000	-0.00258003
26.18000000	-0.00178542
26.19000000	-0.00098590
26.20000000	-0.00019620
26.21000000	0.00051993
26.22000000	0.00108401
26.23000000	0.00147150
26.24000000	0.00174618
26.25000000	0.00202577
26.26000000	0.00241817
26.27000000	0.00305582
26.28000000	0.00394853
26.29000000	0.00508158
26.30000000	0.00643046
26.31000000	0.00789215
26.32000000	0.00936365
26.33000000	0.01067819
26.34000000	0.01170824
26.35000000	0.01240965
26.36000000	0.01283148
26.37000000	0.01300316
26.38000000	0.01293449
26.39000000	0.01272848
26.40000000	0.01245870
26.41000000	0.01217912
26.42000000	0.01199763
26.43000000	0.01196330
26.44000000	0.01205159
26.45000000	0.01223798
26.46000000	0.01238022
26.47000000	0.01247832
26.48000000	0.01269414
26.49000000	0.01296882
26.50000000	0.01321898
26.51000000	0.01338575
26.52000000	0.01339065
26.53000000	0.01322879
26.54000000	0.01290996
26.55000000	0.01251266
26.56000000	0.01219874
26.57000000	0.01205159
26.58000000	0.01200254
26.59000000	0.01205649
26.60000000	0.01226741
26.61000000	0.01258623
26.62000000	0.01297373
26.63000000	0.01339065
26.64000000	0.01378305
26.65000000	0.01421469
26.66000000	0.01473953
26.67000000	0.01523984
26.68000000	0.01559300
26.69000000	0.01576467
26.70000000	0.01589711
26.71000000	0.01612274
26.72000000	0.01639742
26.73000000	0.01672605
26.74000000	0.01710374
26.75000000	0.01743237
26.76000000	0.01769234
26.77000000	0.01791306
26.78000000	0.01812888
26.79000000	0.01832018
26.80000000	0.01838885
26.81000000	0.01828584
26.82000000	0.01795721
26.83000000	0.01751576
26.84000000	0.01707431
26.85000000	0.01663286
26.86000000	0.01619141
26.87000000	0.01570091
26.88000000	0.01508778
26.89000000	0.01429317
26.90000000	0.01335141
26.91000000	0.01232627
26.92000000	0.01127660
26.93000000	0.01018278
26.94000000	0.00898106
26.95000000	0.00769595
26.96000000	0.00626859
26.97000000	0.00465975
26.98000000	0.00299696
26.99000000	0.00137340
27.00000000	-0.00017167
27.01000000	-0.00158431
27.02000000	-0.00286452
27.03000000	-0.00398286
27.04000000	-0.00487557
27.05000000	-0.00554755
27.06000000	-0.00606748
27.07000000	-0.00654817
27.08000000	-0.00703377
27.09000000	-0.00758803
27.10000000	-0.00829435
27.11000000	-0.00918216
27.12000000	-0.01026616
27.13000000	-0.01146298
27.14000000	-0.01271376
27.15000000	-0.01390077
27.16000000	-0.01494553
27.17000000	-0.01596577
27.18000000	-0.01698601
27.19000000	-0.01797192
27.20000000	-0.01889406
27.21000000	-0.01975243
27.22000000	-0.02051271
27.23000000	-0.02116507
27.24000000	-0.02168010
27.25000000	-0.02194006
27.26000000	-0.02205288
27.27000000	-0.02210193
27.28000000	-0.02208721
27.29000000	-0.02205778
27.30000000	-0.02194497
27.31000000	-0.02176839
27.32000000	-0.02151823
27.33000000	-0.02110621
27.34000000	-0.02061081
27.35000000	-0.01998297
27.36000000	-0.01917364
27.37000000	-0.01821226
27.38000000	-0.01706940
27.39000000	-0.01586277
27.40000000	-0.01466595
27.41000000	-0.01345932
27.42000000	-0.01232136
27.43000000	-0.01135507
27.44000000	-0.01054084
27.45000000	-0.00982962
27.46000000	-0.00913311
27.47000000	-0.00835812
27.48000000	-0.00761746
27.49000000	-0.00698962
27.50000000	-0.00643536
27.51000000	-0.00594486
27.52000000	-0.00546417
27.53000000	-0.00487557
27.54000000	-0.00413982
27.55000000	-0.00328635
27.56000000	-0.00237892
27.57000000	-0.00146659
27.58000000	-0.00056898
27.59000000	0.00018149
27.60000000	0.00071123
27.61000000	0.00108401
27.62000000	0.00128511
27.63000000	0.00129002
27.64000000	0.00118701
27.65000000	0.00111344
27.66000000	0.00109872
27.67000000	0.00111834
27.68000000	0.00122135
27.69000000	0.00135378
27.70000000	0.00149603
27.71000000	0.00172166
27.72000000	0.00197672
27.73000000	0.00216311
27.74000000	0.00226121
27.75000000	0.00221216
27.76000000	0.00197672
27.77000000	0.00156960
27.78000000	0.00099572
27.79000000	0.00035807
27.80000000	-0.00020110
27.81000000	-0.00063274
27.82000000	-0.00097119
27.83000000	-0.00120172
27.84000000	-0.00132925
27.85000000	-0.00133906
27.86000000	-0.00115758
27.87000000	-0.00075537
27.88000000	-0.00006867
27.89000000	0.00091233
27.90000000	0.00210915
27.91000000	0.00338936
27.92000000	0.00459599
27.93000000	0.00573885
27.94000000	0.00683267
27.95000000	0.00784310
27.96000000	0.00874562
27.97000000	0.00955985
27.98000000	0.01042803
27.99000000	0.01130112
28.00000000	0.01211045
28.01000000	0.01293449
28.02000000	0.01375853
28.03000000	0.01457766
28.04000000	0.01535265
28.05000000	0.01596087
28.06000000	0.01640723
28.07000000	0.01677020
28.08000000	0.01704488
28.09000000	0.01714788
28.10000000	0.01703997
28.11000000	0.01674077
28.12000000	0.01616198
28.13000000	0.01527908
28.14000000	0.01422941
28.15000000	0.01315521
28.16000000	0.01216440
28.17000000	0.01131584
28.18000000	0.01061442
28.19000000	0.00990810
28.20000000	0.00912821
28.21000000	0.00836303
28.22000000	0.00759294
28.23000000	0.00683757
28.24000000	0.00617049
28.25000000	0.00552794
28.26000000	0.00487067
28.27000000	0.00427716
28.28000000	0.00376214
28.29000000	0.00334521
28.30000000	0.00303620
28.31000000	0.00274190
28.32000000	0.00244269
28.33000000	0.00212387
28.34000000	0.00169223
28.35000000	0.00117720
28.36000000	0.00062784
28.37000000	-0.00002943
28.38000000	-0.00071122
28.39000000	-0.00134397
28.40000000	-0.00203067
28.41000000	-0.00276642
28.42000000	-0.00351198
28.43000000	-0.00414963
28.44000000	-0.00456655
28.45000000	-0.00487066
28.46000000	-0.00508158
28.47000000	-0.00521401
28.48000000	-0.00535626
28.49000000	-0.00548869
28.50000000	-0.00560641
28.51000000	-0.00569470
28.52000000	-0.00576337
28.53000000	-0.00579280
28.54000000	-0.00583695
28.55000000	-0.00587619
28.56000000	-0.00584185
28.57000000	-0.00582223
28.58000000	-0.00579771
28.59000000	-0.00568489
28.60000000	-0.00546417
28.61000000	-0.00520911
28.62000000	-0.00495895
28.63000000	-0.00470389
28.64000000	-0.00445374
28.65000000	-0.00420849
28.66000000	-0.00395833
28.67000000	-0.00370327
28.68000000	-0.00349236
28.69000000	-0.00344821
28.70000000	-0.00353650
28.71000000	-0.00356103
28.72000000	-0.00354141
28.73000000	-0.00354141
28.74000000	-0.00354631
28.75000000	-0.00368365
28.76000000	-0.00400248
28.77000000	-0.00449788
28.78000000	-0.00518949
28.79000000	-0.00598900
28.80000000	-0.00687681
28.81000000	-0.00781366
28.82000000	-0.00871128
28.83000000	-0.00954513
28.84000000	-0.01031521
28.85000000	-0.01101172
28.86000000	-0.01152184
28.87000000	-0.01183576
28.88000000	-0.01194858
28.89000000	-0.01183576
28.90000000	-0.01160032
28.91000000	-0.01131093
28.92000000	-0.01103625
28.93000000	-0.01090381
28.94000000	-0.01086948
28.95000000	-0.01080081
28.96000000	-0.01075666
28.97000000	-0.01076157
28.98000000	-0.01066837
28.99000000	-0.01045746
29.00000000	-0.01026126
29.01000000	-0.01013373
29.02000000	-0.01011411
29.03000000	-0.01015335
29.04000000	-0.01017787
29.05000000	-0.01020240
29.06000000	-0.01019749
29.07000000	-0.01008468
29.08000000	-0.00985414
29.09000000	-0.00954022
29.10000000	-0.00926554
29.11000000	-0.00912330
29.12000000	-0.00907915
29.13000000	-0.00897124
29.14000000	-0.00850036
29.15000000	-0.00772047
29.16000000	-0.00690624
29.17000000	-0.00607239
29.18000000	-0.00523854
29.19000000	-0.00446355
29.20000000	-0.00372289
29.21000000	-0.00307053
29.22000000	-0.00258984
29.23000000	-0.00232987
29.24000000	-0.00228573
29.25000000	-0.00242797
29.26000000	-0.00267813
29.27000000	-0.00293809
29.28000000	-0.00320787
29.29000000	-0.00347764
29.30000000	-0.00371799
29.31000000	-0.00383571
29.32000000	-0.00372780
29.33000000	-0.00345802
29.34000000	-0.00300186
29.35000000	-0.00232006
29.36000000	-0.00154507
29.37000000	-0.00064255
29.38000000	0.00038259
29.39000000	0.00139302
29.40000000	0.00239855
29.41000000	0.00334521
29.42000000	0.00420359
29.43000000	0.00503744
29.44000000	0.00582714
29.45000000	0.00668061
29.46000000	0.00781367
29.47000000	0.00925574
29.48000000	0.01096268
29.49000000	0.01280205
29.50000000	0.01461200
29.51000000	0.01637780
29.52000000	0.01800626
29.53000000	0.01941890
29.54000000	0.02064024
29.55000000	0.02158691
29.56000000	0.02219022
29.57000000	0.02241095
29.58000000	0.02217060
29.59000000	0.02166048
29.60000000	0.02113074
29.61000000	0.02067948
29.62000000	0.02050290
29.63000000	0.02061572
29.64000000	0.02083644
29.65000000	0.02115527
29.66000000	0.02153786
29.67000000	0.02186159
29.68000000	0.02205779
29.69000000	0.02210684
29.70000000	0.02209703
29.71000000	0.02209703
29.72000000	0.02219513
29.73000000	0.02246000
29.74000000	0.02287202
29.75000000	0.02342628
29.76000000	0.02400507
29.77000000	0.02444162
29.78000000	0.02465744
29.79000000	0.02462801
29.80000000	0.02433371
29.81000000	0.02385302
29.82000000	0.02333799
29.83000000	0.02291126
29.84000000	0.02259734
29.85000000	0.02237661
29.86000000	0.02229813
29.87000000	0.02226380
29.88000000	0.02210193
29.89000000	0.02179292
29.90000000	0.02125827
29.91000000	0.02041952
29.92000000	0.01936494
29.93000000	0.01822698
29.94000000	0.01713317
29.95000000	0.01618650
29.96000000	0.01540170
29.97000000	0.01473462
29.98000000	0.01413621
29.99000000	0.01362119
30.00000000	0.01327784
30.01000000	0.01303749
30.02000000	0.01278734
30.03000000	0.01242927
30.04000000	0.01191425
30.05000000	0.01142375
30.06000000	0.01114907
30.07000000	0.01114416
30.08000000	0.01135508
30.09000000	0.01161995
30.10000000	0.01172786
30.11000000	0.01154147
30.12000000	0.01095287
30.13000000	0.01000620
30.14000000	0.00882900
30.15000000	0.00756842
30.16000000	0.00644027
30.17000000	0.00551322
30.18000000	0.00475785
30.19000000	0.00413492
30.20000000	0.00365423
30.21000000	0.00332069
30.22000000	0.00302639
30.23000000	0.00272718
30.24000000	0.00235440
30.25000000	0.00181485
30.26000000	0.00115268
30.27000000	0.00039731
30.28000000	-0.00039240
30.29000000	-0.00118210
30.30000000	-0.00202576
30.31000000	-0.00300676
30.32000000	-0.00410058
30.33000000	-0.00524835
30.34000000	-0.00642555
30.35000000	-0.00753898
30.36000000	-0.00853960
30.37000000	-0.00945684
30.38000000	-0.01030050
30.39000000	-0.01111963
30.40000000	-0.01205649
30.41000000	-0.01319935
30.42000000	-0.01460218
30.43000000	-0.01616688
30.44000000	-0.01780515
30.45000000	-0.01950228
30.46000000	-0.02112583
30.47000000	-0.02262676
30.48000000	-0.02400507
30.49000000	-0.02517246
30.50000000	-0.02604064
30.51000000	-0.02657529
30.52000000	-0.02678620
30.53000000	-0.02684016
30.54000000	-0.02687940
30.55000000	-0.02689902
30.56000000	-0.02691864
30.57000000	-0.02694807
30.58000000	-0.02697750
30.59000000	-0.02702164
30.60000000	-0.02709031
30.61000000	-0.02711974
30.62000000	-0.02704126
30.63000000	-0.02684016
30.64000000	-0.02646247
30.65000000	-0.02581011
30.66000000	-0.02487325
30.67000000	-0.02376472
30.68000000	-0.02259243
30.69000000	-0.02151823
30.70000000	-0.02051761
30.71000000	-0.01949247
30.72000000	-0.01849675
30.73000000	-0.01759423
30.74000000	-0.01682905
30.75000000	-0.01618159
30.76000000	-0.01566657
30.77000000	-0.01519078
30.78000000	-0.01467576
30.79000000	-0.01407735
30.80000000	-0.01333179
30.81000000	-0.01248813
30.82000000	-0.01155618
30.83000000	-0.01057027
30.84000000	-0.00965794
30.85000000	-0.00890748
30.86000000	-0.00835321
30.87000000	-0.00798043
30.88000000	-0.00774499
30.89000000	-0.00762237
30.90000000	-0.00762727
30.91000000	-0.00770085
30.92000000	-0.00787252
30.93000000	-0.00819135
30.94000000	-0.00864751
30.95000000	-0.00920178
30.96000000	-0.00973642
30.97000000	-0.01019259
30.98000000	-0.01053594
30.99000000	-0.01083514
31.00000000	-0.01107549
31.01000000	-0.01115887
31.02000000	-0.01117359
31.03000000	-0.01108039
31.04000000	-0.01090872
31.05000000	-0.01084005
31.06000000	-0.01077628
31.07000000	-0.01064875
31.08000000	-0.01051141
31.09000000	-0.01030540
31.10000000	-0.00995715
31.11000000	-0.00945684
31.12000000	-0.00881919
31.13000000	-0.00811287
31.14000000	-0.00739183
31.15000000	-0.00669042
31.16000000	-0.00599391
31.17000000	-0.00524344
31.18000000	-0.00442431
31.19000000	-0.00358555
31.20000000	-0.00274680
31.21000000	-0.00190314
31.22000000	-0.00106929
31.23000000	-0.00023544
31.24000000	0.00060332
31.25000000	0.00148622
31.26000000	0.00244269
31.27000000	0.00341388
31.28000000	0.00433602
31.29000000	0.00515516
31.30000000	0.00589581
31.31000000	0.00657761
31.32000000	0.00715640
31.33000000	0.00761747
31.34000000	0.00791667
31.35000000	0.00813740
31.36000000	0.00836793
31.37000000	0.00861809
31.38000000	0.00891729
31.39000000	0.00924593
31.40000000	0.00957456
31.41000000	0.00992772
31.42000000	0.01030050
31.43000000	0.01069781
31.44000000	0.01119321
31.45000000	0.01183086
31.46000000	0.01258133
31.47000000	0.01340046
31.48000000	0.01423431
31.49000000	0.01509269
31.50000000	0.01590692
31.51000000	0.01656909
31.52000000	0.01712336
31.53000000	0.01761386
31.54000000	0.01802097
31.55000000	0.01826622
31.56000000	0.01831037
31.57000000	0.01822208
31.58000000	0.01809945
31.59000000	0.01805531
31.60000000	0.01815831
31.61000000	0.01844280
31.62000000	0.01888425
31.63000000	0.01941399
31.64000000	0.01999769
31.65000000	0.02057157
31.66000000	0.02103755
31.67000000	0.02125827
31.68000000	0.02125827
31.69000000	0.02120432
31.70000000	0.02114546
31.71000000	0.02111112
31.72000000	0.02123375
31.73000000	0.02150843
31.74000000	0.02187630
31.75000000	0.02238152
31.76000000	0.02295540
31.77000000	0.02352929
31.78000000	0.02413751
31.79000000	0.02476535
31.80000000	0.02536866
31.81000000	0.02596707
31.82000000	0.02657529
31.83000000	0.02716389
31.84000000	0.02769854
31.85000000	0.02808603
31.86000000	0.02835581
31.87000000	0.02849805
31.88000000	0.02847843
31.89000000	0.02833619
31.90000000	0.02812527
31.91000000	0.02786040
31.92000000	0.02748272
31.93000000	0.02702655
31.94000000	0.02657529
31.95000000	0.02620251
31.96000000	0.02592783
31.97000000	0.02581502
31.98000000	0.02584935
31.99000000	0.02600631
32.00000000	0.02631042
32.01000000	0.02663415
32.02000000	0.02698731
32.03000000	0.02742386
32.04000000	0.02775249
32.05000000	0.02793888
32.06000000	0.02809094
32.07000000	0.02816451
32.08000000	0.02822337
32.09000000	0.02837543
32.10000000	0.02855691
32.11000000	0.02877273
32.12000000	0.02912589
32.13000000	0.02957715
32.14000000	0.03001370
32.15000000	0.03032762
32.16000000	0.03042081
32.17000000	0.03029328
32.18000000	0.02993031
32.19000000	0.02937605
32.20000000	0.02868935
32.21000000	0.02785550
32.22000000	0.02690883
32.23000000	0.02589350
32.24000000	0.02480459
32.25000000	0.02373039
32.26000000	0.02277882
32.27000000	0.02188611
32.28000000	0.02103264
32.29000000	0.02027727
32.30000000	0.01961510
32.31000000	0.01900197
32.32000000	0.01840356
32.33000000	0.01781987
32.34000000	0.01724598
32.35000000	0.01666229
32.36000000	0.01596578
32.37000000	0.01509269
32.38000000	0.01402830
32.39000000	0.01275300
32.40000000	0.01140413
32.41000000	0.01005035
32.42000000	0.00866714
32.43000000	0.00727902
32.44000000	0.00589581
32.45000000	0.00451260
32.46000000	0.00309506
32.47000000	0.00154017
32.48000000	-0.00012262
32.49000000	-0.00191295
32.50000000	-0.00390438
32.51000000	-0.00602824
32.52000000	-0.00818644
32.53000000	-0.01034464
32.54000000	-0.01242436
32.55000000	-0.01428336
32.56000000	-0.01597068
32.57000000	-0.01748142
32.58000000	-0.01884991
32.59000000	-0.02010069
32.60000000	-0.02119941
32.61000000	-0.02216079
32.62000000	-0.02300935
32.63000000	-0.02384811
32.64000000	-0.02468686
32.65000000	-0.02551581
32.66000000	-0.02634475
32.67000000	-0.02716389
32.68000000	-0.02792416
32.69000000	-0.02863539
32.70000000	-0.02925342
32.71000000	-0.02967034
32.72000000	-0.02992540
32.73000000	-0.03000879
32.74000000	-0.02985183
32.75000000	-0.02948886
32.76000000	-0.02904741
32.77000000	-0.02853729
32.78000000	-0.02792907
32.79000000	-0.02726689
32.80000000	-0.02656057
32.81000000	-0.02571201
32.82000000	-0.02475553
32.83000000	-0.02381377
32.84000000	-0.02285730
32.85000000	-0.02187139
32.86000000	-0.02088058
32.87000000	-0.01984563
32.88000000	-0.01866843
32.89000000	-0.01745199
32.90000000	-0.01626007
32.91000000	-0.01504854
32.92000000	-0.01384681
32.93000000	-0.01267942
32.94000000	-0.01164937
32.95000000	-0.01071742
32.96000000	-0.00977566
32.97000000	-0.00884862
32.98000000	-0.00790195
32.99000000	-0.00686209
33.00000000	-0.00572904
33.01000000	-0.00453222
33.02000000	-0.00327163
33.03000000	-0.00200614
33.04000000	-0.00079951
33.05000000	0.00028940
33.06000000	0.00125568
33.07000000	0.00217292
33.08000000	0.00294300
33.09000000	0.00355122
33.10000000	0.00408096
33.11000000	0.00460580
33.12000000	0.00513554
33.13000000	0.00557208
33.14000000	0.00597429
33.15000000	0.00635198
33.16000000	0.00665609
33.17000000	0.00702396
33.18000000	0.00759785
33.19000000	0.00832869
33.20000000	0.00915273
33.21000000	0.01013373
33.22000000	0.01126188
33.23000000	0.01243908
33.24000000	0.01362609
33.25000000	0.01475424
33.26000000	0.01574015
33.27000000	0.01665738
33.28000000	0.01746671
33.29000000	0.01810926
33.30000000	0.01861938
33.31000000	0.01905593
33.32000000	0.01946795
33.33000000	0.01974753
33.34000000	0.01990940
33.35000000	0.02006145
33.36000000	0.02021351
33.37000000	0.02037537
33.38000000	0.02062062
33.39000000	0.02091002
33.40000000	0.02123865
33.41000000	0.02164577
33.42000000	0.02209703
33.43000000	0.02257772
33.44000000	0.02303879
33.45000000	0.02353910
33.46000000	0.02410317
33.47000000	0.02464763
33.48000000	0.02513322
33.49000000	0.02555996
33.50000000	0.02586897
33.51000000	0.02605536
33.52000000	0.02624175
33.53000000	0.02641343
33.54000000	0.02656058
33.55000000	0.02669301
33.56000000	0.02670773
33.57000000	0.02662434
33.58000000	0.02650662
33.59000000	0.02635947
33.60000000	0.02619761
33.61000000	0.02590821
33.62000000	0.02547167
33.63000000	0.02491740
33.64000000	0.02427485
33.65000000	0.02357834
33.66000000	0.02279354
33.67000000	0.02193516
33.68000000	0.02104736
33.69000000	0.02020370
33.70000000	0.01952681
33.71000000	0.01900197
33.72000000	0.01851147
33.73000000	0.01805040
33.74000000	0.01758443
33.75000000	0.01717241
33.76000000	0.01680944
33.77000000	0.01631894
33.78000000	0.01570091
33.79000000	0.01497006
33.80000000	0.01411169
33.81000000	0.01322879
33.82000000	0.01229193
33.83000000	0.01135017
33.84000000	0.01054085
33.85000000	0.00990810
33.86000000	0.00950099
33.87000000	0.00930969
33.88000000	0.00924102
33.89000000	0.00929988
33.90000000	0.00946665
33.91000000	0.00961871
33.92000000	0.00973643
33.93000000	0.00977076
33.94000000	0.00966285
33.95000000	0.00938817
33.96000000	0.00894182
33.97000000	0.00836793
33.98000000	0.00773028
33.99000000	0.00698963
34.00000000	0.00625878
34.01000000	0.00568980
34.02000000	0.00525326
34.03000000	0.00488538
34.04000000	0.00452241
34.05000000	0.00422811
34.06000000	0.00405153
34.07000000	0.00395343
34.08000000	0.00384552
34.09000000	0.00371799
34.10000000	0.00361008
34.11000000	0.00349236
34.12000000	0.00332069
34.13000000	0.00309015
34.14000000	0.00280566
34.15000000	0.00248193
34.16000000	0.00225140
34.17000000	0.00213368
34.18000000	0.00213368
34.19000000	0.00227592
34.20000000	0.00254079
34.21000000	0.00300677
34.22000000	0.00363461
34.23000000	0.00429678
34.24000000	0.00496386
34.25000000	0.00553284
34.26000000	0.00589091
34.27000000	0.00610182
34.28000000	0.00619992
34.29000000	0.00623426
34.30000000	0.00622445
34.31000000	0.00612635
34.32000000	0.00602334
34.33000000	0.00595467
34.34000000	0.00599391
34.35000000	0.00619011
34.36000000	0.00653837
34.37000000	0.00698472
34.38000000	0.00742127
34.39000000	0.00786762
34.40000000	0.00831888
34.41000000	0.00874562
34.42000000	0.00904973
34.43000000	0.00920178
34.44000000	0.00920669
34.45000000	0.00905954
34.46000000	0.00878486
34.47000000	0.00845132
34.48000000	0.00812759
34.49000000	0.00778914
34.50000000	0.00747032
34.51000000	0.00727902
34.52000000	0.00720054
34.53000000	0.00712206
34.54000000	0.00705339
34.55000000	0.00709263
34.56000000	0.00720054
34.57000000	0.00717602
34.58000000	0.00704849
34.59000000	0.00683267
34.60000000	0.00650403
34.61000000	0.00617049
34.62000000	0.00580752
34.63000000	0.00534645
34.64000000	0.00479219
34.65000000	0.00417416
34.66000000	0.00351198
34.67000000	0.00272228
34.68000000	0.00182466
34.69000000	0.00094176
34.70000000	0.00005396
34.71000000	-0.00087309
34.72000000	-0.00192766
34.73000000	-0.00310486
34.74000000	-0.00434583
34.75000000	-0.00562603
34.76000000	-0.00686700
34.77000000	-0.00804420
34.78000000	-0.00916744
34.79000000	-0.01017787
34.80000000	-0.01104115
34.81000000	-0.01176219
34.82000000	-0.01235569
34.83000000	-0.01281186
34.84000000	-0.01313068
34.85000000	-0.01327293
34.86000000	-0.01325821
34.87000000	-0.01317483
34.88000000	-0.01303258
34.89000000	-0.01288543
34.90000000	-0.01273828
34.91000000	-0.01258623
34.92000000	-0.01243908
34.93000000	-0.01228702
34.94000000	-0.01207120
34.95000000	-0.01179652
34.96000000	-0.01153165
34.97000000	-0.01126678
34.98000000	-0.01098720
34.99000000	-0.01063894
35.00000000	-0.01016316
35.01000000	-0.00956965
35.02000000	-0.00891238
35.03000000	-0.00824530
35.04000000	-0.00758313
35.05000000	-0.00698472
35.06000000	-0.00644026
35.07000000	-0.00593505
35.08000000	-0.00554755
35.09000000	-0.00523854
35.10000000	-0.00498348
35.11000000	-0.00481180
35.12000000	-0.00464994
35.13000000	-0.00448317
35.14000000	-0.00425754
35.15000000	-0.00386514
35.16000000	-0.00331087
35.17000000	-0.00256531
35.18000000	-0.00165298
35.19000000	-0.00059841
35.20000000	0.00056408
35.21000000	0.00175599
35.22000000	0.00304601
35.23000000	0.00436545
35.24000000	0.00558680
35.25000000	0.00661194
35.26000000	0.00734769
35.27000000	0.00792648
35.28000000	0.00841208
35.29000000	0.00877995
35.30000000	0.00909387
35.31000000	0.00940289
35.32000000	0.00976095
35.33000000	0.01017297
35.34000000	0.01058499
35.35000000	0.01099701
35.36000000	0.01141884
35.37000000	0.01181615
35.38000000	0.01213988
35.39000000	0.01237532
35.40000000	0.01255680
35.41000000	0.01272357
35.42000000	0.01281677
35.43000000	0.01277753
35.44000000	0.01267943
35.45000000	0.01251266
35.46000000	0.01221345
35.47000000	0.01185539
35.48000000	0.01149242
35.49000000	0.01111473
35.50000000	0.01077629
35.51000000	0.01057028
35.52000000	0.01043294
35.53000000	0.01032503
35.54000000	0.01037408
35.55000000	0.01053594
35.56000000	0.01071252
35.57000000	0.01085967
35.58000000	0.01091853
35.59000000	0.01085967
35.60000000	0.01065857
35.61000000	0.01030541
35.62000000	0.00990810
35.63000000	0.00955004
35.64000000	0.00918707
35.65000000	0.00886334
35.66000000	0.00861809
35.67000000	0.00834831
35.68000000	0.00799025
35.69000000	0.00754880
35.70000000	0.00698963
35.71000000	0.00636179
35.72000000	0.00562113
35.73000000	0.00469409
35.74000000	0.00361989
35.75000000	0.00248684
35.76000000	0.00136359
35.77000000	0.00022563
35.78000000	-0.00093685
35.79000000	-0.00216310
35.80000000	-0.00337464
35.81000000	-0.00451750
35.82000000	-0.00565056
35.83000000	-0.00673947
35.84000000	-0.00772537
35.85000000	-0.00861808
35.86000000	-0.00950098
35.87000000	-0.01041822
35.88000000	-0.01143846
35.89000000	-0.01255680
35.90000000	-0.01368985
35.91000000	-0.01476405
35.92000000	-0.01573033
35.93000000	-0.01667209
35.94000000	-0.01754028
35.95000000	-0.01820245
35.96000000	-0.01869786
35.97000000	-0.01906573
35.98000000	-0.01927174
35.99000000	-0.01932079
36.00000000	-0.01924231
36.01000000	-0.01909026
36.02000000	-0.01883520
36.03000000	-0.01852618
36.04000000	-0.01826622
36.05000000	-0.01803078
36.06000000	-0.01777572
36.07000000	-0.01749123
36.08000000	-0.01715769
36.09000000	-0.01675548
36.10000000	-0.01627479
36.11000000	-0.01561261
36.12000000	-0.01471990
36.13000000	-0.01358194
36.14000000	-0.01219873
36.15000000	-0.01061932
36.16000000	-0.00894181
36.17000000	-0.00725449
36.18000000	-0.00558189
36.19000000	-0.00392890
36.20000000	-0.00225630
36.21000000	-0.00063765
36.22000000	0.00084366
36.23000000	0.00226611
36.24000000	0.00368366
36.25000000	0.00508649
36.26000000	0.00647951
36.27000000	0.00787253
36.28000000	0.00926064
36.29000000	0.01068800
36.30000000	0.01213497
36.31000000	0.01349856
36.32000000	0.01473462
36.33000000	0.01585787
36.34000000	0.01684377
36.35000000	0.01767272
36.36000000	0.01831527
36.37000000	0.01871258
36.38000000	0.01890878
36.39000000	0.01898235
36.40000000	0.01891859
36.41000000	0.01873710
36.42000000	0.01854090
36.43000000	0.01833980
36.44000000	0.01812888
36.45000000	0.01793759
36.46000000	0.01786401
36.47000000	0.01789835
36.48000000	0.01786401
36.49000000	0.01769724
36.50000000	0.01740785
36.51000000	0.01696640
36.52000000	0.01635327
36.53000000	0.01562243
36.54000000	0.01478858
36.55000000	0.01387134
36.56000000	0.01303749
36.57000000	0.01233117
36.58000000	0.01163466
36.59000000	0.01097739
36.60000000	0.01038389
36.61000000	0.00983453
36.62000000	0.00937836
36.63000000	0.00896634
36.64000000	0.00854942
36.65000000	0.00814230
36.66000000	0.00772538
36.67000000	0.00726921
36.68000000	0.00675419
36.69000000	0.00615087
36.70000000	0.00552794
36.71000000	0.00497858
36.72000000	0.00444884
36.73000000	0.00392400
36.74000000	0.00347765
36.75000000	0.00307053
36.76000000	0.00272718
36.77000000	0.00252608
36.78000000	0.00235931
36.79000000	0.00223668
36.80000000	0.00219744
36.81000000	0.00213368
36.82000000	0.00200615
36.83000000	0.00185900
36.84000000	0.00171675
36.85000000	0.00154998
36.86000000	0.00127530
36.87000000	0.00091233
36.88000000	0.00055427
36.89000000	0.00019130
36.90000000	-0.00017658
36.91000000	-0.00059350
36.92000000	-0.00101043
36.93000000	-0.00136359
36.94000000	-0.00172165
36.95000000	-0.00207481
36.96000000	-0.00244269
36.97000000	-0.00293319
36.98000000	-0.00349236
36.99000000	-0.00410548
37.00000000	-0.00483633
37.01000000	-0.00565056
37.02000000	-0.00656289
37.03000000	-0.00749974
37.04000000	-0.00840717
37.05000000	-0.00931950
37.06000000	-0.01022202
37.07000000	-0.01110982
37.08000000	-0.01202215
37.09000000	-0.01302277
37.10000000	-0.01406263
37.11000000	-0.01504854
37.12000000	-0.01594125
37.13000000	-0.01674076
37.14000000	-0.01751085
37.15000000	-0.01826131
37.16000000	-0.01894801
37.17000000	-0.01953171
37.18000000	-0.02008107
37.19000000	-0.02068929
37.20000000	-0.02123865
37.21000000	-0.02172915
37.22000000	-0.02230794
37.23000000	-0.02293087
37.24000000	-0.02353419
37.25000000	-0.02407864
37.26000000	-0.02452500
37.27000000	-0.02493211
37.28000000	-0.02529508
37.29000000	-0.02555014
37.30000000	-0.02572672
37.31000000	-0.02580520
37.32000000	-0.02579049
37.33000000	-0.02576596
37.34000000	-0.02573163
37.35000000	-0.02566296
37.36000000	-0.02549619
37.37000000	-0.02527056
37.38000000	-0.02509398
37.39000000	-0.02496154
37.40000000	-0.02487816
37.41000000	-0.02481930
37.42000000	-0.02475063
37.43000000	-0.02467215
37.44000000	-0.02450047
37.45000000	-0.02425522
37.46000000	-0.02401488
37.47000000	-0.02375982
37.48000000	-0.02349985
37.49000000	-0.02324479
37.50000000	-0.02297011
37.51000000	-0.02262676
37.52000000	-0.02221965
37.53000000	-0.02180272
37.54000000	-0.02138580
37.55000000	-0.02092963
37.56000000	-0.02038027
37.57000000	-0.01980639
37.58000000	-0.01925212
37.59000000	-0.01868805
37.60000000	-0.01817302
37.61000000	-0.01774138
37.62000000	-0.01734898
37.63000000	-0.01696149
37.64000000	-0.01658380
37.65000000	-0.01620612
37.66000000	-0.01582843
37.67000000	-0.01546546
37.68000000	-0.01516626
37.69000000	-0.01489648
37.70000000	-0.01457766
37.71000000	-0.01422940
37.72000000	-0.01387624
37.73000000	-0.01352308
37.74000000	-0.01316992
37.75000000	-0.01281676
37.76000000	-0.01247341
37.77000000	-0.01220364
37.78000000	-0.01199763
37.79000000	-0.01178671
37.80000000	-0.01159542
37.81000000	-0.01146298
37.82000000	-0.01136488
37.83000000	-0.01125207
37.84000000	-0.01110492
37.85000000	-0.01091853
37.86000000	-0.01071742
37.87000000	-0.01050651
37.88000000	-0.01025635
37.89000000	-0.00997677
37.90000000	-0.00966285
37.91000000	-0.00932931
37.92000000	-0.00900558
37.93000000	-0.00868185
37.94000000	-0.00836302
37.95000000	-0.00804910
37.96000000	-0.00774009
37.97000000	-0.00743598
37.98000000	-0.00711225
37.99000000	-0.00672475
38.00000000	-0.00631273
38.01000000	-0.00589581
38.02000000	-0.00544945
38.03000000	-0.00503743
38.04000000	-0.00465484
38.05000000	-0.00425754
38.06000000	-0.00381609
38.07000000	-0.00334030
38.08000000	-0.00288904
38.09000000	-0.00249664
38.10000000	-0.00215329
38.11000000	-0.00185899
38.12000000	-0.00163336
38.13000000	-0.00142245
38.14000000	-0.00121153
38.15000000	-0.00101533
38.16000000	-0.00081913
38.17000000	-0.00062293
38.18000000	-0.00041692
38.19000000	-0.00019129
38.20000000	0.00006867
38.21000000	0.00034335
38.22000000	0.00060332
38.23000000	0.00085838
38.24000000	0.00110853
38.25000000	0.00134888
38.26000000	0.00158432
38.27000000	0.00181485
38.28000000	0.00203558
38.29000000	0.00224649
38.30000000	0.00245250
38.31000000	0.00265361
38.32000000	0.00284490
38.33000000	0.00303129
38.34000000	0.00321278
38.35000000	0.00337955
38.36000000	0.00350217
38.37000000	0.00358556
38.38000000	0.00363951
38.39000000	0.00364442
38.40000000	0.00363951
38.41000000	0.00363951
38.42000000	0.00362970
38.43000000	0.00361989
38.44000000	0.00361008
38.45000000	0.00359537
38.46000000	0.00357575
38.47000000	0.00355613
38.48000000	0.00353160
38.49000000	0.00347765
38.50000000	0.00341388
38.51000000	0.00338445
38.52000000	0.00336974
38.53000000	0.00337955
38.54000000	0.00341879
38.55000000	0.00344822
38.56000000	0.00345312
38.57000000	0.00343350
38.58000000	0.00339426
38.59000000	0.00332559
38.60000000	0.00323730
38.61000000	0.00312939
38.62000000	0.00300677
38.63000000	0.00287433
38.64000000	0.00272228
38.65000000	0.00257513
38.66000000	0.00242307
38.67000000	0.00225140
38.68000000	0.00207972
38.69000000	0.00191786
38.70000000	0.00176090
38.71000000	0.00160884
38.72000000	0.00146660
38.73000000	0.00133416
38.74000000	0.00121154
38.75000000	0.00109382
38.76000000	0.00099081
38.77000000	0.00090252
38.78000000	0.00080933
38.79000000	0.00072104
38.80000000	0.00065727
38.81000000	0.00060822
38.82000000	0.00056408
38.83000000	0.00053955
38.84000000	0.00052974
38.85000000	0.00051993
38.86000000	0.00051012
38.87000000	0.00050031
38.88000000	0.00049541
38.89000000	0.00049541
38.90000000	0.00049541
38.91000000	0.00049541
38.92000000	0.00050031
38.93000000	0.00051503
38.94000000	0.00053955
38.95000000	0.00056408
38.96000000	0.00058860
38.97000000	0.00061803
38.98000000	0.00064256
38.99000000	0.00065727
39.00000000	0.00067199
39.01000000	0.00068670
39.02000000	0.00070142
39.03000000	0.00072104
39.04000000	0.00073575
39.05000000	0.00074066
39.06000000	0.00074556
39.07000000	0.00074556
39.08000000	0.00073575
39.09000000	0.00072594
39.10000000	0.00071613
39.11000000	0.00071123
39.12000000	0.00071123
39.13000000	0.00071613
39.14000000	0.00072594
39.15000000	0.00074066
39.16000000	0.00076028
39.17000000	0.00078480
39.18000000	0.00081423
39.19000000	0.00084366
39.20000000	0.00087800
39.21000000	0.00091724
39.22000000	0.00095648
39.23000000	0.00100062
39.24000000	0.00104967
39.25000000	0.00109872
39.26000000	0.00114777
39.27000000	0.00119682
39.28000000	0.00124097
39.29000000	0.00128021
39.30000000	0.00131945
39.31000000	0.00135869
39.32000000	0.00139302
39.33000000	0.00142245
39.34000000	0.00144698
39.35000000	0.00146660
39.36000000	0.00148131
39.37000000	0.00149112
39.38000000	0.00150093
39.39000000	0.00151074
39.40000000	0.00152055
39.41000000	0.00152546
39.42000000	0.00152546
39.43000000	0.00152546
39.44000000	0.00152546
39.45000000	0.00152546
39.46000000	0.00152546
39.47000000	0.00152546
39.48000000	0.00152055
39.49000000	0.00151074
39.50000000	0.00150093
39.51000000	0.00149112
39.52000000	0.00148131
39.53000000	0.00147150
39.54000000	0.00146169
39.55000000	0.00144698
39.56000000	0.00142736
39.57000000	0.00140774
39.58000000	0.00138812
39.59000000	0.00136850
39.60000000	0.00134888
39.61000000	0.00132926
39.62000000	0.00130964
39.63000000	0.00129002
39.64000000	0.00127040
39.65000000	0.00124587
39.66000000	0.00121644
39.67000000	0.00118701
39.68000000	0.00115758
39.69000000	0.00112815
39.70000000	0.00109872
39.71000000	0.00106929
39.72000000	0.00103986
39.73000000	0.00101043
39.74000000	0.00098100
39.75000000	0.00095157
39.76000000	0.00092214
39.77000000	0.00089271
39.78000000	0.00086328
39.79000000	0.00083385
39.80000000	0.00080442
39.81000000	0.00077499
39.82000000	0.00074556
39.83000000	0.00071613
39.84000000	0.00068670
39.85000000	0.00065727
39.86000000	0.00062784
39.87000000	0.00059841
39.88000000	0.00056898
39.89000000	0.00053955
39.90000000	0.00051012
