0.00000000	0.00000000
0.01000000	-0.00009320
0.02000000	-0.00014225
0.03000000	-0.00017658
0.04000000	-0.00022073
0.05000000	-0.00024525
0.06000000	-0.00021582
0.07000000	-0.00002943
0.08000000	0.00040711
0.09000000	0.00097609
0.10000000	0.00156470
0.11000000	0.00212386
0.12000000	0.00260455
0.13000000	0.00308034
0.14000000	0.00361989
0.15000000	0.00417906
0.16000000	0.00471861
0.17000000	0.00516497
0.18000000	0.00544945
0.19000000	0.00567508
0.20000000	0.00594486
0.21000000	0.00627840
0.22000000	0.00669042
0.23000000	0.00712696
0.24000000	0.00753408
0.25000000	0.00786271
0.26000000	0.00806382
0.27000000	0.00807363
0.28000000	0.00783329
0.29000000	0.00737712
0.30000000	0.00673457
0.31000000	0.00596448
0.32000000	0.00512573
0.33000000	0.00427716
0.34000000	0.00347764
0.35000000	0.00283019
0.36000000	0.00244269
0.37000000	0.00232497
0.38000000	0.00248193
0.39000000	0.00282528
0.40000000	0.00327164
0.41000000	0.00370328
0.42000000	0.00399758
0.43000000	0.00413982
0.44000000	0.00411530
0.45000000	0.00401229
0.46000000	0.00391910
0.47000000	0.00382100
0.48000000	0.00370818
0.49000000	0.00375233
0.50000000	0.00412511
0.51000000	0.00488048
0.52000000	0.00607239
0.53000000	0.00745560
0.54000000	0.00877995
0.55000000	0.01002092
0.56000000	0.01114907
0.57000000	0.01220364
0.58000000	0.01322388
0.59000000	0.01410187
0.60000000	0.01473462
0.61000000	0.01496025
0.62000000	0.01461199
0.63000000	0.01376343
0.64000000	0.01248813
0.65000000	0.01089891
0.66000000	0.00911349
0.67000000	0.00717601
0.68000000	0.00512572
0.69000000	0.00315392
0.70000000	0.00145679
0.71000000	0.00010301
0.72000000	-0.00083385
0.73000000	-0.00139302
0.74000000	-0.00161865
0.75000000	-0.00151074
0.76000000	-0.00106438
0.77000000	-0.00041202
0.78000000	0.00031392
0.79000000	0.00105948
0.80000000	0.00177071
0.81000000	0.00240345
0.82000000	0.00290867
0.83000000	0.00327164
0.84000000	0.00347765
0.85000000	0.00349727
0.86000000	0.00330597
0.87000000	0.00285471
0.88000000	0.00208953
0.89000000	0.00123606
0.90000000	0.00052484
0.91000000	0.00025016
0.92000000	0.00070632
0.93000000	0.00187371
0.94000000	0.00372289
0.95000000	0.00581733
0.96000000	0.00772537
0.97000000	0.00945684
0.98000000	0.01102153
0.99000000	0.01239984
1.00000000	0.01357704
1.01000000	0.01434712
1.02000000	0.01449427
1.03000000	0.01402830
1.04000000	0.01295901
1.05000000	0.01142865
1.06000000	0.00958437
1.07000000	0.00749974
1.08000000	0.00524344
1.09000000	0.00271737
1.10000000	-0.00017168
1.11000000	-0.00321768
1.12000000	-0.00621954
1.13000000	-0.00896634
1.14000000	-0.01124716
1.15000000	-0.01283148
1.16000000	-0.01348384
1.17000000	-0.01309144
1.18000000	-0.01154637
1.19000000	-0.00928026
1.20000000	-0.00671494
1.21000000	-0.00419868
1.22000000	-0.00208462
1.23000000	-0.00056407
1.24000000	0.00017658
1.25000000	0.00041202
1.26000000	0.00041202
1.27000000	0.00048560
1.28000000	0.00094667
1.29000000	0.00186881
1.30000000	0.00332069
1.31000000	0.00527288
1.32000000	0.00769595
1.33000000	0.01038879
1.34000000	0.01315031
1.35000000	0.01566167
1.36000000	0.01760895
1.37000000	0.01880577
1.38000000	0.01906574
1.39000000	0.01882539
1.40000000	0.01852128
1.41000000	0.01862429
1.42000000	0.01960038
1.43000000	0.02113565
1.44000000	0.02292107
1.45000000	0.02456424
1.46000000	0.02567277
1.47000000	0.02611913
1.48000000	0.02577578
1.49000000	0.02427485
1.50000000	0.02123865
1.51000000	0.01696149
1.52000000	0.01174257
1.53000000	0.00607239
1.54000000	0.00044145
1.55000000	-0.00451750
1.56000000	-0.00817663
1.57000000	-0.01050160
1.58000000	-0.01145808
1.59000000	-0.01099210
1.60000000	-0.00904482
1.61000000	-0.00568489
1.62000000	-0.00098590
1.63000000	0.00454203
1.64000000	0.01038879
1.65000000	0.01582843
1.66000000	0.02013993
1.67000000	0.02300445
1.68000000	0.02409826
1.69000000	0.02400507
1.70000000	0.02330856
1.71000000	0.02214607
1.72000000	0.02065495
1.73000000	0.01898725
1.74000000	0.01729993
1.75000000	0.01554885
1.76000000	0.01368985
1.77000000	0.01220364
1.78000000	0.01157089
1.79000000	0.01223797
1.80000000	0.01465614
1.81000000	0.01806021
1.82000000	0.02167519
1.83000000	0.02484382
1.84000000	0.02691373
1.85000000	0.02752195
1.86000000	0.02630551
1.87000000	0.02352928
1.88000000	0.01945323
1.89000000	0.01468557
1.90000000	0.00984434
1.91000000	0.00514044
1.92000000	0.00077990
1.93000000	-0.00286942
1.94000000	-0.00543964
1.95000000	-0.00651874
1.96000000	-0.00568980
1.97000000	-0.00297733
1.98000000	0.00159413
1.99000000	0.00730845
2.00000000	0.01344461
2.01000000	0.01927174
2.02000000	0.02405903
2.03000000	0.02775739
2.04000000	0.03032271
2.05000000	0.03163725
2.06000000	0.03158329
2.07000000	0.02993031
2.08000000	0.02644285
2.09000000	0.02184687
2.10000000	0.01686339
2.11000000	0.01226740
2.12000000	0.00883881
2.13000000	0.00671985
2.14000000	0.00604786
2.15000000	0.00672475
2.16000000	0.00866223
2.17000000	0.01172295
2.18000000	0.01576467
2.19000000	0.02005654
2.20000000	0.02387263
2.21000000	0.02643304
2.22000000	0.02695788
2.23000000	0.02605045
2.24000000	0.02430918
2.25000000	0.02238642
2.26000000	0.02093454
2.27000000	0.02000749
2.28000000	0.01965924
2.29000000	0.01947285
2.30000000	0.01903140
2.31000000	0.01831036
2.32000000	0.01728032
2.33000000	0.01613254
2.34000000	0.01506326
2.35000000	0.01431279
2.36000000	0.01411659
2.37000000	0.01419016
2.38000000	0.01425393
2.39000000	0.01355251
2.40000000	0.01133055
2.41000000	0.00846112
2.42000000	0.00581733
2.43000000	0.00395833
2.44000000	0.00344331
2.45000000	0.00327654
2.46000000	0.00246721
2.47000000	0.00049540
2.48000000	-0.00316863
2.49000000	-0.00749484
2.50000000	-0.01144827
2.51000000	-0.01458747
2.52000000	-0.01647099
2.53000000	-0.01679962
2.54000000	-0.01527417
2.55000000	-0.01172295
2.56000000	-0.00596938
2.57000000	0.00124587
2.58000000	0.00918216
2.59000000	0.01656419
2.60000000	0.02211665
2.61000000	0.02616818
2.62000000	0.02903760
2.63000000	0.03120071
2.64000000	0.03313328
2.65000000	0.03421238
2.66000000	0.03381998
2.67000000	0.03215228
2.68000000	0.02940057
2.69000000	0.02589840
2.70000000	0.02198421
2.71000000	0.01774139
2.72000000	0.01324841
2.73000000	0.00899577
2.74000000	0.00547889
2.75000000	0.00376214
2.76000000	0.00490991
2.77000000	0.00867204
2.78000000	0.01479839
2.79000000	0.02167029
2.80000000	0.02767401
2.81000000	0.03186779
2.82000000	0.03330495
2.83000000	0.03208851
2.84000000	0.02832147
2.85000000	0.02247962
2.86000000	0.01503873
2.87000000	0.00631273
2.88000000	-0.00338935
2.89000000	-0.01311597
2.90000000	-0.02190573
2.91000000	-0.02917004
2.92000000	-0.03432028
2.93000000	-0.03752325
2.94000000	-0.03894570
2.95000000	-0.03871026
2.96000000	-0.03693955
2.97000000	-0.03371697
2.98000000	-0.02913080
2.99000000	-0.02346061
3.00000000	-0.01698602
3.01000000	-0.01062914
3.02000000	-0.00531702
3.03000000	-0.00146169
3.04000000	0.00053464
3.05000000	0.00091233
3.06000000	-0.00009320
3.07000000	-0.00168732
3.08000000	-0.00307544
3.09000000	-0.00341879
3.10000000	-0.00188352
3.11000000	0.00124587
3.12000000	0.00568980
3.13000000	0.01090381
3.14000000	0.01633855
3.15000000	0.02171443
3.16000000	0.02675187
3.17000000	0.03132823
3.18000000	0.03532581
3.19000000	0.03834729
3.20000000	0.03999537
3.21000000	0.03971088
3.22000000	0.03693955
3.23000000	0.03190703
3.24000000	0.02483892
3.25000000	0.01686830
3.26000000	0.00912821
3.27000000	0.00248193
3.28000000	-0.00220725
3.29000000	-0.00502272
3.30000000	-0.00604786
3.31000000	-0.00501781
3.32000000	-0.00167260
3.33000000	0.00351689
3.34000000	0.01007487
3.35000000	0.01684377
3.36000000	0.02266601
3.37000000	0.02768382
3.38000000	0.03204927
3.39000000	0.03641472
3.40000000	0.04142273
3.41000000	0.04689671
3.42000000	0.05266008
3.43000000	0.05843817
3.44000000	0.06395630
3.45000000	0.06915560
3.46000000	0.07398212
3.47000000	0.07817589
3.48000000	0.08147205
3.49000000	0.08347820
3.50000000	0.08380683
3.51000000	0.08250210
3.52000000	0.07961306
3.53000000	0.07504650
3.54000000	0.06869943
3.55000000	0.06093972
3.56000000	0.05214015
3.57000000	0.04284027
3.58000000	0.03357963
3.59000000	0.02448576
3.60000000	0.01569110
3.61000000	0.00742617
3.62000000	-0.00008338
3.63000000	-0.00657270
3.64000000	-0.01177690
3.65000000	-0.01582843
3.66000000	-0.01885482
3.67000000	-0.02121903
3.68000000	-0.02328403
3.69000000	-0.02510869
3.70000000	-0.02676168
3.71000000	-0.02732575
3.72000000	-0.02588368
3.73000000	-0.02228341
3.74000000	-0.01636308
3.75000000	-0.00922140
3.76000000	-0.00196200
3.77000000	0.00453713
3.78000000	0.00939798
3.79000000	0.01238512
3.80000000	0.01326312
3.81000000	0.01273828
3.82000000	0.01152184
3.83000000	0.01022202
3.84000000	0.00944212
3.85000000	0.00913311
3.86000000	0.00924592
3.87000000	0.00931459
3.88000000	0.00887314
3.89000000	0.00778423
3.90000000	0.00591052
3.91000000	0.00387004
3.92000000	0.00227592
3.93000000	0.00176580
3.94000000	0.00297733
3.95000000	0.00543474
3.96000000	0.00866223
3.97000000	0.01276281
3.98000000	0.01784439
3.99000000	0.02382359
4.00000000	0.03061210
4.01000000	0.03689541
4.02000000	0.04136386
4.03000000	0.04405671
4.04000000	0.04501809
4.05000000	0.04512109
4.06000000	0.04523391
4.07000000	0.04556745
4.08000000	0.04632772
4.09000000	0.04757359
4.10000000	0.04936882
4.11000000	0.05165455
4.12000000	0.05437192
4.13000000	0.05669199
4.14000000	0.05779071
4.15000000	0.05688819
4.16000000	0.05320453
4.17000000	0.04710762
4.18000000	0.03896042
4.19000000	0.02945452
4.20000000	0.01928646
4.21000000	0.00899577
4.22000000	-0.00087799
4.23000000	-0.00986396
4.24000000	-0.01750104
4.25000000	-0.02342138
4.26000000	-0.02725218
4.27000000	-0.02919456
4.28000000	-0.02944472
4.29000000	-0.02872368
4.30000000	-0.02775740
4.31000000	-0.02654096
4.32000000	-0.02506946
4.33000000	-0.02316141
4.34000000	-0.02063043
4.35000000	-0.01789835
4.36000000	-0.01539680
4.37000000	-0.01327784
4.38000000	-0.01168862
4.39000000	-0.01040841
4.40000000	-0.00922140
4.41000000	-0.00823550
4.42000000	-0.00755370
4.43000000	-0.00749484
4.44000000	-0.00838265
4.45000000	-0.01023183
4.46000000	-0.01304730
4.47000000	-0.01663776
4.48000000	-0.02081192
4.49000000	-0.02544224
4.50000000	-0.03040119
4.51000000	-0.03567897
4.52000000	-0.04126576
4.53000000	-0.04639640
4.54000000	-0.05030568
4.55000000	-0.05200772
4.56000000	-0.05052150
4.57000000	-0.04599909
4.58000000	-0.03859254
4.59000000	-0.02933681
4.60000000	-0.01926194
4.61000000	-0.00874561
4.62000000	0.00182466
4.63000000	0.01240474
4.64000000	0.02295540
4.65000000	0.03256920
4.66000000	0.04034363
4.67000000	0.04563612
4.68000000	0.04780413
4.69000000	0.04740192
4.70000000	0.04497395
4.71000000	0.04130010
4.72000000	0.03716028
4.73000000	0.03268692
4.74000000	0.02801736
4.75000000	0.02364210
4.76000000	0.02004674
4.77000000	0.01730484
4.78000000	0.01549490
4.79000000	0.01418526
4.80000000	0.01293939
4.81000000	0.01152185
4.82000000	0.00969719
4.83000000	0.00756351
4.84000000	0.00521892
4.85000000	0.00333540
4.86000000	0.00258984
4.87000000	0.00303620
4.88000000	0.00473333
4.89000000	0.00713187
4.90000000	0.00967266
4.91000000	0.01214969
4.92000000	0.01435694
4.93000000	0.01626989
4.94000000	0.01786892
4.95000000	0.01913441
4.96000000	0.02004674
4.97000000	0.02053724
4.98000000	0.02054214
4.99000000	0.02030180
5.00000000	0.02005164
5.01000000	0.01974263
5.02000000	0.01932080
5.03000000	0.01805531
5.04000000	0.01521531
5.05000000	0.01121774
5.06000000	0.00648441
5.07000000	0.00169222
5.08000000	-0.00248683
5.09000000	-0.00612634
5.10000000	-0.00929497
5.11000000	-0.01224288
5.12000000	-0.01522021
5.13000000	-0.01809945
5.14000000	-0.02075796
5.15000000	-0.02263167
5.16000000	-0.02315160
5.17000000	-0.02227851
5.18000000	-0.01996825
5.19000000	-0.01647589
5.20000000	-0.01205649
5.21000000	-0.00648441
5.22000000	0.00046107
5.23000000	0.00923612
5.24000000	0.02029689
5.25000000	0.03303517
5.26000000	0.04684765
5.27000000	0.06017454
5.28000000	0.07144623
5.29000000	0.07997603
5.30000000	0.08507722
5.31000000	0.08701960
5.32000000	0.08607784
5.33000000	0.08254624
5.34000000	0.07671420
5.35000000	0.06885149
5.36000000	0.05922787
5.37000000	0.04839763
5.38000000	0.03691993
5.39000000	0.02520189
5.40000000	0.01364571
5.41000000	0.00271246
5.42000000	-0.00712697
5.43000000	-0.01580391
5.44000000	-0.02325461
5.45000000	-0.02980278
5.46000000	-0.03577707
5.47000000	-0.04125105
5.48000000	-0.04629830
5.49000000	-0.05111991
5.50000000	-0.05591210
5.51000000	-0.06130760
5.52000000	-0.06793425
5.53000000	-0.07575773
5.54000000	-0.08474369
5.55000000	-0.09430353
5.56000000	-0.10384866
5.57000000	-0.11250108
5.58000000	-0.11938770
5.59000000	-0.12422894
5.60000000	-0.12674030
5.61000000	-0.12683349
5.62000000	-0.12443004
5.63000000	-0.11946128
5.64000000	-0.11185853
5.65000000	-0.10239187
5.66000000	-0.09182651
5.67000000	-0.08096684
5.68000000	-0.07062219
5.69000000	-0.06141550
5.70000000	-0.05396481
5.71000000	-0.04787771
5.72000000	-0.04276179
5.73000000	-0.03831296
5.74000000	-0.03422219
5.75000000	-0.03041591
5.76000000	-0.02682054
5.77000000	-0.02365191
5.78000000	-0.02113074
5.79000000	-0.01926194
5.80000000	-0.01804550
5.81000000	-0.01714298
5.82000000	-0.01622084
5.83000000	-0.01505345
5.84000000	-0.01341518
5.85000000	-0.01119321
5.86000000	-0.00827474
5.87000000	-0.00506196
5.88000000	-0.00195710
5.89000000	0.00028939
5.90000000	0.00092214
5.91000000	-0.00067689
5.92000000	-0.00512082
5.93000000	-0.01233117
5.94000000	-0.02222946
5.95000000	-0.03463911
5.96000000	-0.04938354
5.97000000	-0.06573681
5.98000000	-0.08296808
5.99000000	-0.10062117
6.00000000	-0.11824974
6.01000000	-0.13557420
6.02000000	-0.15231006
6.03000000	-0.16787853
6.04000000	-0.18169592
6.05000000	-0.19336491
6.06000000	-0.20249802
6.07000000	-0.20849684
6.08000000	-0.21076295
6.09000000	-0.20962989
6.10000000	-0.20542631
6.11000000	-0.19995723
6.12000000	-0.19503261
6.13000000	-0.19179040
6.14000000	-0.19136367
6.15000000	-0.19301175
6.16000000	-0.19598909
6.17000000	-0.19971198
6.18000000	-0.20359674
6.19000000	-0.20750112
6.20000000	-0.21128778
6.21000000	-0.21487824
6.22000000	-0.21818911
6.23000000	-0.22118117
6.24000000	-0.22382006
6.25000000	-0.22607145
6.26000000	-0.22790101
6.27000000	-0.22950985
6.28000000	-0.23109908
6.29000000	-0.23255586
6.30000000	-0.23377230
6.31000000	-0.23473858
6.32000000	-0.23544491
6.33000000	-0.23594031
6.34000000	-0.23626895
6.35000000	-0.23676435
6.36000000	-0.23775516
6.37000000	-0.24020766
6.38000000	-0.24509304
6.39000000	-0.25190118
6.40000000	-0.26012687
6.41000000	-0.26884305
6.42000000	-0.27711288
6.43000000	-0.28318036
6.44000000	-0.28529442
6.45000000	-0.28254271
6.46000000	-0.27401292
6.47000000	-0.25968051
6.48000000	-0.23951605
6.49000000	-0.21372556
6.50000000	-0.18252486
6.51000000	-0.14744921
6.52000000	-0.11003387
6.53000000	-0.07099006
6.54000000	-0.03102413
6.55000000	0.00796572
6.56000000	0.04408123
6.57000000	0.07526723
6.58000000	0.09947340
6.59000000	0.11664580
6.60000000	0.12672558
6.61000000	0.13056619
6.62000000	0.12901621
6.63000000	0.12252199
6.64000000	0.11153480
6.65000000	0.09668245
6.66000000	0.07858791
6.67000000	0.05722663
6.68000000	0.03257411
6.69000000	0.00525816
6.70000000	-0.02409336
6.71000000	-0.05442098
6.72000000	-0.08466520
6.73000000	-0.11251580
6.74000000	-0.13565759
6.75000000	-0.15357555
6.76000000	-0.16574976
6.77000000	-0.16979148
6.78000000	-0.16331688
6.79000000	-0.14452583
6.80000000	-0.11161818
6.81000000	-0.07214274
6.82000000	-0.03364830
6.83000000	-0.00023053
6.84000000	0.02401978
6.85000000	0.03953430
6.86000000	0.04673484
6.87000000	0.04765207
6.88000000	0.04431667
6.89000000	0.03837181
6.90000000	0.03146557
6.91000000	0.02485363
6.92000000	0.01979658
6.93000000	0.01751085
6.94000000	0.01921288
6.95000000	0.02474572
6.96000000	0.03394750
6.97000000	0.04549387
6.98000000	0.05806539
6.99000000	0.07116664
7.00000000	0.08430223
7.01000000	0.09655492
7.02000000	0.10700257
7.03000000	0.11458080
7.04000000	0.11823012
7.05000000	0.11785243
7.06000000	0.11334964
7.07000000	0.10619325
7.08000000	0.09784494
7.09000000	0.08958001
7.10000000	0.08267377
7.11000000	0.07718017
7.12000000	0.07315807
7.13000000	0.07083310
7.14000000	0.07043089
7.15000000	0.07245666
7.16000000	0.07741561
7.17000000	0.08398831
7.18000000	0.09085531
7.19000000	0.09610857
7.20000000	0.09784494
7.21000000	0.09611838
7.22000000	0.09097794
7.23000000	0.08239419
7.24000000	0.07033279
7.25000000	0.05628487
7.26000000	0.04175136
7.27000000	0.02805170
7.28000000	0.01650042
7.29000000	0.00804910
7.30000000	0.00364932
7.31000000	0.00517968
7.32000000	0.01451390
7.33000000	0.03214737
7.34000000	0.05858041
7.35000000	0.09216495
7.36000000	0.13125780
7.37000000	0.17383811
7.38000000	0.21788500
7.39000000	0.25944507
7.40000000	0.29455997
7.41000000	0.32336703
7.42000000	0.34600851
7.43000000	0.36437773
7.44000000	0.38036313
7.45000000	0.39376850
7.46000000	0.40439763
7.47000000	0.41224072
7.48000000	0.41729288
7.49000000	0.41964728
7.50000000	0.41939222
7.51000000	0.41694462
7.52000000	0.41272632
7.53000000	0.40710519
7.54000000	0.40044911
7.55000000	0.39293955
7.56000000	0.38475311
7.57000000	0.37600258
7.58000000	0.36680081
7.59000000	0.35688290
7.60000000	0.34598399
7.61000000	0.33383430
7.62000000	0.32016406
7.63000000	0.30461031
7.64000000	0.28681007
7.65000000	0.26664070
7.66000000	0.24397960
7.67000000	0.21898373
7.68000000	0.19181493
7.69000000	0.16234569
7.70000000	0.13044357
7.71000000	0.09700619
7.72000000	0.06292625
7.73000000	0.02843919
7.74000000	-0.00620973
7.75000000	-0.03957844
7.76000000	-0.07022979
7.77000000	-0.09755554
7.78000000	-0.12094749
7.79000000	-0.14033695
7.80000000	-0.15565527
7.81000000	-0.16635307
7.82000000	-0.17188591
7.83000000	-0.17011521
7.84000000	-0.15889747
7.85000000	-0.14285813
7.86000000	-0.12662257
7.87000000	-0.11442874
7.88000000	-0.11051455
7.89000000	-0.11342322
7.90000000	-0.12169305
7.91000000	-0.13505427
7.92000000	-0.15324201
7.93000000	-0.17575105
7.94000000	-0.20207129
7.95000000	-0.23143261
7.96000000	-0.26307477
7.97000000	-0.29597260
7.98000000	-0.32909607
7.99000000	-0.36164565
8.00000000	-0.39282183
8.01000000	-0.42219787
8.02000000	-0.44934214
8.03000000	-0.47322459
8.04000000	-0.49282006
8.05000000	-0.50790784
8.06000000	-0.51826720
8.07000000	-0.51767370
8.08000000	-0.49990288
8.09000000	-0.46691676
8.10000000	-0.42067733
8.11000000	-0.36767880
8.12000000	-0.31441541
8.13000000	-0.26043097
8.14000000	-0.20526934
8.15000000	-0.15220705
8.16000000	-0.10451574
8.17000000	-0.06192562
8.18000000	-0.02417184
8.19000000	0.00922630
8.20000000	0.03874950
8.21000000	0.06432908
8.22000000	0.08589146
8.23000000	0.10251450
8.24000000	0.11327607
8.25000000	0.11894625
8.26000000	0.12029513
8.27000000	0.11764643
8.28000000	0.11132879
8.29000000	0.10179837
8.30000000	0.08950644
8.31000000	0.07508083
8.32000000	0.05915430
8.33000000	0.04254107
8.34000000	0.02606027
8.35000000	0.01080081
8.36000000	-0.00215820
8.37000000	-0.01251756
8.38000000	-0.01997806
8.39000000	-0.02422089
8.40000000	-0.02492230
8.41000000	-0.02225889
8.42000000	-0.01640722
8.43000000	-0.00785290
8.44000000	0.00291357
8.45000000	0.01555866
8.46000000	0.02975373
8.47000000	0.04534673
8.48000000	0.06218559
8.49000000	0.07956401
8.50000000	0.09677565
8.51000000	0.11341341
8.52000000	0.12907017
8.53000000	0.14339767
8.54000000	0.15604276
8.55000000	0.16686320
8.56000000	0.17572653
8.57000000	0.18211775
8.58000000	0.18551691
8.59000000	0.18580140
8.60000000	0.18284859
8.61000000	0.17701655
8.62000000	0.16866824
8.63000000	0.15788704
8.64000000	0.14475636
8.65000000	0.13002174
8.66000000	0.11442384
8.67000000	0.09837468
8.68000000	0.08229119
8.69000000	0.06634994
8.70000000	0.05072751
8.71000000	0.03590950
8.72000000	0.02238151
8.73000000	0.01076647
8.74000000	0.00168732
8.75000000	-0.00527778
8.76000000	-0.01055556
8.77000000	-0.01501420
8.78000000	-0.01952680
8.79000000	-0.02421598
8.80000000	-0.02919947
8.81000000	-0.03381507
8.82000000	-0.03740063
8.83000000	-0.03971088
8.84000000	-0.04050058
8.85000000	-0.04020138
8.86000000	-0.03924491
8.87000000	-0.03737120
8.88000000	-0.03432028
8.89000000	-0.03002841
8.90000000	-0.02442690
8.91000000	-0.01725088
8.92000000	-0.00824040
8.93000000	0.00296262
8.94000000	0.01671133
8.95000000	0.03264277
8.96000000	0.05040378
8.97000000	0.06933708
8.98000000	0.08878050
8.99000000	0.10875366
9.00000000	0.12927618
9.01000000	0.15035296
9.02000000	0.17198892
9.03000000	0.19350225
9.04000000	0.21421116
9.05000000	0.23295317
9.06000000	0.24856088
9.07000000	0.26092148
9.08000000	0.26992215
9.09000000	0.27595040
9.10000000	0.27939371
9.11000000	0.28059543
9.12000000	0.27989892
9.13000000	0.27745132
9.14000000	0.27339979
9.15000000	0.26731269
9.16000000	0.25876328
9.17000000	0.24777117
9.18000000	0.23435600
9.19000000	0.21863547
9.20000000	0.20072732
9.21000000	0.18085716
9.22000000	0.15924573
9.23000000	0.13623637
9.24000000	0.11217244
9.25000000	0.08722562
9.26000000	0.06157247
9.27000000	0.03526695
9.28000000	0.00836303
9.29000000	-0.01897254
9.30000000	-0.04656807
9.31000000	-0.07431566
9.32000000	-0.10210739
9.33000000	-0.12978630
9.34000000	-0.15720034
9.35000000	-0.18422199
9.36000000	-0.21072370
9.37000000	-0.23617575
9.38000000	-0.26004348
9.39000000	-0.28137533
9.40000000	-0.29922953
9.41000000	-0.31316463
9.42000000	-0.32273429
9.43000000	-0.32692806
9.44000000	-0.32473553
9.45000000	-0.31830507
9.46000000	-0.30978508
9.47000000	-0.30177031
9.48000000	-0.29685550
9.49000000	-0.29423133
9.50000000	-0.29309337
9.51000000	-0.29301489
9.52000000	-0.29356425
9.53000000	-0.29353482
9.54000000	-0.29171997
9.55000000	-0.28751638
9.56000000	-0.28032565
9.57000000	-0.27022626
9.58000000	-0.25729177
9.59000000	-0.24259639
9.60000000	-0.22721922
9.61000000	-0.21287700
9.62000000	-0.20128158
9.63000000	-0.19242315
9.64000000	-0.18629190
9.65000000	-0.18246600
9.66000000	-0.18052362
9.67000000	-0.17944942
9.68000000	-0.17822317
9.69000000	-0.17569710
9.70000000	-0.17072833
9.71000000	-0.16335121
9.72000000	-0.15360007
9.73000000	-0.14209294
9.74000000	-0.12944785
9.75000000	-0.11616021
9.76000000	-0.10272541
9.77000000	-0.08929552
9.78000000	-0.07602260
9.79000000	-0.06336279
9.80000000	-0.05177718
9.81000000	-0.04145706
9.82000000	-0.03258882
9.83000000	-0.02465743
9.84000000	-0.01714297
9.85000000	-0.00985905
9.86000000	-0.00262908
9.87000000	0.00453222
9.88000000	0.01161504
9.89000000	0.01897254
9.90000000	0.02695298
9.91000000	0.03562992
9.92000000	0.04508186
9.93000000	0.05496053
9.94000000	0.06491277
9.95000000	0.07425679
9.96000000	0.08231571
9.97000000	0.08870202
9.98000000	0.09303314
9.99000000	0.09537282
10.00000000	0.09577503
10.01000000	0.09428882
10.02000000	0.09096813
10.03000000	0.08641629
10.04000000	0.08123171
10.05000000	0.07554681
10.06000000	0.06950385
10.07000000	0.06313226
10.08000000	0.05645655
10.09000000	0.04939826
10.10000000	0.04187399
10.11000000	0.03391808
10.12000000	0.02556977
10.13000000	0.01699583
10.14000000	0.00836303
10.15000000	-0.00005395
10.16000000	-0.00797553
10.17000000	-0.01462180
10.18000000	-0.01921288
10.19000000	-0.02150352
10.20000000	-0.02125336
10.21000000	-0.01861447
10.22000000	-0.01373890
10.23000000	-0.00711715
10.24000000	0.00076028
10.25000000	0.00919688
10.26000000	0.01749123
10.27000000	0.02497626
10.28000000	0.03098979
10.29000000	0.03516885
10.30000000	0.03714557
10.31000000	0.03710142
10.32000000	0.03522281
10.33000000	0.03210323
10.34000000	0.02833619
10.35000000	0.02462801
10.36000000	0.02168501
10.37000000	0.01994864
10.38000000	0.01986525
10.39000000	0.02121413
10.40000000	0.02377454
10.41000000	0.02719332
10.42000000	0.03111732
10.43000000	0.03545334
10.44000000	0.04010328
10.45000000	0.04497395
10.46000000	0.04997705
10.47000000	0.05506353
10.48000000	0.06018435
10.49000000	0.06528555
10.50000000	0.07030827
10.51000000	0.07524270
10.52000000	0.08007903
10.53000000	0.08490555
10.54000000	0.08981546
10.55000000	0.09503438
10.56000000	0.10078304
10.57000000	0.10745874
10.58000000	0.11545880
10.59000000	0.12460172
10.60000000	0.13470602
10.61000000	0.14543325
10.62000000	0.15644988
10.63000000	0.16682396
10.64000000	0.17561862
10.65000000	0.18244638
10.66000000	0.18691484
10.67000000	0.18917604
10.68000000	0.18938696
10.69000000	0.18767511
10.70000000	0.18417294
10.71000000	0.17923361
10.72000000	0.17320536
10.73000000	0.16620102
10.74000000	0.15833831
10.75000000	0.14986247
10.76000000	0.14101385
10.77000000	0.13218975
10.78000000	0.12378749
10.79000000	0.11671448
10.80000000	0.11188305
10.81000000	0.10938641
10.82000000	0.10930793
10.83000000	0.11152989
10.84000000	0.11594439
10.85000000	0.12167834
10.86000000	0.12785864
10.87000000	0.13279307
10.88000000	0.13477959
10.89000000	0.13363673
10.90000000	0.12918789
10.91000000	0.12190887
10.92000000	0.11227545
10.93000000	0.10059665
10.94000000	0.08718147
10.95000000	0.07249100
10.96000000	0.05698629
10.97000000	0.04088318
10.98000000	0.02440238
10.99000000	0.00786762
11.00000000	-0.00840717
11.01000000	-0.02381868
11.02000000	-0.03775378
11.03000000	-0.04969255
11.04000000	-0.05912487
11.05000000	-0.06591339
11.06000000	-0.06991587
11.07000000	-0.07121079
11.08000000	-0.06987663
11.09000000	-0.06638427
11.10000000	-0.06120459
11.11000000	-0.05516653
11.12000000	-0.04910395
11.13000000	-0.04358583
11.14000000	-0.03918114
11.15000000	-0.03578688
11.16000000	-0.03330004
11.17000000	-0.03146067
11.18000000	-0.03000388
11.19000000	-0.02922889
11.20000000	-0.02943490
11.21000000	-0.03070530
11.22000000	-0.03312346
11.23000000	-0.03640000
11.24000000	-0.04025043
11.25000000	-0.04453249
11.26000000	-0.04910395
11.27000000	-0.05355279
11.28000000	-0.05745717
11.29000000	-0.06048355
11.30000000	-0.06229840
11.31000000	-0.06253384
11.32000000	-0.06082690
11.33000000	-0.05709420
11.34000000	-0.05125725
11.35000000	-0.04404199
11.36000000	-0.03616947
11.37000000	-0.02844409
11.38000000	-0.02167519
11.39000000	-0.01655437
11.40000000	-0.01376343
11.41000000	-0.01314049
11.42000000	-0.01452861
11.43000000	-0.01735879
11.44000000	-0.02106207
11.45000000	-0.02530489
11.46000000	-0.02975373
11.47000000	-0.03413389
11.48000000	-0.03816580
11.49000000	-0.04167288
11.50000000	-0.04447854
11.51000000	-0.04658769
11.52000000	-0.04800523
11.53000000	-0.04892247
11.54000000	-0.04954050
11.55000000	-0.05002119
11.56000000	-0.05052150
11.57000000	-0.05113953
11.58000000	-0.05196847
11.59000000	-0.05296909
11.60000000	-0.05410705
11.61000000	-0.05530387
11.62000000	-0.05648107
11.63000000	-0.05738359
11.64000000	-0.05776128
11.65000000	-0.05734435
11.66000000	-0.05585323
11.67000000	-0.05316039
11.68000000	-0.04914319
11.69000000	-0.04355149
11.70000000	-0.03614004
11.71000000	-0.02691864
11.72000000	-0.01589220
11.73000000	-0.00348745
11.74000000	0.00986396
11.75000000	0.02382849
11.76000000	0.03808242
11.77000000	0.05244917
11.78000000	0.06674724
11.79000000	0.08090307
11.80000000	0.09484308
11.81000000	0.10837598
11.82000000	0.12131046
11.83000000	0.13326885
11.84000000	0.14387346
11.85000000	0.15315863
11.86000000	0.16115868
11.87000000	0.16822679
11.88000000	0.17471120
11.89000000	0.18059229
11.90000000	0.18586026
11.91000000	0.19022081
11.92000000	0.19337472
11.93000000	0.19543482
11.94000000	0.19651883
11.95000000	0.19664636
11.96000000	0.19583213
11.97000000	0.19397313
11.98000000	0.19096146
11.99000000	0.18698841
12.00000000	0.18224528
12.01000000	0.17666829
12.02000000	0.17019860
12.03000000	0.16274790
12.04000000	0.15422792
12.05000000	0.14470241
12.06000000	0.13423514
12.07000000	0.12290459
12.08000000	0.11078924
12.09000000	0.09796266
12.10000000	0.08449844
12.11000000	0.07048485
12.12000000	0.05601020
12.13000000	0.04128539
12.14000000	0.02652134
12.15000000	0.01198782
12.16000000	-0.00204538
12.17000000	-0.01531341
12.18000000	-0.02754648
12.19000000	-0.03871026
12.20000000	-0.04877041
12.21000000	-0.05777599
12.22000000	-0.06578095
12.23000000	-0.07299130
12.24000000	-0.07961796
12.25000000	-0.08559225
12.26000000	-0.09084060
12.27000000	-0.09511776
12.28000000	-0.09817357
12.29000000	-0.10001785
12.30000000	-0.10066531
12.31000000	-0.10031706
12.32000000	-0.09917419
12.33000000	-0.09734463
12.34000000	-0.09494118
12.35000000	-0.09183141
12.36000000	-0.08787307
12.37000000	-0.08273754
12.38000000	-0.07610598
12.39000000	-0.06786067
12.40000000	-0.05788390
12.41000000	-0.04618057
12.42000000	-0.03274578
12.43000000	-0.01792777
12.44000000	-0.00207972
12.45000000	0.01424903
12.46000000	0.03050910
12.47000000	0.04575875
12.48000000	0.05905620
12.49000000	0.06961667
12.50000000	0.07665534
12.51000000	0.08045181
12.52000000	0.08129057
12.53000000	0.07956401
12.54000000	0.07565472
12.55000000	0.07013169
12.56000000	0.06356390
12.57000000	0.05621130
12.58000000	0.04833387
12.59000000	0.04051530
12.60000000	0.03334419
12.61000000	0.02759553
12.62000000	0.02404922
12.63000000	0.02285730
12.64000000	0.02416694
12.65000000	0.02756120
12.66000000	0.03261825
12.67000000	0.03849935
12.68000000	0.04437063
12.69000000	0.04945221
12.70000000	0.05296910
12.71000000	0.05455341
12.72000000	0.05383728
12.73000000	0.05102672
12.74000000	0.04632773
12.75000000	0.04008857
12.76000000	0.03265259
12.77000000	0.02440728
12.78000000	0.01574015
12.79000000	0.00672966
12.80000000	-0.00254079
12.81000000	-0.01140903
12.82000000	-0.01921779
12.83000000	-0.02556976
12.84000000	-0.03006274
12.85000000	-0.03266239
12.86000000	-0.03334419
12.87000000	-0.03228961
12.88000000	-0.02967525
12.89000000	-0.02601612
12.90000000	-0.02183215
12.91000000	-0.01767762
12.92000000	-0.01410678
12.93000000	-0.01135507
12.94000000	-0.00965304
12.95000000	-0.00871618
12.96000000	-0.00825511
12.97000000	-0.00822078
12.98000000	-0.00856903
12.99000000	-0.00919687
13.00000000	-0.01000129
13.01000000	-0.01101663
13.02000000	-0.01227721
13.03000000	-0.01378305
13.04000000	-0.01553413
13.05000000	-0.01754518
13.06000000	-0.01982601
13.07000000	-0.02230303
13.08000000	-0.02491249
13.09000000	-0.02745328
13.10000000	-0.02971939
13.11000000	-0.03166668
13.12000000	-0.03325590
13.13000000	-0.03457044
13.14000000	-0.03568387
13.15000000	-0.03663544
13.16000000	-0.03746439
13.17000000	-0.03819033
13.18000000	-0.03883288
13.19000000	-0.03950487
13.20000000	-0.04032400
13.21000000	-0.04142763
13.22000000	-0.04295799
13.23000000	-0.04495432
13.24000000	-0.04745587
13.25000000	-0.05032530
13.26000000	-0.05342035
13.27000000	-0.05653993
13.28000000	-0.05947803
13.29000000	-0.06187167
13.30000000	-0.06336279
13.31000000	-0.06368652
13.32000000	-0.06257308
13.33000000	-0.05987533
13.34000000	-0.05544612
13.35000000	-0.04936392
13.36000000	-0.04171212
13.37000000	-0.03295669
13.38000000	-0.02356852
13.39000000	-0.01421959
13.40000000	-0.00557698
13.41000000	0.00164808
13.42000000	0.00674438
13.43000000	0.00968738
13.44000000	0.01045746
13.45000000	0.00925083
13.46000000	0.00625878
13.47000000	0.00192767
13.48000000	-0.00329125
13.49000000	-0.00906934
13.50000000	-0.01508287
13.51000000	-0.02127789
13.52000000	-0.02760043
13.53000000	-0.03391807
13.54000000	-0.04009347
13.55000000	-0.04613152
13.56000000	-0.05204205
13.57000000	-0.05793786
13.58000000	-0.06393177
13.59000000	-0.07013169
13.60000000	-0.07664553
13.61000000	-0.08343405
13.62000000	-0.09046291
13.63000000	-0.09756535
13.64000000	-0.10457460
13.65000000	-0.11125521
13.66000000	-0.11736684
13.67000000	-0.12272310
13.68000000	-0.12713760
13.69000000	-0.13052205
13.70000000	-0.13278325
13.71000000	-0.13395555
13.72000000	-0.13407817
13.73000000	-0.13335223
13.74000000	-0.13198374
13.75000000	-0.13000212
13.76000000	-0.12743680
13.77000000	-0.12419950
13.78000000	-0.12020193
13.79000000	-0.11545389
13.80000000	-0.10996519
13.81000000	-0.10380451
13.82000000	-0.09703561
13.83000000	-0.08962906
13.84000000	-0.08156034
13.85000000	-0.07293244
13.86000000	-0.06384838
13.87000000	-0.05442588
13.88000000	-0.04478265
13.89000000	-0.03529638
13.90000000	-0.02633494
13.91000000	-0.01837413
13.92000000	-0.01189462
13.93000000	-0.00654327
13.94000000	-0.00196690
13.95000000	0.00212387
13.96000000	0.00601353
13.97000000	0.00983453
13.98000000	0.01372419
13.99000000	0.01791306
14.00000000	0.02262677
14.01000000	0.02786040
14.02000000	0.03361397
14.03000000	0.03960297
14.04000000	0.04554293
14.05000000	0.05089919
14.06000000	0.05513220
14.07000000	0.05804577
14.08000000	0.05944370
14.09000000	0.05939465
14.10000000	0.05796729
14.11000000	0.05533821
14.12000000	0.05168889
14.13000000	0.04728911
14.14000000	0.04240863
14.15000000	0.03725348
14.16000000	0.03203456
14.17000000	0.02702165
14.18000000	0.02248452
14.19000000	0.01842809
14.20000000	0.01485725
14.21000000	0.01154147
14.22000000	0.00824040
14.23000000	0.00469899
14.24000000	0.00066708
14.25000000	-0.00408096
14.26000000	-0.00977076
14.27000000	-0.01629931
14.28000000	-0.02356852
14.29000000	-0.03135276
14.30000000	-0.03941658
14.31000000	-0.04762264
14.32000000	-0.05583852
14.33000000	-0.06351484
14.34000000	-0.07009735
14.35000000	-0.07506121
14.36000000	-0.07789140
14.37000000	-0.07841623
14.38000000	-0.07645914
14.39000000	-0.07198087
14.40000000	-0.06494710
14.41000000	-0.05541669
14.42000000	-0.04344358
14.43000000	-0.02955262
14.44000000	-0.01426864
14.45000000	0.00178052
14.46000000	0.01797192
14.47000000	0.03381998
14.48000000	0.04883909
14.49000000	0.06270062
14.50000000	0.07507103
14.51000000	0.08601899
14.52000000	0.09561317
14.53000000	0.10388300
14.54000000	0.11085300
14.55000000	0.11660166
14.56000000	0.12120746
14.57000000	0.12471453
14.58000000	0.12717194
14.59000000	0.12851591
14.60000000	0.12868268
14.61000000	0.12784392
14.62000000	0.12616641
14.63000000	0.12390521
14.64000000	0.12132027
14.65000000	0.11863233
14.66000000	0.11606211
14.67000000	0.11381562
14.68000000	0.11209887
14.69000000	0.11096091
14.70000000	0.11044589
14.71000000	0.11036250
14.72000000	0.11052437
14.73000000	0.11081867
14.74000000	0.11113259
14.75000000	0.11122088
14.76000000	0.11083829
14.77000000	0.10973466
14.78000000	0.10766475
14.79000000	0.10486400
14.80000000	0.10155803
14.81000000	0.09785475
14.82000000	0.09386699
14.83000000	0.08969283
14.84000000	0.08543039
14.85000000	0.08108456
14.86000000	0.07666025
14.87000000	0.07214274
14.88000000	0.06751733
14.89000000	0.06283796
14.90000000	0.05815368
14.91000000	0.05357732
14.92000000	0.04922168
14.93000000	0.04519958
14.94000000	0.04162874
14.95000000	0.03847482
14.96000000	0.03570350
14.97000000	0.03318723
14.98000000	0.03079359
14.99000000	0.02834109
15.00000000	0.02565315
15.01000000	0.02265620
15.02000000	0.01928156
15.03000000	0.01556357
15.04000000	0.01153656
15.05000000	0.00729864
15.06000000	0.00294791
15.07000000	-0.00133416
15.08000000	-0.00537097
15.09000000	-0.00899086
15.10000000	-0.01202215
15.11000000	-0.01442070
15.12000000	-0.01614726
15.13000000	-0.01733427
15.14000000	-0.01811416
15.15000000	-0.01861447
15.16000000	-0.01896273
15.17000000	-0.01936003
15.18000000	-0.02000259
15.19000000	-0.02097868
15.20000000	-0.02237170
15.21000000	-0.02418655
15.22000000	-0.02643795
15.23000000	-0.02911608
15.24000000	-0.03220623
15.25000000	-0.03574273
15.26000000	-0.03976483
15.27000000	-0.04422348
15.28000000	-0.04906471
15.29000000	-0.05407762
15.30000000	-0.05904639
15.31000000	-0.06369142
15.32000000	-0.06773314
15.33000000	-0.07090177
15.34000000	-0.07292754
15.35000000	-0.07371234
15.36000000	-0.07316298
15.37000000	-0.07142170
15.38000000	-0.06862585
15.39000000	-0.06512368
15.40000000	-0.06126835
15.41000000	-0.05729530
15.42000000	-0.05343997
15.43000000	-0.04992309
15.44000000	-0.04697028
15.45000000	-0.04468455
15.46000000	-0.04316400
15.47000000	-0.04250182
15.48000000	-0.04279612
15.49000000	-0.04401747
15.50000000	-0.04613152
15.51000000	-0.04894209
15.52000000	-0.05225787
15.53000000	-0.05594643
15.54000000	-0.05987043
15.55000000	-0.06398082
15.56000000	-0.06822855
15.57000000	-0.07263814
15.58000000	-0.07723413
15.59000000	-0.08197726
15.60000000	-0.08682831
15.61000000	-0.09173331
15.62000000	-0.09663831
15.63000000	-0.10122448
15.64000000	-0.10517301
15.65000000	-0.10828278
15.66000000	-0.11034778
15.67000000	-0.11155932
15.68000000	-0.11210868
15.69000000	-0.11209396
15.70000000	-0.11161327
15.71000000	-0.11067642
15.72000000	-0.10930302
15.73000000	-0.10752250
15.74000000	-0.10536430
15.75000000	-0.10287256
15.76000000	-0.10008652
15.77000000	-0.09709447
15.78000000	-0.09398961
15.79000000	-0.09092398
15.80000000	-0.08804475
15.81000000	-0.08550886
15.82000000	-0.08347329
15.83000000	-0.08200179
15.84000000	-0.08116303
15.85000000	-0.08086873
15.86000000	-0.08102569
15.87000000	-0.08143771
15.88000000	-0.08190369
15.89000000	-0.08229609
15.90000000	-0.08248738
15.91000000	-0.08245305
15.92000000	-0.08216856
15.93000000	-0.08164863
15.94000000	-0.08091288
15.95000000	-0.08000545
15.96000000	-0.07896559
15.97000000	-0.07787668
15.98000000	-0.07682211
15.99000000	-0.07584601
16.00000000	-0.07499254
16.01000000	-0.07422246
16.02000000	-0.07349652
16.03000000	-0.07266757
16.04000000	-0.07159338
16.05000000	-0.07017583
16.06000000	-0.06831684
16.07000000	-0.06601639
16.08000000	-0.06326959
16.09000000	-0.06020397
16.10000000	-0.05695195
16.11000000	-0.05371465
16.12000000	-0.05069317
16.13000000	-0.04802976
16.14000000	-0.04586665
16.15000000	-0.04426272
16.16000000	-0.04327681
16.17000000	-0.04275688
16.18000000	-0.04255578
16.19000000	-0.04262935
16.20000000	-0.04293346
16.21000000	-0.04345339
16.22000000	-0.04417443
16.23000000	-0.04496413
16.24000000	-0.04568517
16.25000000	-0.04623943
16.26000000	-0.04652883
16.27000000	-0.04651902
16.28000000	-0.04617076
16.29000000	-0.04551349
16.30000000	-0.04458154
16.31000000	-0.04340434
16.32000000	-0.04201132
16.33000000	-0.04031419
16.34000000	-0.03822957
16.35000000	-0.03567897
16.36000000	-0.03257901
16.37000000	-0.02906212
16.38000000	-0.02526075
16.39000000	-0.02138580
16.40000000	-0.01764819
16.41000000	-0.01418035
16.42000000	-0.01110982
16.43000000	-0.00853960
16.44000000	-0.00657760
16.45000000	-0.00526797
16.46000000	-0.00465975
16.47000000	-0.00465975
16.48000000	-0.00517477
16.49000000	-0.00605277
16.50000000	-0.00713187
16.51000000	-0.00825511
16.52000000	-0.00927535
16.53000000	-0.01009939
16.54000000	-0.01063404
16.55000000	-0.01063894
16.56000000	-0.00986886
16.57000000	-0.00826492
16.58000000	-0.00576828
16.59000000	-0.00253588
16.60000000	0.00127040
16.61000000	0.00548379
16.62000000	0.00993753
16.63000000	0.01442561
16.64000000	0.01875182
16.65000000	0.02284749
16.66000000	0.02664396
16.67000000	0.03014613
16.68000000	0.03335891
16.69000000	0.03629210
16.70000000	0.03894570
16.71000000	0.04133934
16.72000000	0.04350245
16.73000000	0.04545954
16.74000000	0.04723515
16.75000000	0.04880475
16.76000000	0.05013891
16.77000000	0.05122292
16.78000000	0.05204205
16.79000000	0.05267480
16.80000000	0.05320454
16.81000000	0.05369994
16.82000000	0.05421987
16.83000000	0.05478885
16.84000000	0.05543141
16.85000000	0.05610830
16.86000000	0.05678028
16.87000000	0.05750132
16.88000000	0.05833026
16.89000000	0.05932107
16.90000000	0.06052770
16.91000000	0.06191582
16.92000000	0.06345108
16.93000000	0.06511388
16.94000000	0.06688949
16.95000000	0.06866019
16.96000000	0.07030337
16.97000000	0.07173072
16.98000000	0.07285887
16.99000000	0.07363877
17.00000000	0.07401155
17.01000000	0.07390854
17.02000000	0.07326108
17.03000000	0.07208879
17.04000000	0.07041128
17.05000000	0.06826779
17.06000000	0.06570248
17.07000000	0.06275948
17.08000000	0.05948294
17.09000000	0.05598567
17.10000000	0.05238540
17.11000000	0.04880475
17.12000000	0.04536635
17.13000000	0.04216829
17.14000000	0.03930867
17.15000000	0.03686598
17.16000000	0.03491379
17.17000000	0.03345701
17.18000000	0.03250053
17.19000000	0.03197570
17.20000000	0.03181383
17.21000000	0.03188250
17.22000000	0.03204927
17.23000000	0.03223076
17.24000000	0.03234848
17.25000000	0.03239753
17.26000000	0.03236810
17.27000000	0.03231905
17.28000000	0.03230924
17.29000000	0.03233376
17.30000000	0.03238772
17.31000000	0.03236319
17.32000000	0.03215718
17.33000000	0.03170102
17.34000000	0.03092112
17.35000000	0.02975864
17.36000000	0.02814980
17.37000000	0.02608479
17.38000000	0.02356362
17.39000000	0.02061081
17.40000000	0.01724598
17.41000000	0.01349856
17.42000000	0.00940289
17.43000000	0.00497858
17.44000000	0.00024525
17.45000000	-0.00474313
17.46000000	-0.00994243
17.47000000	-0.01521531
17.48000000	-0.02041951
17.49000000	-0.02544223
17.50000000	-0.03017065
17.51000000	-0.03456553
17.52000000	-0.03858763
17.53000000	-0.04223695
17.54000000	-0.04551840
17.55000000	-0.04838782
17.56000000	-0.05080108
17.57000000	-0.05273365
17.58000000	-0.05415610
17.59000000	-0.05510277
17.60000000	-0.05560798
17.61000000	-0.05573551
17.62000000	-0.05554422
17.63000000	-0.05509296
17.64000000	-0.05444059
17.65000000	-0.05362636
17.66000000	-0.05269441
17.67000000	-0.05167908
17.68000000	-0.05060979
17.69000000	-0.04947673
17.70000000	-0.04827501
17.71000000	-0.04693104
17.72000000	-0.04537125
17.73000000	-0.04342887
17.74000000	-0.04093222
17.75000000	-0.03781264
17.76000000	-0.03400146
17.77000000	-0.02957715
17.78000000	-0.02461819
17.79000000	-0.01925703
17.80000000	-0.01363590
17.81000000	-0.00797062
17.82000000	-0.00247212
17.83000000	0.00269285
17.84000000	0.00735750
17.85000000	0.01150223
17.86000000	0.01511231
17.87000000	0.01828094
17.88000000	0.02109641
17.89000000	0.02365191
17.90000000	0.02604555
17.91000000	0.02829204
17.92000000	0.03040610
17.93000000	0.03238281
17.94000000	0.03420747
17.95000000	0.03582612
17.96000000	0.03718481
17.97000000	0.03819033
17.98000000	0.03875441
17.99000000	0.03886722
18.00000000	0.03851897
18.01000000	0.03768512
18.02000000	0.03634115
18.03000000	0.03446744
18.04000000	0.03203946
18.05000000	0.02915042
18.06000000	0.02589350
18.07000000	0.02244528
18.08000000	0.01898726
18.09000000	0.01574996
18.10000000	0.01295901
18.11000000	0.01070762
18.12000000	0.00908897
18.13000000	0.00808835
18.14000000	0.00769595
18.15000000	0.00781367
18.16000000	0.00834341
18.17000000	0.00903501
18.18000000	0.00964323
18.19000000	0.01000130
18.20000000	0.00993753
18.21000000	0.00945684
18.22000000	0.00855923
18.23000000	0.00732317
18.24000000	0.00583205
18.25000000	0.00425754
18.26000000	0.00277133
18.27000000	0.00155489
18.28000000	0.00079461
18.29000000	0.00059841
18.30000000	0.00106929
18.31000000	0.00211406
18.32000000	0.00363951
18.33000000	0.00549851
18.34000000	0.00754389
18.35000000	0.00966776
18.36000000	0.01175729
18.37000000	0.01374381
18.38000000	0.01555866
18.39000000	0.01722636
18.40000000	0.01877144
18.41000000	0.02023313
18.42000000	0.02165558
18.43000000	0.02311236
18.44000000	0.02467706
18.45000000	0.02640362
18.46000000	0.02834109
18.47000000	0.03046005
18.48000000	0.03274088
18.49000000	0.03510509
18.50000000	0.03747420
18.51000000	0.03975012
18.52000000	0.04182984
18.53000000	0.04357112
18.54000000	0.04483661
18.55000000	0.04553802
18.56000000	0.04558707
18.57000000	0.04502790
18.58000000	0.04389485
18.59000000	0.04235468
18.60000000	0.04058397
18.61000000	0.03869555
18.62000000	0.03679731
18.63000000	0.03491379
18.64000000	0.03306461
18.65000000	0.03131352
18.66000000	0.02972430
18.67000000	0.02832147
18.68000000	0.02713446
18.69000000	0.02618780
18.70000000	0.02550600
18.71000000	0.02509398
18.72000000	0.02495664
18.73000000	0.02505965
18.74000000	0.02536376
18.75000000	0.02579540
18.76000000	0.02628590
18.77000000	0.02673716
18.78000000	0.02705108
18.79000000	0.02718842
18.80000000	0.02710503
18.81000000	0.02678621
18.82000000	0.02622213
18.83000000	0.02552072
18.84000000	0.02479478
18.85000000	0.02419146
18.86000000	0.02385302
18.87000000	0.02384321
18.88000000	0.02423070
18.89000000	0.02502531
18.90000000	0.02623685
18.91000000	0.02786531
18.92000000	0.02991069
18.93000000	0.03228962
18.94000000	0.03491870
18.95000000	0.03762135
18.96000000	0.04022100
18.97000000	0.04255088
18.98000000	0.04444421
18.99000000	0.04579799
19.00000000	0.04650921
19.01000000	0.04650921
19.02000000	0.04572441
19.03000000	0.04415481
19.04000000	0.04180041
19.05000000	0.03879365
19.06000000	0.03526695
19.07000000	0.03139691
19.08000000	0.02736009
19.09000000	0.02337723
19.10000000	0.01967396
19.11000000	0.01635818
19.12000000	0.01353290
19.13000000	0.01119812
19.14000000	0.00935384
19.15000000	0.00786272
19.16000000	0.00658251
19.17000000	0.00529250
19.18000000	0.00377685
19.19000000	0.00197181
19.20000000	-0.00018639
19.21000000	-0.00261436
19.22000000	-0.00522873
19.23000000	-0.00793629
19.24000000	-0.01064385
19.25000000	-0.01330236
19.26000000	-0.01586277
19.27000000	-0.01835941
19.28000000	-0.02083153
19.29000000	-0.02330365
19.30000000	-0.02580030
19.31000000	-0.02824299
19.32000000	-0.03054834
19.33000000	-0.03253977
19.34000000	-0.03404070
19.35000000	-0.03489907
19.36000000	-0.03495793
19.37000000	-0.03417804
19.38000000	-0.03252505
19.39000000	-0.03012160
19.40000000	-0.02709031
19.41000000	-0.02355381
19.42000000	-0.01963962
19.43000000	-0.01556847
19.44000000	-0.01155618
19.45000000	-0.00779895
19.46000000	-0.00448807
19.47000000	-0.00167260
19.48000000	0.00059841
19.49000000	0.00238874
19.50000000	0.00375233
19.51000000	0.00479219
19.52000000	0.00561623
19.53000000	0.00643046
19.54000000	0.00744579
19.55000000	0.00874562
19.56000000	0.01040841
19.57000000	0.01235079
19.58000000	0.01449428
19.59000000	0.01676039
19.60000000	0.01906574
19.61000000	0.02128770
19.62000000	0.02329875
19.63000000	0.02505474
19.64000000	0.02651643
19.65000000	0.02764458
19.66000000	0.02839995
19.67000000	0.02878745
19.68000000	0.02881197
19.69000000	0.02848824
19.70000000	0.02783097
19.71000000	0.02691864
19.72000000	0.02583464
19.73000000	0.02465253
19.74000000	0.02344100
19.75000000	0.02229323
19.76000000	0.02130242
19.77000000	0.02053724
19.78000000	0.02006145
19.79000000	0.01988487
19.80000000	0.02001731
19.81000000	0.02033123
19.82000000	0.02069910
19.83000000	0.02090511
19.84000000	0.02073344
19.85000000	0.02000259
19.86000000	0.01854090
19.87000000	0.01624046
19.88000000	0.01299335
19.89000000	0.00892710
19.90000000	0.00415944
19.91000000	-0.00121153
19.92000000	-0.00707791
19.93000000	-0.01332198
19.94000000	-0.01983091
19.95000000	-0.02647228
19.96000000	-0.03311365
19.97000000	-0.03952939
19.98000000	-0.04548897
19.99000000	-0.05075694
20.00000000	-0.05509786
20.01000000	-0.05860494
20.02000000	-0.06138117
20.03000000	-0.06360313
20.04000000	-0.06544251
20.05000000	-0.06700230
20.06000000	-0.06838551
20.07000000	-0.06965100
20.08000000	-0.07085763
20.09000000	-0.07205935
20.10000000	-0.07330522
20.11000000	-0.07454128
20.12000000	-0.07571848
20.13000000	-0.07668477
20.14000000	-0.07728318
20.15000000	-0.07745485
20.16000000	-0.07714584
20.17000000	-0.07637575
20.18000000	-0.07516422
20.19000000	-0.07358481
20.20000000	-0.07171110
20.21000000	-0.06967552
20.22000000	-0.06761052
20.23000000	-0.06559947
20.24000000	-0.06372576
20.25000000	-0.06206296
20.26000000	-0.06068466
20.27000000	-0.05956141
20.28000000	-0.05866870
20.29000000	-0.05787900
20.30000000	-0.05705986
20.31000000	-0.05602981
20.32000000	-0.05460736
20.33000000	-0.05267970
20.34000000	-0.05012910
20.35000000	-0.04701442
20.36000000	-0.04339944
20.37000000	-0.03930376
20.38000000	-0.03474702
20.39000000	-0.02977825
20.40000000	-0.02445142
20.41000000	-0.01876162
20.42000000	-0.01270395
20.43000000	-0.00631764
20.44000000	0.00036297
20.45000000	0.00723488
20.46000000	0.01419998
20.47000000	0.02112584
20.48000000	0.02787512
20.49000000	0.03433010
20.50000000	0.04036815
20.51000000	0.04585194
20.52000000	0.05064903
20.53000000	0.05469566
20.54000000	0.05792805
20.55000000	0.06038055
20.56000000	0.06209240
20.57000000	0.06308321
20.58000000	0.06337260
20.59000000	0.06305868
20.60000000	0.06223464
20.61000000	0.06097406
20.62000000	0.05934560
20.63000000	0.05739341
20.64000000	0.05516654
20.65000000	0.05271404
20.66000000	0.05008496
20.67000000	0.04734306
20.68000000	0.04455212
20.69000000	0.04174646
20.70000000	0.03896532
20.71000000	0.03626757
20.72000000	0.03370226
20.73000000	0.03130371
20.74000000	0.02911118
20.75000000	0.02716880
20.76000000	0.02552072
20.77000000	0.02425523
20.78000000	0.02345571
20.79000000	0.02321046
20.80000000	0.02361267
20.81000000	0.02462310
20.82000000	0.02620742
20.83000000	0.02826261
20.84000000	0.03068568
20.85000000	0.03332948
20.86000000	0.03604194
20.87000000	0.03867102
20.88000000	0.04106466
20.89000000	0.04314929
20.90000000	0.04485623
20.91000000	0.04618548
20.92000000	0.04713215
20.93000000	0.04772565
20.94000000	0.04799543
20.95000000	0.04796109
20.96000000	0.04764227
20.97000000	0.04703895
20.98000000	0.04615115
20.99000000	0.04497885
21.00000000	0.04352207
21.01000000	0.04185927
21.02000000	0.04007385
21.03000000	0.03829334
21.04000000	0.03664035
21.05000000	0.03525714
21.06000000	0.03428595
21.07000000	0.03373659
21.08000000	0.03361887
21.09000000	0.03391317
21.10000000	0.03459497
21.11000000	0.03560540
21.12000000	0.03688560
21.13000000	0.03832767
21.14000000	0.03982860
21.15000000	0.04131482
21.16000000	0.04271274
21.17000000	0.04396842
21.18000000	0.04502790
21.19000000	0.04586175
21.20000000	0.04643564
21.21000000	0.04681823
21.22000000	0.04708800
21.23000000	0.04727439
21.24000000	0.04740683
21.25000000	0.04745588
21.26000000	0.04738721
21.27000000	0.04717139
21.28000000	0.04678389
21.29000000	0.04623453
21.30000000	0.04552821
21.31000000	0.04467965
21.32000000	0.04370355
21.33000000	0.04268331
21.34000000	0.04169741
21.35000000	0.04076055
21.36000000	0.03988746
21.37000000	0.03904871
21.38000000	0.03821976
21.39000000	0.03736139
21.40000000	0.03643434
21.41000000	0.03534053
21.42000000	0.03398184
21.43000000	0.03234848
21.44000000	0.03043062
21.45000000	0.02822828
21.46000000	0.02574144
21.47000000	0.02298483
21.48000000	0.01997316
21.49000000	0.01671624
21.50000000	0.01322388
21.51000000	0.00951570
21.52000000	0.00561623
21.53000000	0.00153527
21.54000000	-0.00271737
21.55000000	-0.00712206
21.56000000	-0.01166409
21.57000000	-0.01634346
21.58000000	-0.02116507
21.59000000	-0.02601612
21.60000000	-0.03077887
21.61000000	-0.03531600
21.62000000	-0.03949015
21.63000000	-0.04323267
21.64000000	-0.04647978
21.65000000	-0.04923639
21.66000000	-0.05150740
21.67000000	-0.05333697
21.68000000	-0.05476432
21.69000000	-0.05580909
21.70000000	-0.05649579
21.71000000	-0.05690781
21.72000000	-0.05712853
21.73000000	-0.05723644
21.74000000	-0.05730511
21.75000000	-0.05742283
21.76000000	-0.05767299
21.77000000	-0.05805067
21.78000000	-0.05855589
21.79000000	-0.05912487
21.80000000	-0.05969875
21.81000000	-0.06025792
21.82000000	-0.06078276
21.83000000	-0.06119478
21.84000000	-0.06141550
21.85000000	-0.06138607
21.86000000	-0.06104763
21.87000000	-0.06036093
21.88000000	-0.05928673
21.89000000	-0.05784466
21.90000000	-0.05604453
21.91000000	-0.05396481
21.92000000	-0.05168889
21.93000000	-0.04936392
21.94000000	-0.04713705
21.95000000	-0.04515543
21.96000000	-0.04357111
21.97000000	-0.04241353
21.98000000	-0.04171212
21.99000000	-0.04139329
22.00000000	-0.04137367
22.01000000	-0.04157478
22.02000000	-0.04192303
22.03000000	-0.04238410
22.04000000	-0.04291875
22.05000000	-0.04351225
22.06000000	-0.04415481
22.07000000	-0.04487094
22.08000000	-0.04568026
22.09000000	-0.04662202
22.10000000	-0.04774036
22.11000000	-0.04905981
22.12000000	-0.05060488
22.13000000	-0.05231673
22.14000000	-0.05413648
22.15000000	-0.05598567
22.16000000	-0.05779071
22.17000000	-0.05943879
22.18000000	-0.06081709
22.19000000	-0.06179809
22.20000000	-0.06225426
22.21000000	-0.06207768
22.22000000	-0.06115554
22.23000000	-0.05952217
22.24000000	-0.05721192
22.25000000	-0.05434740
22.26000000	-0.05105124
22.27000000	-0.04746568
22.28000000	-0.04373298
22.29000000	-0.04002970
22.30000000	-0.03652753
22.31000000	-0.03335890
22.32000000	-0.03066115
22.33000000	-0.02838033
22.34000000	-0.02646738
22.35000000	-0.02472120
22.36000000	-0.02293578
22.37000000	-0.02091001
22.38000000	-0.01844770
22.39000000	-0.01549980
22.40000000	-0.01201234
22.41000000	-0.00812268
22.42000000	-0.00396814
22.43000000	0.00031392
22.44000000	0.00458127
22.45000000	0.00872109
22.46000000	0.01263038
22.47000000	0.01633365
22.48000000	0.01985054
22.49000000	0.02318594
22.50000000	0.02634476
22.51000000	0.02929757
22.52000000	0.03201494
22.53000000	0.03448706
22.54000000	0.03670412
22.55000000	0.03863669
22.56000000	0.04025043
22.57000000	0.04154045
22.58000000	0.04250673
22.59000000	0.04313948
22.60000000	0.04343378
22.61000000	0.04346321
22.62000000	0.04329153
22.63000000	0.04299233
22.64000000	0.04264407
22.65000000	0.04226148
22.66000000	0.04185437
22.67000000	0.04138839
22.68000000	0.04083413
22.69000000	0.04013271
22.70000000	0.03922529
22.71000000	0.03811676
22.72000000	0.03681203
22.73000000	0.03533562
22.74000000	0.03370716
22.75000000	0.03200022
22.76000000	0.03029819
22.77000000	0.02872368
22.78000000	0.02739443
22.79000000	0.02635457
22.80000000	0.02564334
22.81000000	0.02524113
22.82000000	0.02513322
22.83000000	0.02523623
22.84000000	0.02546676
22.85000000	0.02574144
22.86000000	0.02598179
22.87000000	0.02611913
22.88000000	0.02608479
22.89000000	0.02588369
22.90000000	0.02551091
22.91000000	0.02496645
22.92000000	0.02425523
22.93000000	0.02340176
22.94000000	0.02243547
22.95000000	0.02132204
22.96000000	0.02002221
22.97000000	0.01847223
22.98000000	0.01660833
22.99000000	0.01444523
23.00000000	0.01199763
23.01000000	0.00930479
23.02000000	0.00641084
23.03000000	0.00336974
23.04000000	0.00023054
23.05000000	-0.00293809
23.06000000	-0.00607239
23.07000000	-0.00913801
23.08000000	-0.01209573
23.09000000	-0.01494063
23.10000000	-0.01766781
23.11000000	-0.02025274
23.12000000	-0.02267091
23.13000000	-0.02490268
23.14000000	-0.02692845
23.15000000	-0.02867953
23.16000000	-0.03008727
23.17000000	-0.03110260
23.18000000	-0.03167158
23.19000000	-0.03175987
23.20000000	-0.03134295
23.21000000	-0.03037666
23.22000000	-0.02880706
23.23000000	-0.02664886
23.24000000	-0.02391678
23.25000000	-0.02071381
23.26000000	-0.01714788
23.27000000	-0.01328764
23.28000000	-0.00920668
23.29000000	-0.00504724
23.30000000	-0.00094176
23.31000000	0.00303129
23.32000000	0.00679343
23.33000000	0.01029560
23.34000000	0.01348875
23.35000000	0.01633856
23.36000000	0.01880577
23.37000000	0.02085606
23.38000000	0.02245509
23.39000000	0.02361758
23.40000000	0.02435333
23.41000000	0.02473592
23.42000000	0.02483892
23.43000000	0.02479478
23.44000000	0.02474082
23.45000000	0.02481930
23.46000000	0.02516756
23.47000000	0.02576597
23.48000000	0.02659982
23.49000000	0.02763477
23.50000000	0.02884140
23.51000000	0.03009218
23.52000000	0.03125957
23.53000000	0.03228962
23.54000000	0.03311856
23.55000000	0.03372188
23.56000000	0.03407994
23.57000000	0.03414371
23.58000000	0.03386412
23.59000000	0.03327062
23.60000000	0.03239262
23.61000000	0.03122523
23.62000000	0.02976354
23.63000000	0.02801736
23.64000000	0.02599160
23.65000000	0.02365191
23.66000000	0.02096397
23.67000000	0.01795721
23.68000000	0.01466595
23.69000000	0.01114907
23.70000000	0.00747032
23.71000000	0.00370818
23.72000000	-0.00005886
23.73000000	-0.00370327
23.74000000	-0.00709753
23.75000000	-0.01019259
23.76000000	-0.01294429
23.77000000	-0.01528398
23.78000000	-0.01714788
23.79000000	-0.01858014
23.80000000	-0.01962490
23.81000000	-0.02039989
23.82000000	-0.02101302
23.83000000	-0.02158200
23.84000000	-0.02222946
23.85000000	-0.02297502
23.86000000	-0.02383830
23.87000000	-0.02479477
23.88000000	-0.02581501
23.89000000	-0.02681073
23.90000000	-0.02769853
23.91000000	-0.02836561
23.92000000	-0.02870406
23.93000000	-0.02873839
23.94000000	-0.02848333
23.95000000	-0.02798302
23.96000000	-0.02728651
23.97000000	-0.02653605
23.98000000	-0.02586897
23.99000000	-0.02534413
24.00000000	-0.02503021
24.01000000	-0.02492721
24.02000000	-0.02503512
24.03000000	-0.02522641
24.04000000	-0.02537356
24.05000000	-0.02526565
24.06000000	-0.02468686
24.07000000	-0.02358814
24.08000000	-0.02192535
24.09000000	-0.01979658
24.10000000	-0.01729012
24.11000000	-0.01445994
24.12000000	-0.01136979
24.13000000	-0.00809815
24.14000000	-0.00472351
24.15000000	-0.00133416
24.16000000	0.00198653
24.17000000	0.00517478
24.18000000	0.00816683
24.19000000	0.01100192
24.20000000	0.01371929
24.21000000	0.01637780
24.22000000	0.01903631
24.23000000	0.02169482
24.24000000	0.02435823
24.25000000	0.02692845
24.26000000	0.02930738
24.27000000	0.03139200
24.28000000	0.03307442
24.29000000	0.03431048
24.30000000	0.03505604
24.31000000	0.03535034
24.32000000	0.03523262
24.33000000	0.03479607
24.34000000	0.03413880
24.35000000	0.03333438
24.36000000	0.03245148
24.37000000	0.03156368
24.38000000	0.03073964
24.39000000	0.02994993
24.40000000	0.02917004
24.41000000	0.02834109
24.42000000	0.02739933
24.43000000	0.02631533
24.44000000	0.02506455
24.45000000	0.02365191
24.46000000	0.02207741
24.47000000	0.02036556
24.48000000	0.01854581
24.49000000	0.01671624
24.50000000	0.01497987
24.51000000	0.01339556
24.52000000	0.01201725
24.53000000	0.01086948
24.54000000	0.00997677
24.55000000	0.00930479
24.56000000	0.00881919
24.57000000	0.00843660
24.58000000	0.00807363
24.59000000	0.00768123
24.60000000	0.00721526
24.61000000	0.00671004
24.62000000	0.00619502
24.63000000	0.00567999
24.64000000	0.00516987
24.65000000	0.00463523
24.66000000	0.00405153
24.67000000	0.00343841
24.68000000	0.00281057
24.69000000	0.00212877
24.70000000	0.00135378
24.71000000	0.00046598
24.72000000	-0.00054936
24.73000000	-0.00163827
24.74000000	-0.00274189
24.75000000	-0.00383571
24.76000000	-0.00490500
24.77000000	-0.00591052
24.78000000	-0.00681304
24.79000000	-0.00756351
24.80000000	-0.00811287
24.81000000	-0.00845622
24.82000000	-0.00857884
24.83000000	-0.00849546
24.84000000	-0.00822568
24.85000000	-0.00781366
24.86000000	-0.00729864
24.87000000	-0.00672966
24.88000000	-0.00616068
24.89000000	-0.00565056
24.90000000	-0.00525325
24.91000000	-0.00500800
24.92000000	-0.00495405
24.93000000	-0.00507667
24.94000000	-0.00537097
24.95000000	-0.00576337
24.96000000	-0.00617539
24.97000000	-0.00656779
24.98000000	-0.00689643
24.99000000	-0.00708772
25.00000000	-0.00706810
25.01000000	-0.00678852
25.02000000	-0.00620973
25.03000000	-0.00539550
25.04000000	-0.00440959
25.05000000	-0.00324711
25.06000000	-0.00190314
25.07000000	-0.00042673
25.08000000	0.00113306
25.09000000	0.00273209
25.10000000	0.00433112
25.11000000	0.00590072
25.12000000	0.00740655
25.13000000	0.00884862
25.14000000	0.01023183
25.15000000	0.01154637
25.16000000	0.01277753
25.17000000	0.01389587
25.18000000	0.01487196
25.19000000	0.01573524
25.20000000	0.01652495
25.21000000	0.01722146
25.22000000	0.01780025
25.23000000	0.01827113
25.24000000	0.01864391
25.25000000	0.01895783
25.26000000	0.01925213
25.27000000	0.01953171
25.28000000	0.01980149
25.29000000	0.02007126
25.30000000	0.02035575
25.31000000	0.02062062
25.32000000	0.02082663
25.33000000	0.02091492
25.34000000	0.02082663
25.35000000	0.02052252
25.36000000	0.01995845
25.37000000	0.01915403
25.38000000	0.01813869
25.39000000	0.01697621
25.40000000	0.01572543
25.41000000	0.01443051
25.42000000	0.01313069
25.43000000	0.01185539
25.44000000	0.01063404
25.45000000	0.00947646
25.46000000	0.00839246
25.47000000	0.00739184
25.48000000	0.00649422
25.49000000	0.00568980
25.50000000	0.00496386
25.51000000	0.00426245
25.52000000	0.00353160
25.53000000	0.00279585
25.54000000	0.00208463
25.55000000	0.00143226
25.56000000	0.00086819
25.57000000	0.00036788
25.58000000	-0.00009810
25.59000000	-0.00050031
25.60000000	-0.00079951
25.61000000	-0.00102514
25.62000000	-0.00121153
25.63000000	-0.00144207
25.64000000	-0.00180013
25.65000000	-0.00234949
25.66000000	-0.00315391
25.67000000	-0.00422320
25.68000000	-0.00556227
25.69000000	-0.00715149
25.70000000	-0.00897615
25.71000000	-0.01098229
25.72000000	-0.01311597
25.73000000	-0.01530850
25.74000000	-0.01749613
25.75000000	-0.01961509
25.76000000	-0.02159671
25.77000000	-0.02341156
25.78000000	-0.02503021
25.79000000	-0.02650662
25.80000000	-0.02788983
25.81000000	-0.02921418
25.82000000	-0.03051891
25.83000000	-0.03180892
25.84000000	-0.03308913
25.85000000	-0.03430066
25.86000000	-0.03538467
25.87000000	-0.03629700
25.88000000	-0.03699351
25.89000000	-0.03750853
25.90000000	-0.03787641
25.91000000	-0.03814618
25.92000000	-0.03836691
25.93000000	-0.03858273
25.94000000	-0.03883288
25.95000000	-0.03911737
25.96000000	-0.03944601
25.97000000	-0.03975012
25.98000000	-0.03995613
25.99000000	-0.03998556
26.00000000	-0.03976483
26.01000000	-0.03923509
26.02000000	-0.03833257
26.03000000	-0.03706708
26.04000000	-0.03544843
26.05000000	-0.03349134
26.06000000	-0.03120561
26.07000000	-0.02867953
26.08000000	-0.02601121
26.09000000	-0.02335270
26.10000000	-0.02085606
26.11000000	-0.01858995
26.12000000	-0.01661814
26.13000000	-0.01493572
26.14000000	-0.01353780
26.15000000	-0.01239003
26.16000000	-0.01145808
26.17000000	-0.01069780
26.18000000	-0.01006996
26.19000000	-0.00955984
26.20000000	-0.00914782
26.21000000	-0.00887314
26.22000000	-0.00877504
26.23000000	-0.00886824
26.24000000	-0.00916254
26.25000000	-0.00966775
26.26000000	-0.01039860
26.27000000	-0.01130602
26.28000000	-0.01234098
26.29000000	-0.01345932
26.30000000	-0.01461690
26.31000000	-0.01573524
26.32000000	-0.01673095
26.33000000	-0.01751085
26.34000000	-0.01798663
26.35000000	-0.01818774
26.36000000	-0.01813869
26.37000000	-0.01786891
26.38000000	-0.01741275
26.39000000	-0.01681924
26.40000000	-0.01613745
26.41000000	-0.01537717
26.42000000	-0.01454332
26.43000000	-0.01363590
26.44000000	-0.01265490
26.45000000	-0.01163956
26.46000000	-0.01063894
26.47000000	-0.00968247
26.48000000	-0.00879466
26.49000000	-0.00802948
26.50000000	-0.00744088
26.51000000	-0.00700434
26.52000000	-0.00669532
26.53000000	-0.00648441
26.54000000	-0.00634216
26.55000000	-0.00626368
26.56000000	-0.00624406
26.57000000	-0.00624406
26.58000000	-0.00622935
26.59000000	-0.00620482
26.60000000	-0.00617049
26.61000000	-0.00618520
26.62000000	-0.00630292
26.63000000	-0.00656779
26.64000000	-0.00702396
26.65000000	-0.00766161
26.66000000	-0.00848074
26.67000000	-0.00946174
26.68000000	-0.01058499
26.69000000	-0.01179652
26.70000000	-0.01304239
26.71000000	-0.01427845
26.72000000	-0.01545565
26.73000000	-0.01655928
26.74000000	-0.01757461
26.75000000	-0.01850656
26.76000000	-0.01935513
26.77000000	-0.02007126
26.78000000	-0.02060590
26.79000000	-0.02091492
26.80000000	-0.02095906
26.81000000	-0.02075796
26.82000000	-0.02033613
26.83000000	-0.01968376
26.84000000	-0.01878615
26.85000000	-0.01768252
26.86000000	-0.01641213
26.87000000	-0.01499949
26.88000000	-0.01346422
26.89000000	-0.01183576
26.90000000	-0.01014844
26.91000000	-0.00844150
26.92000000	-0.00674928
26.93000000	-0.00503743
26.94000000	-0.00327654
26.95000000	-0.00149112
26.96000000	0.00029430
26.97000000	0.00207482
26.98000000	0.00385043
26.99000000	0.00562604
27.00000000	0.00740165
27.01000000	0.00917235
27.02000000	0.01093325
27.03000000	0.01268433
27.04000000	0.01442561
27.05000000	0.01612274
27.06000000	0.01774629
27.07000000	0.01926194
27.08000000	0.02063534
27.09000000	0.02189592
27.10000000	0.02306822
27.11000000	0.02415713
27.12000000	0.02517246
27.13000000	0.02617799
27.14000000	0.02723747
27.15000000	0.02833619
27.16000000	0.02945453
27.17000000	0.03050420
27.18000000	0.03139691
27.19000000	0.03208361
27.20000000	0.03252015
27.21000000	0.03271145
27.22000000	0.03265259
27.23000000	0.03239262
27.24000000	0.03198551
27.25000000	0.03151463
27.26000000	0.03106337
27.27000000	0.03069059
27.28000000	0.03045515
27.29000000	0.03031290
27.30000000	0.03021971
27.31000000	0.03010199
27.32000000	0.02988617
27.33000000	0.02954772
27.34000000	0.02906213
27.35000000	0.02841957
27.36000000	0.02760534
27.37000000	0.02661944
27.38000000	0.02546676
27.39000000	0.02418165
27.40000000	0.02279844
27.41000000	0.02127789
27.42000000	0.01958076
27.43000000	0.01774629
27.44000000	0.01580882
27.45000000	0.01379286
27.46000000	0.01173276
27.47000000	0.00969719
27.48000000	0.00775481
27.49000000	0.00591053
27.50000000	0.00416435
27.51000000	0.00244760
27.52000000	0.00069161
27.53000000	-0.00111834
27.54000000	-0.00299695
27.55000000	-0.00493443
27.56000000	-0.00691605
27.57000000	-0.00891238
27.58000000	-0.01089400
27.59000000	-0.01281676
27.60000000	-0.01463652
27.61000000	-0.01630422
27.62000000	-0.01777572
27.63000000	-0.01905592
27.64000000	-0.02015464
27.65000000	-0.02103754
27.66000000	-0.02167029
27.67000000	-0.02206759
27.68000000	-0.02223927
27.69000000	-0.02221965
27.70000000	-0.02204307
27.71000000	-0.02175367
27.72000000	-0.02139561
27.73000000	-0.02094925
27.74000000	-0.02039008
27.75000000	-0.01974753
27.76000000	-0.01905102
27.77000000	-0.01827603
27.78000000	-0.01740784
27.79000000	-0.01647099
27.80000000	-0.01548508
27.81000000	-0.01446975
27.82000000	-0.01343970
27.83000000	-0.01234588
27.84000000	-0.01113925
27.85000000	-0.00981490
27.86000000	-0.00837283
27.87000000	-0.00679342
27.88000000	-0.00505705
27.89000000	-0.00317353
27.90000000	-0.00115758
27.91000000	0.00093195
27.92000000	0.00304110
27.93000000	0.00510611
27.94000000	0.00706811
27.95000000	0.00884862
27.96000000	0.01036917
27.97000000	0.01160033
27.98000000	0.01250285
27.99000000	0.01313069
28.00000000	0.01354761
28.01000000	0.01372910
28.02000000	0.01365062
28.03000000	0.01338575
28.04000000	0.01300316
28.05000000	0.01258623
28.06000000	0.01221345
28.07000000	0.01192406
28.08000000	0.01176710
28.09000000	0.01167881
28.10000000	0.01159542
28.11000000	0.01148261
28.12000000	0.01129622
28.13000000	0.01097739
28.14000000	0.01046727
28.15000000	0.00972662
28.16000000	0.00871619
28.17000000	0.00745070
28.18000000	0.00594486
28.19000000	0.00421340
28.20000000	0.00227592
28.21000000	0.00020111
28.22000000	-0.00194238
28.23000000	-0.00408586
28.24000000	-0.00616068
28.25000000	-0.00809815
28.26000000	-0.00982962
28.27000000	-0.01137960
28.28000000	-0.01277262
28.29000000	-0.01403320
28.30000000	-0.01518588
28.31000000	-0.01626498
28.32000000	-0.01730484
28.33000000	-0.01828584
28.34000000	-0.01919326
28.35000000	-0.02002221
28.36000000	-0.02076286
28.37000000	-0.02146918
28.38000000	-0.02219022
28.39000000	-0.02293087
28.40000000	-0.02370096
28.41000000	-0.02445142
28.42000000	-0.02512831
28.43000000	-0.02569239
28.44000000	-0.02611422
28.45000000	-0.02632023
28.46000000	-0.02623194
28.47000000	-0.02581011
28.48000000	-0.02501550
28.49000000	-0.02384320
28.50000000	-0.02228832
28.51000000	-0.02040480
28.52000000	-0.01824169
28.53000000	-0.01587748
28.54000000	-0.01339065
28.55000000	-0.01080081
28.56000000	-0.00813739
28.57000000	-0.00547888
28.58000000	-0.00290376
28.59000000	-0.00044145
28.60000000	0.00188352
28.61000000	0.00402210
28.62000000	0.00592034
28.63000000	0.00750465
28.64000000	0.00871128
28.65000000	0.00955985
28.66000000	0.01006506
28.67000000	0.01024655
28.68000000	0.01012883
28.69000000	0.00975114
28.70000000	0.00915273
28.71000000	0.00840227
28.72000000	0.00756842
28.73000000	0.00676400
28.74000000	0.00609692
28.75000000	0.00566528
28.76000000	0.00556718
28.77000000	0.00581733
28.78000000	0.00643536
28.79000000	0.00741636
28.80000000	0.00875052
28.81000000	0.01040841
28.82000000	0.01235570
28.83000000	0.01448937
28.84000000	0.01671624
28.85000000	0.01892349
28.86000000	0.02099831
28.87000000	0.02289654
28.88000000	0.02456424
28.89000000	0.02600141
28.90000000	0.02720804
28.91000000	0.02821356
28.92000000	0.02905232
28.93000000	0.02975373
28.94000000	0.03035214
28.95000000	0.03087698
28.96000000	0.03134786
28.97000000	0.03174516
28.98000000	0.03205418
28.99000000	0.03227981
29.00000000	0.03242205
29.01000000	0.03245148
29.02000000	0.03234357
29.03000000	0.03205908
29.04000000	0.03155877
29.05000000	0.03091131
29.06000000	0.03018537
29.07000000	0.02945453
29.08000000	0.02879235
29.09000000	0.02822337
29.10000000	0.02777211
29.11000000	0.02737971
29.12000000	0.02698731
29.13000000	0.02660472
29.14000000	0.02623685
29.15000000	0.02585426
29.16000000	0.02542752
29.17000000	0.02491250
29.18000000	0.02426994
29.19000000	0.02350476
29.20000000	0.02262186
29.21000000	0.02158200
29.22000000	0.02034104
29.23000000	0.01893330
29.24000000	0.01739313
29.25000000	0.01576467
29.26000000	0.01409697
29.27000000	0.01243908
29.28000000	0.01084496
29.29000000	0.00932931
29.30000000	0.00790196
29.31000000	0.00653346
29.32000000	0.00519440
29.33000000	0.00387986
29.34000000	0.00258984
29.35000000	0.00134397
29.36000000	0.00015696
29.37000000	-0.00097609
29.38000000	-0.00206500
29.39000000	-0.00308034
29.40000000	-0.00398776
29.41000000	-0.00476275
29.42000000	-0.00538569
29.43000000	-0.00590562
29.44000000	-0.00636669
29.45000000	-0.00679342
29.46000000	-0.00721525
29.47000000	-0.00763708
29.48000000	-0.00805891
29.49000000	-0.00845622
29.50000000	-0.00880447
29.51000000	-0.00913801
29.52000000	-0.00949608
29.53000000	-0.00983943
29.54000000	-0.01012392
29.55000000	-0.01033974
29.56000000	-0.01047708
29.57000000	-0.01053594
29.58000000	-0.01052122
29.59000000	-0.01044274
29.60000000	-0.01030050
29.61000000	-0.01014844
29.62000000	-0.01004053
29.63000000	-0.00994243
29.64000000	-0.00982471
29.65000000	-0.00970699
29.66000000	-0.00961380
29.67000000	-0.00956965
29.68000000	-0.00959418
29.69000000	-0.00966775
29.70000000	-0.00977076
29.71000000	-0.00988848
29.72000000	-0.01001110
29.73000000	-0.01003072
29.74000000	-0.00983452
29.75000000	-0.00942250
29.76000000	-0.00879466
29.77000000	-0.00799024
29.78000000	-0.00704848
29.79000000	-0.00600862
29.80000000	-0.00490990
29.81000000	-0.00382590
29.82000000	-0.00282528
29.83000000	-0.00198162
29.84000000	-0.00137340
29.85000000	-0.00102024
29.86000000	-0.00093685
29.87000000	-0.00104476
29.88000000	-0.00127530
29.89000000	-0.00159903
29.90000000	-0.00198652
29.91000000	-0.00239364
29.92000000	-0.00276642
29.93000000	-0.00306072
29.94000000	-0.00323730
29.95000000	-0.00329616
29.96000000	-0.00323730
29.97000000	-0.00312448
29.98000000	-0.00302148
29.99000000	-0.00291847
30.00000000	-0.00280075
30.01000000	-0.00272227
30.02000000	-0.00273699
30.03000000	-0.00285471
30.04000000	-0.00308524
30.05000000	-0.00339426
30.06000000	-0.00374742
30.07000000	-0.00416434
30.08000000	-0.00466956
30.09000000	-0.00526797
30.10000000	-0.00596448
30.11000000	-0.00674437
30.12000000	-0.00759294
30.13000000	-0.00839245
30.14000000	-0.00903010
30.15000000	-0.00953532
30.16000000	-0.00993262
30.17000000	-0.01021711
30.18000000	-0.01038388
30.19000000	-0.01042312
30.20000000	-0.01032502
30.21000000	-0.01014844
30.22000000	-0.00995715
30.23000000	-0.00980509
30.24000000	-0.00974133
30.25000000	-0.00982471
30.26000000	-0.01011411
30.27000000	-0.01055065
30.28000000	-0.01108039
30.29000000	-0.01169842
30.30000000	-0.01239003
30.31000000	-0.01310125
30.32000000	-0.01377814
30.33000000	-0.01436674
30.34000000	-0.01481800
30.35000000	-0.01512211
30.36000000	-0.01526926
30.37000000	-0.01526436
30.38000000	-0.01511230
30.39000000	-0.01484253
30.40000000	-0.01448937
30.41000000	-0.01407735
30.42000000	-0.01362609
30.43000000	-0.01319445
30.44000000	-0.01284129
30.45000000	-0.01257151
30.46000000	-0.01239003
30.47000000	-0.01233607
30.48000000	-0.01245379
30.49000000	-0.01273338
30.50000000	-0.01316011
30.51000000	-0.01374381
30.52000000	-0.01449427
30.53000000	-0.01540660
30.54000000	-0.01647099
30.55000000	-0.01763347
30.56000000	-0.01884501
30.57000000	-0.02013502
30.58000000	-0.02153295
30.59000000	-0.02296030
30.60000000	-0.02433861
30.61000000	-0.02564824
30.62000000	-0.02686468
30.63000000	-0.02798302
30.64000000	-0.02899836
30.65000000	-0.02986654
30.66000000	-0.03054834
30.67000000	-0.03105355
30.68000000	-0.03139200
30.69000000	-0.03155877
30.70000000	-0.03155386
30.71000000	-0.03138709
30.72000000	-0.03105846
30.73000000	-0.03054343
30.74000000	-0.02982240
30.75000000	-0.02890026
30.76000000	-0.02778192
30.77000000	-0.02652624
30.78000000	-0.02519208
30.79000000	-0.02380887
30.80000000	-0.02240113
30.81000000	-0.02099340
30.82000000	-0.01961019
30.83000000	-0.01827603
30.84000000	-0.01701544
30.85000000	-0.01577448
30.86000000	-0.01450408
30.87000000	-0.01319445
30.88000000	-0.01183086
30.89000000	-0.01038388
30.90000000	-0.00882409
30.91000000	-0.00720544
30.92000000	-0.00558679
30.93000000	-0.00400248
30.94000000	-0.00249174
30.95000000	-0.00106438
30.96000000	0.00027959
30.97000000	0.00150584
30.98000000	0.00257513
30.99000000	0.00354141
31.00000000	0.00446355
31.01000000	0.00532193
31.02000000	0.00609692
31.03000000	0.00681795
31.04000000	0.00750956
31.05000000	0.00818154
31.06000000	0.00884372
31.07000000	0.00948627
31.08000000	0.01009940
31.09000000	0.01063404
31.10000000	0.01103625
31.11000000	0.01130112
31.12000000	0.01142865
31.13000000	0.01144827
31.14000000	0.01139432
31.15000000	0.01128150
31.16000000	0.01112454
31.17000000	0.01096268
31.18000000	0.01083024
31.19000000	0.01071252
31.20000000	0.01059480
31.21000000	0.01049180
31.22000000	0.01041822
31.23000000	0.01035936
31.24000000	0.01030541
31.25000000	0.01022202
31.26000000	0.01007487
31.27000000	0.00987377
31.28000000	0.00962361
31.29000000	0.00932931
31.30000000	0.00899577
31.31000000	0.00860828
31.32000000	0.00815702
31.33000000	0.00766652
31.34000000	0.00715640
31.35000000	0.00662175
31.36000000	0.00605768
31.37000000	0.00546908
31.38000000	0.00485595
31.39000000	0.00423792
31.40000000	0.00363951
31.41000000	0.00309015
31.42000000	0.00261927
31.43000000	0.00227102
31.44000000	0.00208953
31.45000000	0.00204539
31.46000000	0.00210425
31.47000000	0.00230535
31.48000000	0.00268794
31.49000000	0.00321768
31.50000000	0.00386514
31.51000000	0.00455675
31.52000000	0.00522383
31.53000000	0.00583695
31.54000000	0.00636179
31.55000000	0.00676400
31.56000000	0.00700925
31.57000000	0.00714659
31.58000000	0.00722016
31.59000000	0.00727412
31.60000000	0.00735750
31.61000000	0.00752427
31.62000000	0.00782348
31.63000000	0.00826983
31.64000000	0.00887805
31.65000000	0.00960890
31.66000000	0.01042803
31.67000000	0.01127660
31.68000000	0.01210064
31.69000000	0.01289525
31.70000000	0.01364571
31.71000000	0.01437165
31.72000000	0.01509759
31.73000000	0.01587258
31.74000000	0.01674077
31.75000000	0.01762857
31.76000000	0.01847223
31.77000000	0.01926194
31.78000000	0.01998788
31.79000000	0.02063534
31.80000000	0.02118470
31.81000000	0.02160162
31.82000000	0.02185668
31.83000000	0.02200874
31.84000000	0.02211174
31.85000000	0.02213627
31.86000000	0.02205779
31.87000000	0.02193026
31.88000000	0.02180273
31.89000000	0.02163596
31.90000000	0.02139071
31.91000000	0.02105717
31.92000000	0.02063043
31.93000000	0.02015955
31.94000000	0.01968377
31.95000000	0.01924232
31.96000000	0.01887935
31.97000000	0.01859486
31.98000000	0.01839375
31.99000000	0.01831527
32.00000000	0.01839375
32.01000000	0.01856543
32.02000000	0.01876653
32.03000000	0.01898726
32.04000000	0.01921779
32.05000000	0.01941890
32.06000000	0.01955133
32.07000000	0.01961019
32.08000000	0.01959548
32.09000000	0.01952681
32.10000000	0.01942380
32.11000000	0.01927175
32.12000000	0.01905102
32.13000000	0.01881068
32.14000000	0.01859976
32.15000000	0.01841337
32.16000000	0.01824660
32.17000000	0.01809455
32.18000000	0.01794740
32.19000000	0.01779044
32.20000000	0.01761386
32.21000000	0.01738332
32.22000000	0.01706450
32.23000000	0.01661324
32.24000000	0.01598540
32.25000000	0.01531832
32.26000000	0.01474934
32.27000000	0.01423922
32.28000000	0.01375362
32.29000000	0.01330727
32.30000000	0.01290996
32.31000000	0.01253718
32.32000000	0.01216931
32.33000000	0.01182596
32.34000000	0.01152185
32.35000000	0.01121774
32.36000000	0.01087929
32.37000000	0.01046727
32.38000000	0.00994244
32.39000000	0.00929988
32.40000000	0.00853470
32.41000000	0.00761256
32.42000000	0.00649913
32.43000000	0.00521402
32.44000000	0.00377195
32.45000000	0.00217782
32.46000000	0.00043655
32.47000000	-0.00138811
32.48000000	-0.00322749
32.49000000	-0.00504724
32.50000000	-0.00681304
32.51000000	-0.00849546
32.52000000	-0.01007487
32.53000000	-0.01157580
32.54000000	-0.01301787
32.55000000	-0.01446484
32.56000000	-0.01598049
32.57000000	-0.01759914
32.58000000	-0.01936003
32.59000000	-0.02121903
32.60000000	-0.02313198
32.61000000	-0.02511850
32.62000000	-0.02719822
32.63000000	-0.02927794
32.64000000	-0.03125956
32.65000000	-0.03307441
32.66000000	-0.03464892
32.67000000	-0.03599289
32.68000000	-0.03712104
32.69000000	-0.03802356
32.70000000	-0.03868573
32.71000000	-0.03913209
32.72000000	-0.03938715
32.73000000	-0.03942148
32.74000000	-0.03920566
32.75000000	-0.03879364
32.76000000	-0.03824428
32.77000000	-0.03756739
32.78000000	-0.03677278
32.79000000	-0.03583593
32.80000000	-0.03473230
32.81000000	-0.03348643
32.82000000	-0.03212284
32.83000000	-0.03065134
32.84000000	-0.02908174
32.85000000	-0.02741404
32.86000000	-0.02564334
32.87000000	-0.02378925
32.88000000	-0.02187630
32.89000000	-0.01993392
32.90000000	-0.01798663
32.91000000	-0.01604916
32.92000000	-0.01413621
32.93000000	-0.01224778
32.94000000	-0.01038879
32.95000000	-0.00857884
32.96000000	-0.00683757
32.97000000	-0.00513063
32.98000000	-0.00342859
32.99000000	-0.00176089
33.00000000	-0.00015696
33.01000000	0.00135378
33.02000000	0.00274680
33.03000000	0.00401720
33.04000000	0.00516006
33.05000000	0.00617540
33.06000000	0.00706320
33.07000000	0.00784310
33.08000000	0.00852980
33.09000000	0.00912330
33.10000000	0.00962852
33.11000000	0.01004054
33.12000000	0.01035936
33.13000000	0.01061442
33.14000000	0.01083024
33.15000000	0.01099701
33.16000000	0.01110492
33.17000000	0.01112454
33.18000000	0.01103135
33.19000000	0.01087929
33.20000000	0.01071252
33.21000000	0.01050161
33.22000000	0.01022202
33.23000000	0.00989829
33.24000000	0.00955494
33.25000000	0.00915273
33.26000000	0.00865242
33.27000000	0.00808344
33.28000000	0.00747522
33.29000000	0.00684738
33.30000000	0.00621954
33.31000000	0.00562113
33.32000000	0.00508158
33.33000000	0.00462051
33.34000000	0.00425754
33.35000000	0.00398777
33.36000000	0.00380628
33.37000000	0.00367875
33.38000000	0.00357084
33.39000000	0.00346293
33.40000000	0.00334031
33.41000000	0.00321278
33.42000000	0.00308525
33.43000000	0.00295281
33.44000000	0.00281057
33.45000000	0.00267323
33.46000000	0.00255551
33.47000000	0.00246722
33.48000000	0.00241326
33.49000000	0.00241817
33.50000000	0.00251627
33.51000000	0.00269285
33.52000000	0.00292829
33.53000000	0.00320297
33.54000000	0.00349236
33.55000000	0.00376214
33.56000000	0.00398777
33.57000000	0.00417906
33.58000000	0.00434093
33.59000000	0.00443412
33.60000000	0.00442431
33.61000000	0.00433112
33.62000000	0.00416435
33.63000000	0.00390438
33.64000000	0.00354141
33.65000000	0.00310977
33.66000000	0.00263889
33.67000000	0.00216801
33.68000000	0.00173147
33.69000000	0.00134888
33.70000000	0.00104477
33.71000000	0.00083876
33.72000000	0.00075047
33.73000000	0.00077990
33.74000000	0.00092214
33.75000000	0.00114287
33.76000000	0.00141755
33.77000000	0.00168732
33.78000000	0.00189333
33.79000000	0.00203067
33.80000000	0.00208953
33.81000000	0.00206501
33.82000000	0.00195219
33.83000000	0.00176090
33.84000000	0.00150093
33.85000000	0.00120173
33.86000000	0.00088781
33.87000000	0.00055917
33.88000000	0.00022073
33.89000000	-0.00012262
33.90000000	-0.00047088
33.91000000	-0.00082404
33.92000000	-0.00117229
33.93000000	-0.00148621
33.94000000	-0.00173637
33.95000000	-0.00192276
33.96000000	-0.00204538
33.97000000	-0.00213858
33.98000000	-0.00224158
33.99000000	-0.00233968
34.00000000	-0.00241816
34.01000000	-0.00249174
34.02000000	-0.00257512
34.03000000	-0.00264379
34.04000000	-0.00267813
34.05000000	-0.00265360
34.06000000	-0.00254079
34.07000000	-0.00236421
34.08000000	-0.00215329
34.09000000	-0.00189823
34.10000000	-0.00158431
34.11000000	-0.00128020
34.12000000	-0.00105948
34.13000000	-0.00087799
34.14000000	-0.00069160
34.15000000	-0.00044635
34.16000000	-0.00008829
34.17000000	0.00032373
34.18000000	0.00073085
34.19000000	0.00121154
34.20000000	0.00184428
34.21000000	0.00259475
34.22000000	0.00343350
34.23000000	0.00435564
34.24000000	0.00535136
34.25000000	0.00642555
34.26000000	0.00759294
34.27000000	0.00880448
34.28000000	0.01000620
34.29000000	0.01117850
34.30000000	0.01230665
34.31000000	0.01335632
34.32000000	0.01428827
34.33000000	0.01511231
34.34000000	0.01583334
34.35000000	0.01643175
34.36000000	0.01689282
34.37000000	0.01724108
34.38000000	0.01750595
34.39000000	0.01769724
34.40000000	0.01781987
34.41000000	0.01786892
34.42000000	0.01784439
34.43000000	0.01775610
34.44000000	0.01760405
34.45000000	0.01738823
34.46000000	0.01711355
34.47000000	0.01681925
34.48000000	0.01654947
34.49000000	0.01631403
34.50000000	0.01612274
34.51000000	0.01599521
34.52000000	0.01595106
34.53000000	0.01594125
34.54000000	0.01591673
34.55000000	0.01587749
34.56000000	0.01581863
34.57000000	0.01568129
34.58000000	0.01540170
34.59000000	0.01496516
34.60000000	0.01436184
34.61000000	0.01362119
34.62000000	0.01277262
34.63000000	0.01181124
34.64000000	0.01072724
34.65000000	0.00958437
34.66000000	0.00844641
34.67000000	0.00732317
34.68000000	0.00622445
34.69000000	0.00513063
34.70000000	0.00402701
34.71000000	0.00292829
34.72000000	0.00184428
34.73000000	0.00077009
34.74000000	-0.00029920
34.75000000	-0.00133416
34.76000000	-0.00230535
34.77000000	-0.00323239
34.78000000	-0.00413001
34.79000000	-0.00495405
34.80000000	-0.00566037
34.81000000	-0.00624406
34.82000000	-0.00669532
34.83000000	-0.00703867
34.84000000	-0.00729864
34.85000000	-0.00752427
34.86000000	-0.00776952
34.87000000	-0.00804910
34.88000000	-0.00837774
34.89000000	-0.00873580
34.90000000	-0.00910368
34.91000000	-0.00950589
34.92000000	-0.00996696
34.93000000	-0.01043293
34.94000000	-0.01084986
34.95000000	-0.01121283
34.96000000	-0.01151694
34.97000000	-0.01176219
34.98000000	-0.01195348
34.99000000	-0.01206630
35.00000000	-0.01207120
35.01000000	-0.01198291
35.02000000	-0.01181614
35.03000000	-0.01160032
35.04000000	-0.01136979
35.05000000	-0.01111473
35.06000000	-0.01081552
35.07000000	-0.01049670
35.08000000	-0.01018768
35.09000000	-0.00988848
35.10000000	-0.00959418
35.11000000	-0.00931950
35.12000000	-0.00908896
35.13000000	-0.00883390
35.14000000	-0.00848074
35.15000000	-0.00805401
35.16000000	-0.00757822
35.17000000	-0.00711715
35.18000000	-0.00673456
35.19000000	-0.00645988
35.20000000	-0.00632254
35.21000000	-0.00631273
35.22000000	-0.00642064
35.23000000	-0.00662665
35.24000000	-0.00691114
35.25000000	-0.00726430
35.26000000	-0.00767632
35.27000000	-0.00809815
35.28000000	-0.00848074
35.29000000	-0.00884371
35.30000000	-0.00921159
35.31000000	-0.00957946
35.32000000	-0.00993753
35.33000000	-0.01024654
35.34000000	-0.01046236
35.35000000	-0.01061932
35.36000000	-0.01075666
35.37000000	-0.01093815
35.38000000	-0.01122264
35.39000000	-0.01154637
35.40000000	-0.01185048
35.41000000	-0.01218402
35.42000000	-0.01259113
35.43000000	-0.01302277
35.44000000	-0.01343970
35.45000000	-0.01379286
35.46000000	-0.01402339
35.47000000	-0.01409206
35.48000000	-0.01395963
35.49000000	-0.01358685
35.50000000	-0.01293939
35.51000000	-0.01206139
35.52000000	-0.01099701
35.53000000	-0.00975604
35.54000000	-0.00834340
35.55000000	-0.00684247
35.56000000	-0.00534154
35.57000000	-0.00388966
35.58000000	-0.00253098
35.59000000	-0.00128511
35.60000000	-0.00017658
35.61000000	0.00080933
35.62000000	0.00168732
35.63000000	0.00249665
35.64000000	0.00328145
35.65000000	0.00403682
35.66000000	0.00474804
35.67000000	0.00542984
35.68000000	0.00610182
35.69000000	0.00672966
35.70000000	0.00727902
35.71000000	0.00775481
35.72000000	0.00816192
35.73000000	0.00848075
35.74000000	0.00869166
35.75000000	0.00874562
35.76000000	0.00859847
35.77000000	0.00828455
35.78000000	0.00783329
35.79000000	0.00727412
35.80000000	0.00664137
35.81000000	0.00596448
35.82000000	0.00526797
35.83000000	0.00459599
35.84000000	0.00398777
35.85000000	0.00345312
35.86000000	0.00300677
35.87000000	0.00262418
35.88000000	0.00227592
35.89000000	0.00194238
35.90000000	0.00160884
35.91000000	0.00127530
35.92000000	0.00094176
35.93000000	0.00059841
35.94000000	0.00024035
35.95000000	-0.00011772
35.96000000	-0.00046597
35.97000000	-0.00076518
35.98000000	-0.00097119
35.99000000	-0.00110853
36.00000000	-0.00120663
36.01000000	-0.00130473
36.02000000	-0.00143716
36.03000000	-0.00159412
36.04000000	-0.00177561
36.05000000	-0.00195709
36.06000000	-0.00210915
36.07000000	-0.00221706
36.08000000	-0.00226611
36.09000000	-0.00224649
36.10000000	-0.00215329
36.11000000	-0.00197671
36.12000000	-0.00170203
36.13000000	-0.00130473
36.14000000	-0.00076027
36.15000000	-0.00012262
36.16000000	0.00055917
36.17000000	0.00130473
36.18000000	0.00212877
36.19000000	0.00302148
36.20000000	0.00397305
36.21000000	0.00498839
36.22000000	0.00606749
36.23000000	0.00721526
36.24000000	0.00844151
36.25000000	0.00971681
36.26000000	0.01101663
36.27000000	0.01230665
36.28000000	0.01354271
36.29000000	0.01467576
36.30000000	0.01566167
36.31000000	0.01651023
36.32000000	0.01723127
36.33000000	0.01783949
36.34000000	0.01834961
36.35000000	0.01877144
36.36000000	0.01911969
36.37000000	0.01936004
36.38000000	0.01945814
36.39000000	0.01947285
36.40000000	0.01945814
36.41000000	0.01940418
36.42000000	0.01930118
36.43000000	0.01914912
36.44000000	0.01894311
36.45000000	0.01871258
36.46000000	0.01848695
36.47000000	0.01824170
36.48000000	0.01796211
36.49000000	0.01767272
36.50000000	0.01739313
36.51000000	0.01711355
36.52000000	0.01681925
36.53000000	0.01649552
36.54000000	0.01612764
36.55000000	0.01570091
36.56000000	0.01520550
36.57000000	0.01462181
36.58000000	0.01393020
36.59000000	0.01316993
36.60000000	0.01238022
36.61000000	0.01161995
36.62000000	0.01095287
36.63000000	0.01040351
36.64000000	0.00999149
36.65000000	0.00972171
36.66000000	0.00960399
36.67000000	0.00960890
36.68000000	0.00970700
36.69000000	0.00985415
36.70000000	0.01000130
36.71000000	0.01012392
36.72000000	0.01020240
36.73000000	0.01022693
36.74000000	0.01018278
36.75000000	0.01008959
36.76000000	0.00997187
36.77000000	0.00983943
36.78000000	0.00969719
36.79000000	0.00958437
36.80000000	0.00954023
36.81000000	0.00955985
36.82000000	0.00964323
36.83000000	0.00974624
36.84000000	0.00981491
36.85000000	0.00984924
36.86000000	0.00984924
36.87000000	0.00978057
36.88000000	0.00961380
36.89000000	0.00935384
36.90000000	0.00900558
36.91000000	0.00856904
36.92000000	0.00804420
36.93000000	0.00743598
36.94000000	0.00675419
36.95000000	0.00601844
36.96000000	0.00524835
36.97000000	0.00444884
36.98000000	0.00362480
36.99000000	0.00282528
37.00000000	0.00209444
37.01000000	0.00141755
37.02000000	0.00077990
37.03000000	0.00018639
37.04000000	-0.00035806
37.05000000	-0.00087799
37.06000000	-0.00139302
37.07000000	-0.00190804
37.08000000	-0.00243288
37.09000000	-0.00297243
37.10000000	-0.00353160
37.11000000	-0.00412020
37.12000000	-0.00475294
37.13000000	-0.00538569
37.14000000	-0.00596938
37.15000000	-0.00649912
37.16000000	-0.00697000
37.17000000	-0.00738202
37.18000000	-0.00774009
37.19000000	-0.00804420
37.20000000	-0.00828945
37.21000000	-0.00846112
37.22000000	-0.00854451
37.23000000	-0.00856413
37.24000000	-0.00854451
37.25000000	-0.00850036
37.26000000	-0.00844150
37.27000000	-0.00838755
37.28000000	-0.00836793
37.29000000	-0.00840226
37.30000000	-0.00850527
37.31000000	-0.00866223
37.32000000	-0.00885843
37.33000000	-0.00907915
37.34000000	-0.00930969
37.35000000	-0.00953532
37.36000000	-0.00974623
37.37000000	-0.00994734
37.38000000	-0.01013863
37.39000000	-0.01030050
37.40000000	-0.01041331
37.41000000	-0.01045255
37.42000000	-0.01039369
37.43000000	-0.01025635
37.44000000	-0.01006015
37.45000000	-0.00980019
37.46000000	-0.00947155
37.47000000	-0.00911839
37.48000000	-0.00878485
37.49000000	-0.00848565
37.50000000	-0.00824040
37.51000000	-0.00805401
37.52000000	-0.00793138
37.53000000	-0.00785290
37.54000000	-0.00779404
37.55000000	-0.00774009
37.56000000	-0.00768123
37.57000000	-0.00762727
37.58000000	-0.00758803
37.59000000	-0.00755860
37.60000000	-0.00752917
37.61000000	-0.00752917
37.62000000	-0.00759294
37.63000000	-0.00768123
37.64000000	-0.00775480
37.65000000	-0.00780385
37.66000000	-0.00781366
37.67000000	-0.00776461
37.68000000	-0.00763708
37.69000000	-0.00745560
37.70000000	-0.00724959
37.71000000	-0.00701415
37.72000000	-0.00673947
37.73000000	-0.00643045
37.74000000	-0.00609201
37.75000000	-0.00573394
37.76000000	-0.00537097
37.77000000	-0.00500310
37.78000000	-0.00462051
37.79000000	-0.00423792
37.80000000	-0.00387985
37.81000000	-0.00356103
37.82000000	-0.00329125
37.83000000	-0.00309015
37.84000000	-0.00297243
37.85000000	-0.00292338
37.86000000	-0.00293319
37.87000000	-0.00299205
37.88000000	-0.00309015
37.89000000	-0.00321277
37.90000000	-0.00334521
37.91000000	-0.00346783
37.92000000	-0.00355612
37.93000000	-0.00359046
37.94000000	-0.00355612
37.95000000	-0.00343840
37.96000000	-0.00321768
37.97000000	-0.00290866
37.98000000	-0.00253098
37.99000000	-0.00210424
38.00000000	-0.00164317
38.01000000	-0.00117229
38.02000000	-0.00072103
38.03000000	-0.00030411
38.04000000	0.00006377
38.05000000	0.00039240
38.06000000	0.00069651
38.07000000	0.00098100
38.08000000	0.00125078
38.09000000	0.00149603
38.10000000	0.00170204
38.11000000	0.00185900
38.12000000	0.00195710
38.13000000	0.00201596
38.14000000	0.00205520
38.15000000	0.00207482
38.16000000	0.00206991
38.17000000	0.00205029
38.18000000	0.00203067
38.19000000	0.00201596
38.20000000	0.00201105
38.21000000	0.00201105
38.22000000	0.00200615
38.23000000	0.00198162
38.24000000	0.00192767
38.25000000	0.00183938
38.26000000	0.00171185
38.27000000	0.00154508
38.28000000	0.00133907
38.29000000	0.00110363
38.30000000	0.00084366
38.31000000	0.00057389
38.32000000	0.00031883
38.33000000	0.00009810
38.34000000	-0.00006867
38.35000000	-0.00018148
38.36000000	-0.00024034
38.37000000	-0.00025996
38.38000000	-0.00025996
38.39000000	-0.00024034
38.40000000	-0.00019620
38.41000000	-0.00013243
38.42000000	-0.00006376
38.43000000	0.00000491
38.44000000	0.00007358
38.45000000	0.00014225
38.46000000	0.00021582
38.47000000	0.00029430
38.48000000	0.00037278
38.49000000	0.00045126
38.50000000	0.00052484
38.51000000	0.00058860
38.52000000	0.00064256
38.53000000	0.00069161
38.54000000	0.00074066
38.55000000	0.00078971
38.56000000	0.00083385
38.57000000	0.00086328
38.58000000	0.00087309
38.59000000	0.00085838
38.60000000	0.00080933
38.61000000	0.00074066
38.62000000	0.00066708
38.63000000	0.00058370
38.64000000	0.00049050
38.65000000	0.00039731
38.66000000	0.00030902
38.67000000	0.00022563
38.68000000	0.00014715
38.69000000	0.00006867
38.70000000	-0.00000981
38.71000000	-0.00008338
38.72000000	-0.00015205
38.73000000	-0.00022072
38.74000000	-0.00028939
38.75000000	-0.00035806
38.76000000	-0.00043164
38.77000000	-0.00051993
38.78000000	-0.00062784
38.79000000	-0.00075046
38.80000000	-0.00087799
38.81000000	-0.00100552
38.82000000	-0.00113796
38.83000000	-0.00127039
38.84000000	-0.00139302
38.85000000	-0.00150583
38.86000000	-0.00160884
38.87000000	-0.00169713
38.88000000	-0.00176580
38.89000000	-0.00182466
38.90000000	-0.00187861
38.91000000	-0.00193257
38.92000000	-0.00199143
38.93000000	-0.00204538
38.94000000	-0.00208953
38.95000000	-0.00212877
38.96000000	-0.00216310
38.97000000	-0.00218763
38.98000000	-0.00219744
38.99000000	-0.00219253
39.00000000	-0.00217782
39.01000000	-0.00215820
39.02000000	-0.00213858
39.03000000	-0.00211896
39.04000000	-0.00209934
39.05000000	-0.00207972
39.06000000	-0.00206010
39.07000000	-0.00204538
39.08000000	-0.00203557
39.09000000	-0.00202086
39.10000000	-0.00200124
39.11000000	-0.00197671
39.12000000	-0.00194238
39.13000000	-0.00189823
39.14000000	-0.00183937
39.15000000	-0.00176580
39.16000000	-0.00168241
39.17000000	-0.00158922
39.18000000	-0.00149112
39.19000000	-0.00138811
39.20000000	-0.00127530
39.21000000	-0.00115758
39.22000000	-0.00103986
39.23000000	-0.00092704
39.24000000	-0.00081913
39.25000000	-0.00071613
39.26000000	-0.00061803
39.27000000	-0.00052483
39.28000000	-0.00044145
39.29000000	-0.00036787
39.30000000	-0.00030411
39.31000000	-0.00025015
39.32000000	-0.00020601
39.33000000	-0.00016677
39.34000000	-0.00012753
39.35000000	-0.00009319
39.36000000	-0.00006376
39.37000000	-0.00003433
39.38000000	-0.00000981
39.39000000	0.00000981
39.40000000	0.00002943
39.41000000	0.00004905
39.42000000	0.00007358
39.43000000	0.00010301
39.44000000	0.00013244
39.45000000	0.00016187
39.46000000	0.00019130
39.47000000	0.00021582
39.48000000	0.00023544
39.49000000	0.00025506
39.50000000	0.00027468
39.51000000	0.00028940
39.52000000	0.00029921
39.53000000	0.00030902
39.54000000	0.00031883
39.55000000	0.00032373
39.56000000	0.00032373
39.57000000	0.00032373
39.58000000	0.00032373
39.59000000	0.00032373
39.60000000	0.00032373
39.61000000	0.00032373
39.62000000	0.00031883
39.63000000	0.00030902
39.64000000	0.00029921
39.65000000	0.00028940
39.66000000	0.00027959
39.67000000	0.00026978
39.68000000	0.00025997
39.69000000	0.00025016
39.70000000	0.00024035
39.71000000	0.00023054
39.72000000	0.00022073
39.73000000	0.00021092
39.74000000	0.00020111
39.75000000	0.00019130
39.76000000	0.00018149
39.77000000	0.00017168
39.78000000	0.00016187
39.79000000	0.00015206
39.80000000	0.00014225
39.81000000	0.00013244
39.82000000	0.00012263
39.83000000	0.00011282
39.84000000	0.00010301
39.85000000	0.00009320
39.86000000	0.00008339
39.87000000	0.00007358
39.88000000	0.00006377
