0.000000	0.000000
0.001000	-0.000001
0.002000	-0.000002
0.003000	-0.000003
0.004000	-0.000005
0.005000	-0.000006
0.006000	-0.000008
0.007000	-0.000009
0.008000	-0.000011
0.009000	-0.000013
0.010000	-0.000015
0.011000	-0.000018
0.012000	-0.000020
0.013000	-0.000023
0.014000	-0.000026
0.015000	-0.000029
0.016000	-0.000033
0.017000	-0.000037
0.018000	-0.000041
0.019000	-0.000046
0.020000	-0.000050
0.021000	-0.000056
0.022000	-0.000061
0.023000	-0.000067
0.024000	-0.000074
0.025000	-0.000081
0.026000	-0.000089
0.027000	-0.000097
0.028000	-0.000106
0.029000	-0.000115
0.030000	-0.000126
0.031000	-0.000137
0.032000	-0.000149
0.033000	-0.000161
0.034000	-0.000175
0.035000	-0.000189
0.036000	-0.000205
0.037000	-0.000222
0.038000	-0.000239
0.039000	-0.000258
0.040000	-0.000279
0.041000	-0.000300
0.042000	-0.000324
0.043000	-0.000348
0.044000	-0.000375
0.045000	-0.000403
0.046000	-0.000433
0.047000	-0.000464
0.048000	-0.000498
0.049000	-0.000534
0.050000	-0.000572
0.051000	-0.000612
0.052000	-0.000655
0.053000	-0.000701
0.054000	-0.000749
0.055000	-0.000800
0.056000	-0.000854
0.057000	-0.000911
0.058000	-0.000971
0.059000	-0.001034
0.060000	-0.001101
0.061000	-0.001172
0.062000	-0.001246
0.063000	-0.001325
0.064000	-0.001408
0.065000	-0.001494
0.066000	-0.001586
0.067000	-0.001682
0.068000	-0.001783
0.069000	-0.001888
0.070000	-0.001999
0.071000	-0.002115
0.072000	-0.002237
0.073000	-0.002364
0.074000	-0.002497
0.075000	-0.002636
0.076000	-0.002781
0.077000	-0.002933
0.078000	-0.003091
0.079000	-0.003255
0.080000	-0.003427
0.081000	-0.003605
0.082000	-0.003791
0.083000	-0.003983
0.084000	-0.004183
0.085000	-0.004391
0.086000	-0.004606
0.087000	-0.004830
0.088000	-0.005061
0.089000	-0.005300
0.090000	-0.005547
0.091000	-0.005802
0.092000	-0.006065
0.093000	-0.006337
0.094000	-0.006617
0.095000	-0.006905
0.096000	-0.007202
0.097000	-0.007507
0.098000	-0.007820
0.099000	-0.008141
0.100000	-0.008471
0.101000	-0.008809
0.102000	-0.009154
0.103000	-0.009508
0.104000	-0.009869
0.105000	-0.010238
0.106000	-0.010614
0.107000	-0.010997
0.108000	-0.011388
0.109000	-0.011784
0.110000	-0.012187
0.111000	-0.012597
0.112000	-0.013011
0.113000	-0.013431
0.114000	-0.013856
0.115000	-0.014286
0.116000	-0.014719
0.117000	-0.015156
0.118000	-0.015596
0.119000	-0.016038
0.120000	-0.016482
0.121000	-0.016927
0.122000	-0.017374
0.123000	-0.017820
0.124000	-0.018265
0.125000	-0.018709
0.126000	-0.019151
0.127000	-0.019590
0.128000	-0.020026
0.129000	-0.020457
0.130000	-0.020883
0.131000	-0.021303
0.132000	-0.021717
0.133000	-0.022122
0.134000	-0.022519
0.135000	-0.022907
0.136000	-0.023284
0.137000	-0.023650
0.138000	-0.024003
0.139000	-0.024344
0.140000	-0.024671
0.141000	-0.024982
0.142000	-0.025278
0.143000	-0.025557
0.144000	-0.025819
0.145000	-0.026062
0.146000	-0.026286
0.147000	-0.026489
0.148000	-0.026672
0.149000	-0.026832
0.150000	-0.026970
0.151000	-0.027084
0.152000	-0.027174
0.153000	-0.027239
0.154000	-0.027278
0.155000	-0.027291
0.156000	-0.027277
0.157000	-0.027235
0.158000	-0.027166
0.159000	-0.027067
0.160000	-0.026940
0.161000	-0.026784
0.162000	-0.026597
0.163000	-0.026381
0.164000	-0.026134
0.165000	-0.025857
0.166000	-0.025550
0.167000	-0.025211
0.168000	-0.024842
0.169000	-0.024443
0.170000	-0.024013
0.171000	-0.023553
0.172000	-0.023062
0.173000	-0.022542
0.174000	-0.021993
0.175000	-0.021415
0.176000	-0.020808
0.177000	-0.020173
0.178000	-0.019511
0.179000	-0.018822
0.180000	-0.018108
0.181000	-0.017368
0.182000	-0.016605
0.183000	-0.015818
0.184000	-0.015008
0.185000	-0.014178
0.186000	-0.013327
0.187000	-0.012457
0.188000	-0.011569
0.189000	-0.010665
0.190000	-0.009745
0.191000	-0.008810
0.192000	-0.007863
0.193000	-0.006905
0.194000	-0.005936
0.195000	-0.004958
0.196000	-0.003973
0.197000	-0.002983
0.198000	-0.001987
0.199000	-0.000989
0.200000	0.000010
0.201000	0.001010
0.202000	0.002008
0.203000	0.003003
0.204000	0.003994
0.205000	0.004979
0.206000	0.005957
0.207000	0.006925
0.208000	0.007884
0.209000	0.008831
0.210000	0.009765
0.211000	0.010686
0.212000	0.011590
0.213000	0.012478
0.214000	0.013348
0.215000	0.014199
0.216000	0.015029
0.217000	0.015838
0.218000	0.016625
0.219000	0.017389
0.220000	0.018129
0.221000	0.018843
0.222000	0.019532
0.223000	0.020194
0.224000	0.020828
0.225000	0.021435
0.226000	0.022014
0.227000	0.022563
0.228000	0.023083
0.229000	0.023573
0.230000	0.024034
0.231000	0.024464
0.232000	0.024863
0.233000	0.025232
0.234000	0.025570
0.235000	0.025878
0.236000	0.026155
0.237000	0.026402
0.238000	0.026618
0.239000	0.026804
0.240000	0.026961
0.241000	0.027088
0.242000	0.027186
0.243000	0.027256
0.244000	0.027298
0.245000	0.027312
0.246000	0.027299
0.247000	0.027259
0.248000	0.027195
0.249000	0.027105
0.250000	0.026990
0.251000	0.026853
0.252000	0.026692
0.253000	0.026510
0.254000	0.026307
0.255000	0.026083
0.256000	0.025840
0.257000	0.025578
0.258000	0.025299
0.259000	0.025003
0.260000	0.024691
0.261000	0.024365
0.262000	0.024024
0.263000	0.023670
0.264000	0.023304
0.265000	0.022927
0.266000	0.022540
0.267000	0.022143
0.268000	0.021737
0.269000	0.021324
0.270000	0.020904
0.271000	0.020478
0.272000	0.020047
0.273000	0.019611
0.274000	0.019172
0.275000	0.018730
0.276000	0.018286
0.277000	0.017840
0.278000	0.017394
0.279000	0.016948
0.280000	0.016503
0.281000	0.016059
0.282000	0.015616
0.283000	0.015176
0.284000	0.014740
0.285000	0.014306
0.286000	0.013877
0.287000	0.013452
0.288000	0.013032
0.289000	0.012617
0.290000	0.012208
0.291000	0.011805
0.292000	0.011408
0.293000	0.011018
0.294000	0.010635
0.295000	0.010259
0.296000	0.009890
0.297000	0.009529
0.298000	0.009175
0.299000	0.008829
0.300000	0.008492
0.301000	0.008162
0.302000	0.007840
0.303000	0.007527
0.304000	0.007222
0.305000	0.006926
0.306000	0.006637
0.307000	0.006358
0.308000	0.006086
0.309000	0.005822
0.310000	0.005567
0.311000	0.005320
0.312000	0.005081
0.313000	0.004850
0.314000	0.004627
0.315000	0.004412
0.316000	0.004204
0.317000	0.004004
0.318000	0.003811
0.319000	0.003626
0.320000	0.003447
0.321000	0.003276
0.322000	0.003111
0.323000	0.002953
0.324000	0.002802
0.325000	0.002657
0.326000	0.002518
0.327000	0.002385
0.328000	0.002257
0.329000	0.002136
0.330000	0.002020
0.331000	0.001909
0.332000	0.001803
0.333000	0.001703
0.334000	0.001607
0.335000	0.001515
0.336000	0.001428
0.337000	0.001346
0.338000	0.001267
0.339000	0.001193
0.340000	0.001122
0.341000	0.001055
0.342000	0.000991
0.343000	0.000931
0.344000	0.000874
0.345000	0.000820
0.346000	0.000769
0.347000	0.000721
0.348000	0.000676
0.349000	0.000633
0.350000	0.000593
0.351000	0.000555
0.352000	0.000519
0.353000	0.000485
0.354000	0.000453
0.355000	0.000423
0.356000	0.000395
0.357000	0.000369
0.358000	0.000344
0.359000	0.000321
0.360000	0.000299
0.361000	0.000279
0.362000	0.000260
0.363000	0.000242
0.364000	0.000226
0.365000	0.000210
0.366000	0.000195
0.367000	0.000182
0.368000	0.000169
0.369000	0.000157
0.370000	0.000146
0.371000	0.000136
0.372000	0.000127
0.373000	0.000118
0.374000	0.000110
0.375000	0.000102
0.376000	0.000095
0.377000	0.000088
0.378000	0.000082
0.379000	0.000076
0.380000	0.000071
0.381000	0.000066
0.382000	0.000062
0.383000	0.000058
0.384000	0.000054
0.385000	0.000050
0.386000	0.000047
0.387000	0.000044
0.388000	0.000041
0.389000	0.000038
0.390000	0.000036
0.391000	0.000034
0.392000	0.000032
0.393000	0.000030
0.394000	0.000028
0.395000	0.000027
0.396000	0.000025
0.397000	0.000024
0.398000	0.000023
0.399000	0.000022
0.400000	0.000021
0.401000	0.000020
0.402000	0.000019
0.403000	0.000018
0.404000	0.000017
0.405000	0.000017
0.406000	0.000016
0.407000	0.000016
0.408000	0.000015
0.409000	0.000015
0.410000	0.000014
0.411000	0.000014
0.412000	0.000014
0.413000	0.000013
0.414000	0.000013
0.415000	0.000013
0.416000	0.000013
0.417000	0.000012
0.418000	0.000012
0.419000	0.000012
0.420000	0.000012
0.421000	0.000012
0.422000	0.000012
0.423000	0.000011
0.424000	0.000011
0.425000	0.000011
0.426000	0.000011
0.427000	0.000011
0.428000	0.000011
0.429000	0.000011
0.430000	0.000011
0.431000	0.000011
0.432000	0.000011
0.433000	0.000011
0.434000	0.000011
0.435000	0.000011
0.436000	0.000011
0.437000	0.000011
0.438000	0.000011
0.439000	0.000011
0.440000	0.000011
0.441000	0.000010
0.442000	0.000010
0.443000	0.000010
0.444000	0.000010
0.445000	0.000010
0.446000	0.000010
0.447000	0.000010
0.448000	0.000010
0.449000	0.000010
0.450000	0.000010
0.451000	0.000010
0.452000	0.000010
0.453000	0.000010
0.454000	0.000010
0.455000	0.000010
0.456000	0.000010
0.457000	0.000010
0.458000	0.000010
0.459000	0.000010
0.460000	0.000010
0.461000	0.000010
0.462000	0.000010
0.463000	0.000010
0.464000	0.000010
0.465000	0.000010
0.466000	0.000010
0.467000	0.000010
0.468000	0.000010
0.469000	0.000010
0.470000	0.000010
0.471000	0.000010
0.472000	0.000010
0.473000	0.000010
0.474000	0.000010
0.475000	0.000010
0.476000	0.000010
0.477000	0.000010
0.478000	0.000010
0.479000	0.000010
0.480000	0.000010
0.481000	0.000010
0.482000	0.000010
0.483000	0.000010
0.484000	0.000010
0.485000	0.000010
0.486000	0.000010
0.487000	0.000010
0.488000	0.000010
0.489000	0.000010
0.490000	0.000010
0.491000	0.000010
0.492000	0.000010
0.493000	0.000010
0.494000	0.000010
0.495000	0.000010
0.496000	0.000010
0.497000	0.000010
0.498000	0.000010
0.499000	0.000010
0.500000	0.000010
0.501000	0.000010
0.502000	0.000010
0.503000	0.000010
0.504000	0.000010
0.505000	0.000010
0.506000	0.000010
0.507000	0.000010
0.508000	0.000010
0.509000	0.000010
0.510000	0.000010
0.511000	0.000010
0.512000	0.000010
0.513000	0.000010
0.514000	0.000010
0.515000	0.000010
0.516000	0.000010
0.517000	0.000010
0.518000	0.000010
0.519000	0.000010
0.520000	0.000010
0.521000	0.000010
0.522000	0.000010
0.523000	0.000010
0.524000	0.000010
0.525000	0.000010
0.526000	0.000010
0.527000	0.000010
0.528000	0.000010
0.529000	0.000010
0.530000	0.000010
0.531000	0.000010
0.532000	0.000010
0.533000	0.000010
0.534000	0.000010
0.535000	0.000010
0.536000	0.000010
0.537000	0.000010
0.538000	0.000010
0.539000	0.000010
0.540000	0.000010
0.541000	0.000010
0.542000	0.000010
0.543000	0.000010
0.544000	0.000010
0.545000	0.000010
0.546000	0.000010
0.547000	0.000010
0.548000	0.000010
0.549000	0.000010
0.550000	0.000010
0.551000	0.000010
0.552000	0.000010
0.553000	0.000010
0.554000	0.000010
0.555000	0.000010
0.556000	0.000010
0.557000	0.000010
0.558000	0.000010
0.559000	0.000010
0.560000	0.000010
0.561000	0.000010
0.562000	0.000010
0.563000	0.000010
0.564000	0.000010
0.565000	0.000010
0.566000	0.000010
0.567000	0.000010
0.568000	0.000010
0.569000	0.000010
0.570000	0.000010
0.571000	0.000010
0.572000	0.000010
0.573000	0.000010
0.574000	0.000010
0.575000	0.000010
0.576000	0.000010
0.577000	0.000010
0.578000	0.000010
0.579000	0.000010
0.580000	0.000010
0.581000	0.000010
0.582000	0.000010
0.583000	0.000010
0.584000	0.000010
0.585000	0.000010
0.586000	0.000010
0.587000	0.000010
0.588000	0.000010
0.589000	0.000010
0.590000	0.000010
0.591000	0.000010
0.592000	0.000010
0.593000	0.000010
0.594000	0.000010
0.595000	0.000010
0.596000	0.000010
0.597000	0.000010
0.598000	0.000010
0.599000	0.000010
0.600000	0.000010
0.601000	0.000010
0.602000	0.000010
0.603000	0.000010
0.604000	0.000010
0.605000	0.000010
0.606000	0.000010
0.607000	0.000010
0.608000	0.000010
0.609000	0.000010
0.610000	0.000010
0.611000	0.000010
0.612000	0.000010
0.613000	0.000010
0.614000	0.000010
0.615000	0.000010
0.616000	0.000010
0.617000	0.000010
0.618000	0.000010
0.619000	0.000010
0.620000	0.000010
0.621000	0.000010
0.622000	0.000010
0.623000	0.000010
0.624000	0.000010
0.625000	0.000010
0.626000	0.000010
0.627000	0.000010
0.628000	0.000010
0.629000	0.000010
0.630000	0.000010
0.631000	0.000010
0.632000	0.000010
0.633000	0.000010
0.634000	0.000010
0.635000	0.000010
0.636000	0.000010
0.637000	0.000010
0.638000	0.000010
0.639000	0.000010
0.640000	0.000010
0.641000	0.000010
0.642000	0.000010
0.643000	0.000010
0.644000	0.000010
0.645000	0.000010
0.646000	0.000010
0.647000	0.000010
0.648000	0.000010
0.649000	0.000010
0.650000	0.000010
0.651000	0.000010
0.652000	0.000010
0.653000	0.000010
0.654000	0.000010
0.655000	0.000010
0.656000	0.000010
0.657000	0.000010
0.658000	0.000010
0.659000	0.000010
0.660000	0.000010
0.661000	0.000010
0.662000	0.000010
0.663000	0.000010
0.664000	0.000010
0.665000	0.000010
0.666000	0.000010
0.667000	0.000010
0.668000	0.000010
0.669000	0.000010
0.670000	0.000010
0.671000	0.000010
0.672000	0.000010
0.673000	0.000010
0.674000	0.000010
0.675000	0.000010
0.676000	0.000010
0.677000	0.000010
0.678000	0.000010
0.679000	0.000010
0.680000	0.000010
0.681000	0.000010
0.682000	0.000010
0.683000	0.000010
0.684000	0.000010
0.685000	0.000010
0.686000	0.000010
0.687000	0.000010
0.688000	0.000010
0.689000	0.000010
0.690000	0.000010
0.691000	0.000010
0.692000	0.000010
0.693000	0.000010
0.694000	0.000010
0.695000	0.000010
0.696000	0.000010
0.697000	0.000010
0.698000	0.000010
0.699000	0.000010
0.700000	0.000010
0.701000	0.000010
0.702000	0.000010
0.703000	0.000010
0.704000	0.000010
0.705000	0.000010
0.706000	0.000010
0.707000	0.000010
0.708000	0.000010
0.709000	0.000010
0.710000	0.000010
0.711000	0.000010
0.712000	0.000010
0.713000	0.000010
0.714000	0.000010
0.715000	0.000010
0.716000	0.000010
0.717000	0.000010
0.718000	0.000010
0.719000	0.000010
0.720000	0.000010
0.721000	0.000010
0.722000	0.000010
0.723000	0.000010
0.724000	0.000010
0.725000	0.000010
0.726000	0.000010
0.727000	0.000010
0.728000	0.000010
0.729000	0.000010
0.730000	0.000010
0.731000	0.000010
0.732000	0.000010
0.733000	0.000010
0.734000	0.000010
0.735000	0.000010
0.736000	0.000010
0.737000	0.000010
0.738000	0.000010
0.739000	0.000010
0.740000	0.000010
0.741000	0.000010
0.742000	0.000010
0.743000	0.000010
0.744000	0.000010
0.745000	0.000010
0.746000	0.000010
0.747000	0.000010
0.748000	0.000010
0.749000	0.000010
0.750000	0.000010
0.751000	0.000010
0.752000	0.000010
0.753000	0.000010
0.754000	0.000010
0.755000	0.000010
0.756000	0.000010
0.757000	0.000010
0.758000	0.000010
0.759000	0.000010
0.760000	0.000010
0.761000	0.000010
0.762000	0.000010
0.763000	0.000010
0.764000	0.000010
0.765000	0.000010
0.766000	0.000010
0.767000	0.000010
0.768000	0.000010
0.769000	0.000010
0.770000	0.000010
0.771000	0.000010
0.772000	0.000010
0.773000	0.000010
0.774000	0.000010
0.775000	0.000010
0.776000	0.000010
0.777000	0.000010
0.778000	0.000010
0.779000	0.000010
0.780000	0.000010
0.781000	0.000010
0.782000	0.000010
0.783000	0.000010
0.784000	0.000010
0.785000	0.000010
0.786000	0.000010
0.787000	0.000010
0.788000	0.000010
0.789000	0.000010
0.790000	0.000010
0.791000	0.000010
0.792000	0.000010
0.793000	0.000010
0.794000	0.000010
0.795000	0.000010
0.796000	0.000010
0.797000	0.000010
0.798000	0.000010
0.799000	0.000010
0.800000	0.000010
0.801000	0.000010
0.802000	0.000010
0.803000	0.000010
0.804000	0.000010
0.805000	0.000010
0.806000	0.000010
0.807000	0.000010
0.808000	0.000010
0.809000	0.000010
0.810000	0.000010
0.811000	0.000010
0.812000	0.000010
0.813000	0.000010
0.814000	0.000010
0.815000	0.000010
0.816000	0.000010
0.817000	0.000010
0.818000	0.000010
0.819000	0.000010
0.820000	0.000010
0.821000	0.000010
0.822000	0.000010
0.823000	0.000010
0.824000	0.000010
0.825000	0.000010
0.826000	0.000010
0.827000	0.000010
0.828000	0.000010
0.829000	0.000010
0.830000	0.000010
0.831000	0.000010
0.832000	0.000010
0.833000	0.000010
0.834000	0.000010
0.835000	0.000010
0.836000	0.000010
0.837000	0.000010
0.838000	0.000010
0.839000	0.000010
0.840000	0.000010
0.841000	0.000010
0.842000	0.000010
0.843000	0.000010
0.844000	0.000010
0.845000	0.000010
0.846000	0.000010
0.847000	0.000010
0.848000	0.000010
0.849000	0.000010
0.850000	0.000010
0.851000	0.000010
0.852000	0.000010
0.853000	0.000010
0.854000	0.000010
0.855000	0.000010
0.856000	0.000010
0.857000	0.000010
0.858000	0.000010
0.859000	0.000010
0.860000	0.000010
0.861000	0.000010
0.862000	0.000010
0.863000	0.000010
0.864000	0.000010
0.865000	0.000010
0.866000	0.000010
0.867000	0.000010
0.868000	0.000010
0.869000	0.000010
0.870000	0.000010
0.871000	0.000010
0.872000	0.000010
0.873000	0.000010
0.874000	0.000010
0.875000	0.000010
0.876000	0.000010
0.877000	0.000010
0.878000	0.000010
0.879000	0.000010
0.880000	0.000010
0.881000	0.000010
0.882000	0.000010
0.883000	0.000010
0.884000	0.000010
0.885000	0.000010
0.886000	0.000010
0.887000	0.000010
0.888000	0.000010
0.889000	0.000010
0.890000	0.000010
0.891000	0.000010
0.892000	0.000010
0.893000	0.000010
0.894000	0.000010
0.895000	0.000010
0.896000	0.000010
0.897000	0.000010
0.898000	0.000010
0.899000	0.000010
0.900000	0.000010
0.901000	0.000010
0.902000	0.000010
0.903000	0.000010
0.904000	0.000010
0.905000	0.000010
0.906000	0.000010
0.907000	0.000010
0.908000	0.000010
0.909000	0.000010
0.910000	0.000010
0.911000	0.000010
0.912000	0.000010
0.913000	0.000010
0.914000	0.000010
0.915000	0.000010
0.916000	0.000010
0.917000	0.000010
0.918000	0.000010
0.919000	0.000010
0.920000	0.000010
0.921000	0.000010
0.922000	0.000010
0.923000	0.000010
0.924000	0.000010
0.925000	0.000010
0.926000	0.000010
0.927000	0.000010
0.928000	0.000010
0.929000	0.000010
0.930000	0.000010
0.931000	0.000010
0.932000	0.000010
0.933000	0.000010
0.934000	0.000010
0.935000	0.000010
0.936000	0.000010
0.937000	0.000010
0.938000	0.000010
0.939000	0.000010
0.940000	0.000010
0.941000	0.000010
0.942000	0.000010
0.943000	0.000010
0.944000	0.000010
0.945000	0.000010
0.946000	0.000010
0.947000	0.000010
0.948000	0.000010
0.949000	0.000010
0.950000	0.000010
0.951000	0.000010
0.952000	0.000010
0.953000	0.000010
0.954000	0.000010
0.955000	0.000010
0.956000	0.000010
0.957000	0.000010
0.958000	0.000010
0.959000	0.000010
0.960000	0.000010
0.961000	0.000010
0.962000	0.000010
0.963000	0.000010
0.964000	0.000010
0.965000	0.000010
0.966000	0.000010
0.967000	0.000010
0.968000	0.000010
0.969000	0.000010
0.970000	0.000010
0.971000	0.000010
0.972000	0.000010
0.973000	0.000010
0.974000	0.000010
0.975000	0.000010
0.976000	0.000010
0.977000	0.000010
0.978000	0.000010
0.979000	0.000010
0.980000	0.000010
0.981000	0.000010
0.982000	0.000010
0.983000	0.000010
0.984000	0.000010
0.985000	0.000010
0.986000	0.000010
0.987000	0.000010
0.988000	0.000010
0.989000	0.000010
0.990000	0.000010
0.991000	0.000010
0.992000	0.000010
0.993000	0.000010
0.994000	0.000010
0.995000	0.000010
0.996000	0.000010
0.997000	0.000010
0.998000	0.000010
0.999000	0.000010
1.000000	0.000010
1.001000	0.000010
1.002000	0.000010
1.003000	0.000010
1.004000	0.000010
1.005000	0.000010
1.006000	0.000010
1.007000	0.000010
1.008000	0.000010
1.009000	0.000010
1.010000	0.000010
1.011000	0.000010
1.012000	0.000010
1.013000	0.000010
1.014000	0.000010
1.015000	0.000010
1.016000	0.000010
1.017000	0.000010
1.018000	0.000010
1.019000	0.000010
1.020000	0.000010
1.021000	0.000010
1.022000	0.000010
1.023000	0.000010
1.024000	0.000010
1.025000	0.000010
1.026000	0.000010
1.027000	0.000010
1.028000	0.000010
1.029000	0.000010
1.030000	0.000010
1.031000	0.000010
1.032000	0.000010
1.033000	0.000010
1.034000	0.000010
1.035000	0.000010
1.036000	0.000010
1.037000	0.000010
1.038000	0.000010
1.039000	0.000010
1.040000	0.000010
1.041000	0.000010
1.042000	0.000010
1.043000	0.000010
1.044000	0.000010
1.045000	0.000010
1.046000	0.000010
1.047000	0.000010
1.048000	0.000010
1.049000	0.000010
1.050000	0.000010
1.051000	0.000010
1.052000	0.000010
1.053000	0.000010
1.054000	0.000010
1.055000	0.000010
1.056000	0.000010
1.057000	0.000010
1.058000	0.000010
1.059000	0.000010
1.060000	0.000010
1.061000	0.000010
1.062000	0.000010
1.063000	0.000010
1.064000	0.000010
1.065000	0.000010
1.066000	0.000010
1.067000	0.000010
1.068000	0.000010
1.069000	0.000010
1.070000	0.000010
1.071000	0.000010
1.072000	0.000010
1.073000	0.000010
1.074000	0.000010
1.075000	0.000010
1.076000	0.000010
1.077000	0.000010
1.078000	0.000010
1.079000	0.000010
1.080000	0.000010
1.081000	0.000010
1.082000	0.000010
1.083000	0.000010
1.084000	0.000010
1.085000	0.000010
1.086000	0.000010
1.087000	0.000010
1.088000	0.000010
1.089000	0.000010
1.090000	0.000010
1.091000	0.000010
1.092000	0.000010
1.093000	0.000010
1.094000	0.000010
1.095000	0.000010
1.096000	0.000010
1.097000	0.000010
1.098000	0.000010
1.099000	0.000010
1.100000	0.000010
1.101000	0.000010
1.102000	0.000010
1.103000	0.000010
1.104000	0.000010
1.105000	0.000010
1.106000	0.000010
1.107000	0.000010
1.108000	0.000010
1.109000	0.000010
1.110000	0.000010
1.111000	0.000010
1.112000	0.000010
1.113000	0.000010
1.114000	0.000010
1.115000	0.000010
1.116000	0.000010
1.117000	0.000010
1.118000	0.000010
1.119000	0.000010
1.120000	0.000010
1.121000	0.000010
1.122000	0.000010
1.123000	0.000010
1.124000	0.000010
1.125000	0.000010
1.126000	0.000010
1.127000	0.000010
1.128000	0.000010
1.129000	0.000010
1.130000	0.000010
1.131000	0.000010
1.132000	0.000010
1.133000	0.000010
1.134000	0.000010
1.135000	0.000010
1.136000	0.000010
1.137000	0.000010
1.138000	0.000010
1.139000	0.000010
1.140000	0.000010
1.141000	0.000010
1.142000	0.000010
1.143000	0.000010
1.144000	0.000010
1.145000	0.000010
1.146000	0.000010
1.147000	0.000010
1.148000	0.000010
1.149000	0.000010
1.150000	0.000010
1.151000	0.000010
1.152000	0.000010
1.153000	0.000010
1.154000	0.000010
1.155000	0.000010
1.156000	0.000010
1.157000	0.000010
1.158000	0.000010
1.159000	0.000010
1.160000	0.000010
1.161000	0.000010
1.162000	0.000010
1.163000	0.000010
1.164000	0.000010
1.165000	0.000010
1.166000	0.000010
1.167000	0.000010
1.168000	0.000010
1.169000	0.000010
1.170000	0.000010
1.171000	0.000010
1.172000	0.000010
1.173000	0.000010
1.174000	0.000010
1.175000	0.000010
1.176000	0.000010
1.177000	0.000010
1.178000	0.000010
1.179000	0.000010
1.180000	0.000010
1.181000	0.000010
1.182000	0.000010
1.183000	0.000010
1.184000	0.000010
1.185000	0.000010
1.186000	0.000010
1.187000	0.000010
1.188000	0.000010
1.189000	0.000010
1.190000	0.000010
1.191000	0.000010
1.192000	0.000010
1.193000	0.000010
1.194000	0.000010
1.195000	0.000010
1.196000	0.000010
1.197000	0.000010
1.198000	0.000010
1.199000	0.000010
1.200000	0.000010
1.201000	0.000010
1.202000	0.000010
1.203000	0.000010
1.204000	0.000010
1.205000	0.000010
1.206000	0.000010
1.207000	0.000010
1.208000	0.000010
1.209000	0.000010
1.210000	0.000010
1.211000	0.000010
1.212000	0.000010
1.213000	0.000010
1.214000	0.000010
1.215000	0.000010
1.216000	0.000010
1.217000	0.000010
1.218000	0.000010
1.219000	0.000010
1.220000	0.000010
1.221000	0.000010
1.222000	0.000010
1.223000	0.000010
1.224000	0.000010
1.225000	0.000010
1.226000	0.000010
1.227000	0.000010
1.228000	0.000010
1.229000	0.000010
1.230000	0.000010
1.231000	0.000010
1.232000	0.000010
1.233000	0.000010
1.234000	0.000010
1.235000	0.000010
1.236000	0.000010
1.237000	0.000010
1.238000	0.000010
1.239000	0.000010
1.240000	0.000010
1.241000	0.000010
1.242000	0.000010
1.243000	0.000010
1.244000	0.000010
1.245000	0.000010
1.246000	0.000010
1.247000	0.000010
1.248000	0.000010
1.249000	0.000010
1.250000	0.000010
1.251000	0.000010
1.252000	0.000010
1.253000	0.000010
1.254000	0.000010
1.255000	0.000010
1.256000	0.000010
1.257000	0.000010
1.258000	0.000010
1.259000	0.000010
1.260000	0.000010
1.261000	0.000010
1.262000	0.000010
1.263000	0.000010
1.264000	0.000010
1.265000	0.000010
1.266000	0.000010
1.267000	0.000010
1.268000	0.000010
1.269000	0.000010
1.270000	0.000010
1.271000	0.000010
1.272000	0.000010
1.273000	0.000010
1.274000	0.000010
1.275000	0.000010
1.276000	0.000010
1.277000	0.000010
1.278000	0.000010
1.279000	0.000010
1.280000	0.000010
1.281000	0.000010
1.282000	0.000010
1.283000	0.000010
1.284000	0.000010
1.285000	0.000010
1.286000	0.000010
1.287000	0.000010
1.288000	0.000010
1.289000	0.000010
1.290000	0.000010
1.291000	0.000010
1.292000	0.000010
1.293000	0.000010
1.294000	0.000010
1.295000	0.000010
1.296000	0.000010
1.297000	0.000010
1.298000	0.000010
1.299000	0.000010
1.300000	0.000010
1.301000	0.000010
1.302000	0.000010
1.303000	0.000010
1.304000	0.000010
1.305000	0.000010
1.306000	0.000010
1.307000	0.000010
1.308000	0.000010
1.309000	0.000010
1.310000	0.000010
1.311000	0.000010
1.312000	0.000010
1.313000	0.000010
1.314000	0.000010
1.315000	0.000010
1.316000	0.000010
1.317000	0.000010
1.318000	0.000010
1.319000	0.000010
1.320000	0.000010
1.321000	0.000010
1.322000	0.000010
1.323000	0.000010
1.324000	0.000010
1.325000	0.000010
1.326000	0.000010
1.327000	0.000010
1.328000	0.000010
1.329000	0.000010
1.330000	0.000010
1.331000	0.000010
1.332000	0.000010
1.333000	0.000010
1.334000	0.000010
1.335000	0.000010
1.336000	0.000010
1.337000	0.000010
1.338000	0.000010
1.339000	0.000010
1.340000	0.000010
1.341000	0.000010
1.342000	0.000010
1.343000	0.000010
1.344000	0.000010
1.345000	0.000010
1.346000	0.000010
1.347000	0.000010
1.348000	0.000010
1.349000	0.000010
1.350000	0.000010
1.351000	0.000010
1.352000	0.000010
1.353000	0.000010
1.354000	0.000010
1.355000	0.000010
1.356000	0.000010
1.357000	0.000010
1.358000	0.000010
1.359000	0.000010
1.360000	0.000010
1.361000	0.000010
1.362000	0.000010
1.363000	0.000010
1.364000	0.000010
1.365000	0.000010
1.366000	0.000010
1.367000	0.000010
1.368000	0.000010
1.369000	0.000010
1.370000	0.000010
1.371000	0.000010
1.372000	0.000010
1.373000	0.000010
1.374000	0.000010
1.375000	0.000010
1.376000	0.000010
1.377000	0.000010
1.378000	0.000010
1.379000	0.000010
1.380000	0.000010
1.381000	0.000010
1.382000	0.000010
1.383000	0.000010
1.384000	0.000010
1.385000	0.000010
1.386000	0.000010
1.387000	0.000010
1.388000	0.000010
1.389000	0.000010
1.390000	0.000010
1.391000	0.000010
1.392000	0.000010
1.393000	0.000010
1.394000	0.000010
1.395000	0.000010
1.396000	0.000010
1.397000	0.000010
1.398000	0.000010
1.399000	0.000010
1.400000	0.000010
1.401000	0.000010
1.402000	0.000010
1.403000	0.000010
1.404000	0.000010
1.405000	0.000010
1.406000	0.000010
1.407000	0.000010
1.408000	0.000010
1.409000	0.000010
1.410000	0.000010
1.411000	0.000010
1.412000	0.000010
1.413000	0.000010
1.414000	0.000010
1.415000	0.000010
1.416000	0.000010
1.417000	0.000010
1.418000	0.000010
1.419000	0.000010
1.420000	0.000010
1.421000	0.000010
1.422000	0.000010
1.423000	0.000010
1.424000	0.000010
1.425000	0.000010
1.426000	0.000010
1.427000	0.000010
1.428000	0.000010
1.429000	0.000010
1.430000	0.000010
1.431000	0.000010
1.432000	0.000010
1.433000	0.000010
1.434000	0.000010
1.435000	0.000010
1.436000	0.000010
1.437000	0.000010
1.438000	0.000010
1.439000	0.000010
1.440000	0.000010
1.441000	0.000010
1.442000	0.000010
1.443000	0.000010
1.444000	0.000010
1.445000	0.000010
1.446000	0.000010
1.447000	0.000010
1.448000	0.000010
1.449000	0.000010
1.450000	0.000010
1.451000	0.000010
1.452000	0.000010
1.453000	0.000010
1.454000	0.000010
1.455000	0.000010
1.456000	0.000010
1.457000	0.000010
1.458000	0.000010
1.459000	0.000010
1.460000	0.000010
1.461000	0.000010
1.462000	0.000010
1.463000	0.000010
1.464000	0.000010
1.465000	0.000010
1.466000	0.000010
1.467000	0.000010
1.468000	0.000010
1.469000	0.000010
1.470000	0.000010
1.471000	0.000010
1.472000	0.000010
1.473000	0.000010
1.474000	0.000010
1.475000	0.000010
1.476000	0.000010
1.477000	0.000010
1.478000	0.000010
1.479000	0.000010
1.480000	0.000010
1.481000	0.000010
1.482000	0.000010
1.483000	0.000010
1.484000	0.000010
1.485000	0.000010
1.486000	0.000010
1.487000	0.000010
1.488000	0.000010
1.489000	0.000010
1.490000	0.000010
1.491000	0.000010
1.492000	0.000010
1.493000	0.000010
1.494000	0.000010
1.495000	0.000010
1.496000	0.000010
1.497000	0.000010
1.498000	0.000010
1.499000	0.000010
1.500000	0.000010
1.501000	0.000010
1.502000	0.000010
1.503000	0.000010
1.504000	0.000010
1.505000	0.000010
1.506000	0.000010
1.507000	0.000010
1.508000	0.000010
1.509000	0.000010
1.510000	0.000010
1.511000	0.000010
1.512000	0.000010
1.513000	0.000010
1.514000	0.000010
1.515000	0.000010
1.516000	0.000010
1.517000	0.000010
1.518000	0.000010
1.519000	0.000010
1.520000	0.000010
1.521000	0.000010
1.522000	0.000010
1.523000	0.000010
1.524000	0.000010
1.525000	0.000010
1.526000	0.000010
1.527000	0.000010
1.528000	0.000010
1.529000	0.000010
1.530000	0.000010
1.531000	0.000010
1.532000	0.000010
1.533000	0.000010
1.534000	0.000010
1.535000	0.000010
1.536000	0.000010
1.537000	0.000010
1.538000	0.000010
1.539000	0.000010
1.540000	0.000010
1.541000	0.000010
1.542000	0.000010
1.543000	0.000010
1.544000	0.000010
1.545000	0.000010
1.546000	0.000010
1.547000	0.000010
1.548000	0.000010
1.549000	0.000010
1.550000	0.000010
1.551000	0.000010
1.552000	0.000010
1.553000	0.000010
1.554000	0.000010
1.555000	0.000010
1.556000	0.000010
1.557000	0.000010
1.558000	0.000010
1.559000	0.000010
1.560000	0.000010
1.561000	0.000010
1.562000	0.000010
1.563000	0.000010
1.564000	0.000010
1.565000	0.000010
1.566000	0.000010
1.567000	0.000010
1.568000	0.000010
1.569000	0.000010
1.570000	0.000010
1.571000	0.000010
1.572000	0.000010
1.573000	0.000010
1.574000	0.000010
1.575000	0.000010
1.576000	0.000010
1.577000	0.000010
1.578000	0.000010
1.579000	0.000010
1.580000	0.000010
1.581000	0.000010
1.582000	0.000010
1.583000	0.000010
1.584000	0.000010
1.585000	0.000010
1.586000	0.000010
1.587000	0.000010
1.588000	0.000010
1.589000	0.000010
1.590000	0.000010
1.591000	0.000010
1.592000	0.000010
1.593000	0.000010
1.594000	0.000010
1.595000	0.000010
1.596000	0.000010
1.597000	0.000010
1.598000	0.000010
1.599000	0.000010
1.600000	0.000010
1.601000	0.000010
1.602000	0.000010
1.603000	0.000010
1.604000	0.000010
1.605000	0.000010
1.606000	0.000010
1.607000	0.000010
1.608000	0.000010
1.609000	0.000010
1.610000	0.000010
1.611000	0.000010
1.612000	0.000010
1.613000	0.000010
1.614000	0.000010
1.615000	0.000010
1.616000	0.000010
1.617000	0.000010
1.618000	0.000010
1.619000	0.000010
1.620000	0.000010
1.621000	0.000010
1.622000	0.000010
1.623000	0.000010
1.624000	0.000010
1.625000	0.000010
1.626000	0.000010
1.627000	0.000010
1.628000	0.000010
1.629000	0.000010
1.630000	0.000010
1.631000	0.000010
1.632000	0.000010
1.633000	0.000010
1.634000	0.000010
1.635000	0.000010
1.636000	0.000010
1.637000	0.000010
1.638000	0.000010
1.639000	0.000010
1.640000	0.000010
1.641000	0.000010
1.642000	0.000010
1.643000	0.000010
1.644000	0.000010
1.645000	0.000010
1.646000	0.000010
1.647000	0.000010
1.648000	0.000010
1.649000	0.000010
1.650000	0.000010
1.651000	0.000010
1.652000	0.000010
1.653000	0.000010
1.654000	0.000010
1.655000	0.000010
1.656000	0.000010
1.657000	0.000010
1.658000	0.000010
1.659000	0.000010
1.660000	0.000010
1.661000	0.000010
1.662000	0.000010
1.663000	0.000010
1.664000	0.000010
1.665000	0.000010
1.666000	0.000010
1.667000	0.000010
1.668000	0.000010
1.669000	0.000010
1.670000	0.000010
1.671000	0.000010
1.672000	0.000010
1.673000	0.000010
1.674000	0.000010
1.675000	0.000010
1.676000	0.000010
1.677000	0.000010
1.678000	0.000010
1.679000	0.000010
1.680000	0.000010
1.681000	0.000010
1.682000	0.000010
1.683000	0.000010
1.684000	0.000010
1.685000	0.000010
1.686000	0.000010
1.687000	0.000010
1.688000	0.000010
1.689000	0.000010
1.690000	0.000010
1.691000	0.000010
1.692000	0.000010
1.693000	0.000010
1.694000	0.000010
1.695000	0.000010
1.696000	0.000010
1.697000	0.000010
1.698000	0.000010
1.699000	0.000010
1.700000	0.000010
1.701000	0.000010
1.702000	0.000010
1.703000	0.000010
1.704000	0.000010
1.705000	0.000010
1.706000	0.000010
1.707000	0.000010
1.708000	0.000010
1.709000	0.000010
1.710000	0.000010
1.711000	0.000010
1.712000	0.000010
1.713000	0.000010
1.714000	0.000010
1.715000	0.000010
1.716000	0.000010
1.717000	0.000010
1.718000	0.000010
1.719000	0.000010
1.720000	0.000010
1.721000	0.000010
1.722000	0.000010
1.723000	0.000010
1.724000	0.000010
1.725000	0.000010
1.726000	0.000010
1.727000	0.000010
1.728000	0.000010
1.729000	0.000010
1.730000	0.000010
1.731000	0.000010
1.732000	0.000010
1.733000	0.000010
1.734000	0.000010
1.735000	0.000010
1.736000	0.000010
1.737000	0.000010
1.738000	0.000010
1.739000	0.000010
1.740000	0.000010
1.741000	0.000010
1.742000	0.000010
1.743000	0.000010
1.744000	0.000010
1.745000	0.000010
1.746000	0.000010
1.747000	0.000010
1.748000	0.000010
1.749000	0.000010
1.750000	0.000010
1.751000	0.000010
1.752000	0.000010
1.753000	0.000010
1.754000	0.000010
1.755000	0.000010
1.756000	0.000010
1.757000	0.000010
1.758000	0.000010
1.759000	0.000010
1.760000	0.000010
1.761000	0.000010
1.762000	0.000010
1.763000	0.000010
1.764000	0.000010
1.765000	0.000010
1.766000	0.000010
1.767000	0.000010
1.768000	0.000010
1.769000	0.000010
1.770000	0.000010
1.771000	0.000010
1.772000	0.000010
1.773000	0.000010
1.774000	0.000010
1.775000	0.000010
1.776000	0.000010
1.777000	0.000010
1.778000	0.000010
1.779000	0.000010
1.780000	0.000010
1.781000	0.000010
1.782000	0.000010
1.783000	0.000010
1.784000	0.000010
1.785000	0.000010
1.786000	0.000010
1.787000	0.000010
1.788000	0.000010
1.789000	0.000010
1.790000	0.000010
1.791000	0.000010
1.792000	0.000010
1.793000	0.000010
1.794000	0.000010
1.795000	0.000010
1.796000	0.000010
1.797000	0.000010
1.798000	0.000010
1.799000	0.000010
1.800000	0.000010
1.801000	0.000010
1.802000	0.000010
1.803000	0.000010
1.804000	0.000010
1.805000	0.000010
1.806000	0.000010
1.807000	0.000010
1.808000	0.000010
1.809000	0.000010
1.810000	0.000010
1.811000	0.000010
1.812000	0.000010
1.813000	0.000010
1.814000	0.000010
1.815000	0.000010
1.816000	0.000010
1.817000	0.000010
1.818000	0.000010
1.819000	0.000010
1.820000	0.000010
1.821000	0.000010
1.822000	0.000010
1.823000	0.000010
1.824000	0.000010
1.825000	0.000010
1.826000	0.000010
1.827000	0.000010
1.828000	0.000010
1.829000	0.000010
1.830000	0.000010
1.831000	0.000010
1.832000	0.000010
1.833000	0.000010
1.834000	0.000010
1.835000	0.000010
1.836000	0.000010
1.837000	0.000010
1.838000	0.000010
1.839000	0.000010
1.840000	0.000010
1.841000	0.000010
1.842000	0.000010
1.843000	0.000010
1.844000	0.000010
1.845000	0.000010
1.846000	0.000010
1.847000	0.000010
1.848000	0.000010
1.849000	0.000010
1.850000	0.000010
1.851000	0.000010
1.852000	0.000010
1.853000	0.000010
1.854000	0.000010
1.855000	0.000010
1.856000	0.000010
1.857000	0.000010
1.858000	0.000010
1.859000	0.000010
1.860000	0.000010
1.861000	0.000010
1.862000	0.000010
1.863000	0.000010
1.864000	0.000010
1.865000	0.000010
1.866000	0.000010
1.867000	0.000010
1.868000	0.000010
1.869000	0.000010
1.870000	0.000010
1.871000	0.000010
1.872000	0.000010
1.873000	0.000010
1.874000	0.000010
1.875000	0.000010
1.876000	0.000010
1.877000	0.000010
1.878000	0.000010
1.879000	0.000010
1.880000	0.000010
1.881000	0.000010
1.882000	0.000010
1.883000	0.000010
1.884000	0.000010
1.885000	0.000010
1.886000	0.000010
1.887000	0.000010
1.888000	0.000010
1.889000	0.000010
1.890000	0.000010
1.891000	0.000010
1.892000	0.000010
1.893000	0.000010
1.894000	0.000010
1.895000	0.000010
1.896000	0.000010
1.897000	0.000010
1.898000	0.000010
1.899000	0.000010
1.900000	0.000010
1.901000	0.000010
1.902000	0.000010
1.903000	0.000010
1.904000	0.000010
1.905000	0.000010
1.906000	0.000010
1.907000	0.000010
1.908000	0.000010
1.909000	0.000010
1.910000	0.000010
1.911000	0.000010
1.912000	0.000010
1.913000	0.000010
1.914000	0.000010
1.915000	0.000010
1.916000	0.000010
1.917000	0.000010
1.918000	0.000010
1.919000	0.000010
1.920000	0.000010
1.921000	0.000010
1.922000	0.000010
1.923000	0.000010
1.924000	0.000010
1.925000	0.000010
1.926000	0.000010
1.927000	0.000010
1.928000	0.000010
1.929000	0.000010
1.930000	0.000010
1.931000	0.000010
1.932000	0.000010
1.933000	0.000010
1.934000	0.000010
1.935000	0.000010
1.936000	0.000010
1.937000	0.000010
1.938000	0.000010
1.939000	0.000010
1.940000	0.000010
1.941000	0.000010
1.942000	0.000010
1.943000	0.000010
1.944000	0.000010
1.945000	0.000010
1.946000	0.000010
1.947000	0.000010
1.948000	0.000010
1.949000	0.000010
1.950000	0.000010
1.951000	0.000010
1.952000	0.000010
1.953000	0.000010
1.954000	0.000010
1.955000	0.000010
1.956000	0.000010
1.957000	0.000010
1.958000	0.000010
1.959000	0.000010
1.960000	0.000010
1.961000	0.000010
1.962000	0.000010
1.963000	0.000010
1.964000	0.000010
1.965000	0.000010
1.966000	0.000010
1.967000	0.000010
1.968000	0.000010
1.969000	0.000010
1.970000	0.000010
1.971000	0.000010
1.972000	0.000010
1.973000	0.000010
1.974000	0.000010
1.975000	0.000010
1.976000	0.000010
1.977000	0.000010
1.978000	0.000010
1.979000	0.000010
1.980000	0.000010
1.981000	0.000010
1.982000	0.000010
1.983000	0.000010
1.984000	0.000010
1.985000	0.000010
1.986000	0.000010
1.987000	0.000010
1.988000	0.000010
1.989000	0.000010
1.990000	0.000010
1.991000	0.000010
1.992000	0.000010
1.993000	0.000010
1.994000	0.000010
1.995000	0.000010
1.996000	0.000010
1.997000	0.000010
1.998000	0.000010
1.999000	0.000010
2.000000	0.000010
