0.00000000	0.00000000
0.02000000	-0.00091071
0.04000000	-0.00137187
0.06000000	-0.00188745
0.08000000	-0.00302772
0.10000000	-0.00479408
0.12000000	-0.00650159
0.14000000	-0.00743579
0.16000000	-0.00757544
0.18000000	-0.00777306
0.20000000	-0.00901350
0.22000000	-0.01116811
0.24000000	-0.01304387
0.26000000	-0.01399355
0.28000000	-0.01447372
0.30000000	-0.01492614
0.32000000	-0.01533986
0.34000000	-0.01580016
0.36000000	-0.01682577
0.38000000	-0.01912944
0.40000000	-0.02209978
0.42000000	-0.02306522
0.44000000	-0.02066033
0.46000000	-0.01753703
0.48000000	-0.01666807
0.50000000	-0.01772580
0.52000000	-0.01985464
0.54000000	-0.02410100
0.56000000	-0.03053747
0.58000000	-0.03655973
0.60000000	-0.04005559
0.62000000	-0.04181364
0.64000000	-0.04361796
0.66000000	-0.04549251
0.68000000	-0.04577976
0.70000000	-0.04342241
0.72000000	-0.03882207
0.74000000	-0.03218405
0.76000000	-0.02335712
0.78000000	-0.01385985
0.80000000	-0.00595175
0.82000000	0.00032159
0.84000000	0.00624325
0.86000000	0.01198818
0.88000000	0.01755591
0.90000000	0.02417153
0.92000000	0.03323955
0.94000000	0.04527641
0.96000000	0.05961065
0.98000000	0.07402911
1.00000000	0.08602577
1.02000000	0.09530309
1.04000000	0.10360423
1.06000000	0.11171910
1.08000000	0.11821150
1.10000000	0.12123526
1.12000000	0.12028097
1.14000000	0.11590518
1.16000000	0.10815177
1.18000000	0.09613683
1.20000000	0.08101417
1.22000000	0.06827108
1.24000000	0.06352456
1.26000000	0.06754684
1.28000000	0.07940075
1.30000000	0.10047472
1.32000000	0.12933225
1.34000000	0.15775221
1.36000000	0.17917099
1.38000000	0.19591677
1.40000000	0.21298253
1.42000000	0.23120218
1.44000000	0.24942535
1.46000000	0.26716847
1.48000000	0.28472753
1.50000000	0.30393217
1.52000000	0.32552451
1.54000000	0.34489699
1.56000000	0.35529210
1.58000000	0.35441980
1.60000000	0.34380812
1.62000000	0.32362584
1.64000000	0.29232811
1.66000000	0.25157267
1.68000000	0.20782453
1.70000000	0.16679823
1.72000000	0.12979195
1.74000000	0.09671728
1.76000000	0.06685337
1.78000000	0.03677841
1.80000000	0.00465803
1.82000000	-0.02507275
1.84000000	-0.04665152
1.86000000	-0.05876551
1.88000000	-0.06241964
1.90000000	-0.05768857
1.92000000	-0.04406358
1.94000000	-0.02148233
1.96000000	0.00940440
1.98000000	0.04867675
2.00000000	0.09781781
2.02000000	0.15451154
2.04000000	0.20891170
2.06000000	0.25119380
2.08000000	0.27924302
2.10000000	0.29442334
2.12000000	0.29635866
2.14000000	0.28511296
2.16000000	0.26110835
2.18000000	0.22267983
2.20000000	0.17215670
2.22000000	0.12150197
2.24000000	0.08263366
2.26000000	0.05738903
2.28000000	0.04438361
2.30000000	0.04516749
2.32000000	0.05806965
2.34000000	0.08179228
2.36000000	0.12289548
2.38000000	0.17427594
2.40000000	0.19978358
2.42000000	0.17577879
2.44000000	0.12639235
2.46000000	0.08693797
2.48000000	0.06483668
2.50000000	0.05506144
2.52000000	0.05570651
2.54000000	0.05828228
2.56000000	0.05005140
2.58000000	0.02691620
2.60000000	-0.00683138
2.62000000	-0.04455336
2.64000000	-0.07997881
2.66000000	-0.10952666
2.68000000	-0.13260245
2.70000000	-0.14950273
2.72000000	-0.16001400
2.74000000	-0.16342592
2.76000000	-0.16092363
2.78000000	-0.15760601
2.80000000	-0.15869844
2.82000000	-0.16497555
2.84000000	-0.17532314
2.86000000	-0.19012687
2.88000000	-0.20805248
2.90000000	-0.22363969
2.92000000	-0.23126071
2.94000000	-0.22869454
2.96000000	-0.21813682
2.98000000	-0.20721174
3.00000000	-0.20451854
3.02000000	-0.21018771
3.04000000	-0.21571739
3.06000000	-0.21422948
3.08000000	-0.20437592
3.10000000	-0.18605137
3.12000000	-0.16099256
3.14000000	-0.13559376
3.16000000	-0.11678506
3.18000000	-0.10731711
3.20000000	-0.10463739
3.22000000	-0.09926522
3.24000000	-0.07990975
3.26000000	-0.04740490
3.28000000	-0.01633024
3.30000000	0.00098584
3.32000000	0.00185929
3.34000000	-0.01370138
3.36000000	-0.04253471
3.38000000	-0.07290032
3.40000000	-0.09117558
3.42000000	-0.09242008
3.44000000	-0.08198574
3.46000000	-0.07121853
3.48000000	-0.07105112
3.50000000	-0.08624293
3.52000000	-0.11301419
3.54000000	-0.14011577
3.56000000	-0.15635363
3.58000000	-0.16066746
3.60000000	-0.16107442
3.62000000	-0.16441155
3.64000000	-0.17227205
3.66000000	-0.18297271
3.68000000	-0.19125899
3.70000000	-0.19068535
3.72000000	-0.18141519
3.74000000	-0.17105069
3.76000000	-0.16546858
3.78000000	-0.16467178
3.80000000	-0.16722326
3.82000000	-0.17126861
3.84000000	-0.17196048
3.86000000	-0.16327726
3.88000000	-0.14228809
3.90000000	-0.11206677
3.92000000	-0.08108415
3.94000000	-0.05674923
3.96000000	-0.04107297
3.98000000	-0.03407075
4.00000000	-0.03419046
4.02000000	-0.03493992
4.04000000	-0.03056937
4.06000000	-0.02407977
4.08000000	-0.02193784
4.10000000	-0.02406519
4.12000000	-0.02453781
4.14000000	-0.01855949
4.16000000	-0.00516079
4.18000000	0.01474318
4.20000000	0.04120788
4.22000000	0.07549116
4.24000000	0.11577701
4.26000000	0.15489981
4.28000000	0.18590853
4.30000000	0.20706763
4.32000000	0.21924204
4.34000000	0.22271087
4.36000000	0.21722201
4.38000000	0.20201733
4.40000000	0.17851976
4.42000000	0.15483585
4.44000000	0.14094215
4.46000000	0.13656076
4.48000000	0.13110641
4.50000000	0.11671529
4.52000000	0.09194052
4.54000000	0.05547899
4.56000000	0.01042567
4.58000000	-0.03023288
4.60000000	-0.05514099
4.62000000	-0.06169599
4.64000000	-0.04807923
4.66000000	-0.01885616
4.68000000	0.00510839
4.70000000	0.00770891
4.72000000	-0.00052789
4.74000000	-0.00054354
4.76000000	0.01156056
4.78000000	0.03129235
4.80000000	0.05949994
4.82000000	0.09932689
4.84000000	0.14631451
4.86000000	0.18717811
4.88000000	0.20840086
4.90000000	0.20463668
4.92000000	0.18112210
4.94000000	0.15054792
4.96000000	0.12485960
4.98000000	0.10847082
5.00000000	0.09817385
5.02000000	0.08529239
5.04000000	0.06071587
5.06000000	0.02426310
5.08000000	-0.01429193
5.10000000	-0.04641490
5.12000000	-0.07066250
5.14000000	-0.08746999
5.16000000	-0.09773934
5.18000000	-0.10718940
5.20000000	-0.12319588
5.22000000	-0.14592903
5.24000000	-0.16850753
5.26000000	-0.18570098
5.28000000	-0.19682841
5.30000000	-0.20152219
5.32000000	-0.20092992
5.34000000	-0.20317770
5.36000000	-0.21818002
5.38000000	-0.24499797
5.40000000	-0.27138650
5.42000000	-0.28584757
5.44000000	-0.28495615
5.46000000	-0.27238288
5.48000000	-0.25610337
5.50000000	-0.24395519
5.52000000	-0.23908244
5.54000000	-0.23911694
5.56000000	-0.23822001
5.58000000	-0.23122532
5.60000000	-0.21709755
5.62000000	-0.19643635
5.64000000	-0.16834381
5.66000000	-0.13433872
5.68000000	-0.10142834
5.70000000	-0.07687450
5.72000000	-0.06301465
5.74000000	-0.05760934
5.76000000	-0.05523776
5.78000000	-0.05015612
5.80000000	-0.04138270
5.82000000	-0.03251948
5.84000000	-0.02550190
5.86000000	-0.01922863
5.88000000	-0.01452800
5.90000000	-0.01413506
5.92000000	-0.01771087
5.94000000	-0.02239420
5.96000000	-0.02662424
5.98000000	-0.02941540
6.00000000	-0.02859264
6.02000000	-0.02248804
6.04000000	-0.01263828
6.06000000	-0.00437071
6.08000000	-0.00334619
6.10000000	-0.00984393
6.12000000	-0.01746489
6.14000000	-0.01927369
6.16000000	-0.01531419
6.18000000	-0.01203421
6.20000000	-0.01332202
6.22000000	-0.01603452
6.24000000	-0.01611155
6.26000000	-0.01289679
6.28000000	-0.00614069
6.30000000	0.00325593
6.32000000	0.00998232
6.34000000	0.01023384
6.36000000	0.00796569
6.38000000	0.00818482
6.40000000	0.00962146
6.42000000	0.00935695
6.44000000	0.00804995
6.46000000	0.00721507
6.48000000	0.00695842
6.50000000	0.00750248
6.52000000	0.00892992
6.54000000	0.00971570
6.56000000	0.00777943
6.58000000	0.00241423
6.60000000	-0.00527302
6.62000000	-0.01283816
6.64000000	-0.01735154
6.66000000	-0.01731081
6.68000000	-0.01477883
6.70000000	-0.01385961
6.72000000	-0.01576655
6.74000000	-0.01803309
6.76000000	-0.01920325
6.78000000	-0.02050420
6.80000000	-0.02235384
6.82000000	-0.02271055
6.84000000	-0.01965926
6.86000000	-0.01320363
6.88000000	-0.00353021
6.90000000	0.01006609
6.92000000	0.02651744
6.94000000	0.04150862
6.96000000	0.05071621
6.98000000	0.05267779
7.00000000	0.04875302
7.02000000	0.04334488
7.04000000	0.04192131
7.06000000	0.04449070
7.08000000	0.04435292
7.10000000	0.03750787
7.12000000	0.02838361
7.14000000	0.02277692
7.16000000	0.02173653
7.18000000	0.02476085
7.20000000	0.03134168
7.22000000	0.03777982
7.24000000	0.03934606
7.26000000	0.03615821
7.28000000	0.03196559
7.30000000	0.02842845
7.32000000	0.02496585
7.34000000	0.02219615
7.36000000	0.02170972
7.38000000	0.02408407
7.40000000	0.02872421
7.42000000	0.03357895
7.44000000	0.03577073
7.46000000	0.03562912
7.48000000	0.03787312
7.50000000	0.04532925
7.52000000	0.05471164
7.54000000	0.06131995
7.56000000	0.06396470
7.58000000	0.06390517
7.60000000	0.06283477
7.62000000	0.06239187
7.64000000	0.06322950
7.66000000	0.06502162
7.68000000	0.06842583
7.70000000	0.07512349
7.72000000	0.08450250
7.74000000	0.09343765
7.76000000	0.10137243
7.78000000	0.11106719
7.80000000	0.12267995
7.82000000	0.13279473
7.84000000	0.13965148
7.86000000	0.14397354
7.88000000	0.14594105
7.90000000	0.14525739
7.92000000	0.14206920
7.94000000	0.13612316
7.96000000	0.12785142
7.98000000	0.12063472
8.00000000	0.11851468
8.02000000	0.12117614
8.04000000	0.12395968
8.06000000	0.12261501
8.08000000	0.11588805
8.10000000	0.10500846
8.12000000	0.09295949
8.14000000	0.08272752
8.16000000	0.07495998
8.18000000	0.06836968
8.20000000	0.06203282
8.22000000	0.05595942
8.24000000	0.04997580
8.26000000	0.04344246
8.28000000	0.03665067
8.30000000	0.03185309
8.32000000	0.03150522
8.34000000	0.03547136
8.36000000	0.04139476
8.38000000	0.04747986
8.40000000	0.05335076
8.42000000	0.05887962
8.44000000	0.06351771
8.46000000	0.06658801
8.48000000	0.06849874
8.50000000	0.07104604
8.52000000	0.07428263
8.54000000	0.07460895
8.56000000	0.06852169
8.58000000	0.05512894
8.60000000	0.03414001
8.62000000	0.00694417
8.64000000	-0.02082696
8.66000000	-0.04333717
8.68000000	-0.05913132
8.70000000	-0.06888796
8.72000000	-0.07313801
8.74000000	-0.07395621
8.76000000	-0.07457431
8.78000000	-0.07517421
8.80000000	-0.07009081
8.82000000	-0.05217737
8.84000000	-0.02295857
8.86000000	0.00559548
8.88000000	0.02339533
8.90000000	0.02875785
8.92000000	0.02113585
8.94000000	0.00198373
8.96000000	-0.01771307
8.98000000	-0.02950074
9.00000000	-0.04094461
9.02000000	-0.05689268
9.04000000	-0.06207833
9.06000000	-0.04391456
9.08000000	-0.01379985
9.10000000	0.01076222
9.12000000	0.02588468
9.14000000	0.03560576
9.16000000	0.04322726
9.18000000	0.04996934
9.20000000	0.05399201
9.22000000	0.05229571
9.24000000	0.04331706
9.26000000	0.02665292
9.28000000	0.00522468
9.30000000	-0.01304283
9.32000000	-0.01898553
9.34000000	-0.00722880
9.36000000	0.01709859
9.38000000	0.03696762
9.40000000	0.04048080
9.42000000	0.03500241
9.44000000	0.03342328
9.46000000	0.03852252
9.48000000	0.04860594
9.50000000	0.06268592
9.52000000	0.07627706
9.54000000	0.08396131
9.56000000	0.08434214
9.58000000	0.07755172
9.60000000	0.06500602
9.62000000	0.05234294
9.64000000	0.04539150
9.66000000	0.04568300
9.68000000	0.05297507
9.70000000	0.06602530
9.72000000	0.08059732
9.74000000	0.09238237
9.76000000	0.09987266
9.78000000	0.10312520
9.80000000	0.10389662
9.82000000	0.10382408
9.84000000	0.10019944
9.86000000	0.09177820
9.88000000	0.08670146
9.90000000	0.09241458
9.92000000	0.10305210
9.94000000	0.10857766
9.96000000	0.10842247
9.98000000	0.10663016
10.00000000	0.10259557
10.02000000	0.09493767
10.04000000	0.08762070
10.06000000	0.08568809
10.08000000	0.08970960
10.10000000	0.09883135
10.12000000	0.11416531
10.14000000	0.13457215
10.16000000	0.15401974
10.18000000	0.16720992
10.20000000	0.17299089
10.22000000	0.17116416
10.24000000	0.16297060
10.26000000	0.15367305
10.28000000	0.14727398
10.30000000	0.14126122
10.32000000	0.13082448
10.34000000	0.11409463
10.36000000	0.09333118
10.38000000	0.07562880
10.40000000	0.06894464
10.42000000	0.07351939
10.44000000	0.08147808
10.46000000	0.08583670
10.48000000	0.08512832
10.50000000	0.08063493
10.52000000	0.07429824
10.54000000	0.06807202
10.56000000	0.06217755
10.58000000	0.05501752
10.60000000	0.04502462
10.62000000	0.03146294
10.64000000	0.01536857
10.66000000	0.00095561
10.68000000	-0.00681616
10.70000000	-0.00771604
10.72000000	-0.00717378
10.74000000	-0.01042778
10.76000000	-0.01720338
10.78000000	-0.02299953
10.80000000	-0.02359979
10.82000000	-0.01745482
10.84000000	-0.00647613
10.86000000	0.00421967
10.88000000	0.00928869
10.90000000	0.00666545
10.92000000	-0.00157980
10.94000000	-0.01070922
10.96000000	-0.01602786
10.98000000	-0.01558636
11.00000000	-0.01123721
11.02000000	-0.00741487
11.04000000	-0.00836338
11.06000000	-0.01582742
11.08000000	-0.02838020
11.10000000	-0.04244349
11.12000000	-0.05500637
11.14000000	-0.06525383
11.16000000	-0.07318760
11.18000000	-0.07947183
11.20000000	-0.08756681
11.22000000	-0.10189285
11.24000000	-0.12229565
11.26000000	-0.14359111
11.28000000	-0.16120562
11.30000000	-0.17428096
11.32000000	-0.18341935
11.34000000	-0.18857700
11.36000000	-0.18949998
11.38000000	-0.18630325
11.40000000	-0.17915496
11.42000000	-0.16786611
11.44000000	-0.15224532
11.46000000	-0.13291989
11.48000000	-0.11113085
11.50000000	-0.08820493
11.52000000	-0.06544134
11.54000000	-0.04189611
11.56000000	-0.01324921
11.58000000	0.02185604
11.60000000	0.05657732
11.62000000	0.08275888
11.64000000	0.09882254
11.66000000	0.10613824
11.68000000	0.10396958
11.70000000	0.09282899
11.72000000	0.07762581
11.74000000	0.06350319
11.76000000	0.05097400
11.78000000	0.03660390
11.80000000	0.01720551
11.82000000	-0.00675860
11.84000000	-0.03155577
11.86000000	-0.05379464
11.88000000	-0.07255042
11.90000000	-0.08851425
11.92000000	-0.10344163
11.94000000	-0.11946250
11.96000000	-0.13633818
11.98000000	-0.15083990
12.00000000	-0.16029394
12.02000000	-0.16414387
12.04000000	-0.16211821
12.06000000	-0.15491470
12.08000000	-0.14598606
12.10000000	-0.13918309
12.12000000	-0.13557062
12.14000000	-0.13298709
12.16000000	-0.12765410
12.18000000	-0.11876081
12.20000000	-0.11046328
12.22000000	-0.10514015
12.24000000	-0.09968447
12.26000000	-0.09239070
12.28000000	-0.08562723
12.30000000	-0.08033921
12.32000000	-0.07575384
12.34000000	-0.07305336
12.36000000	-0.07391847
12.38000000	-0.07756941
12.40000000	-0.08133645
12.42000000	-0.08299185
12.44000000	-0.08258509
12.46000000	-0.08223543
12.48000000	-0.08414339
12.50000000	-0.08913314
12.52000000	-0.09612404
12.54000000	-0.10229007
12.56000000	-0.10468120
12.58000000	-0.10214603
12.60000000	-0.09579641
12.62000000	-0.08815899
12.64000000	-0.08164850
12.66000000	-0.07723334
12.68000000	-0.07413601
12.70000000	-0.07050802
12.72000000	-0.06473087
12.74000000	-0.05635386
12.76000000	-0.04581325
12.78000000	-0.03364977
12.80000000	-0.01982907
12.82000000	-0.00382781
12.84000000	0.01348673
12.86000000	0.02860930
12.88000000	0.03784188
12.90000000	0.04022823
12.92000000	0.03685027
12.94000000	0.02916210
12.96000000	0.01966137
12.98000000	0.01184572
13.00000000	0.00761591
13.02000000	0.00728769
13.04000000	0.01194380
13.06000000	0.02015208
13.08000000	0.02438059
13.10000000	0.01946336
13.12000000	0.01184777
13.14000000	0.01150269
13.16000000	0.01848958
13.18000000	0.02465194
13.20000000	0.02345641
13.22000000	0.01292632
13.24000000	-0.00489486
13.26000000	-0.02283898
13.28000000	-0.03279545
13.30000000	-0.03432265
13.32000000	-0.03455100
13.34000000	-0.03882095
13.36000000	-0.04605829
13.38000000	-0.05280134
13.40000000	-0.05733805
13.42000000	-0.05985349
13.44000000	-0.06057762
13.46000000	-0.05845476
13.48000000	-0.05208815
13.50000000	-0.04076641
13.52000000	-0.02396096
13.54000000	-0.00300978
13.56000000	0.01664843
13.58000000	0.02921243
13.60000000	0.03353873
13.62000000	0.03071703
13.64000000	0.01988307
13.66000000	0.00170354
13.68000000	-0.01686012
13.70000000	-0.02810528
13.72000000	-0.03233922
13.74000000	-0.03395144
13.76000000	-0.03272387
13.78000000	-0.02864553
13.80000000	-0.02843207
13.82000000	-0.03650113
13.84000000	-0.04819881
13.86000000	-0.05934125
13.88000000	-0.07172189
13.90000000	-0.08519942
13.92000000	-0.09450552
13.94000000	-0.09563668
13.96000000	-0.08798375
13.98000000	-0.07115294
14.00000000	-0.04646486
14.02000000	-0.01984518
14.04000000	0.00236481
14.06000000	0.01860821
14.08000000	0.03015498
14.10000000	0.03690998
14.12000000	0.03785988
14.14000000	0.03433735
14.16000000	0.03058360
14.18000000	0.03074141
14.20000000	0.03642902
14.22000000	0.04619537
14.24000000	0.05540777
14.26000000	0.05896881
14.28000000	0.05661471
14.30000000	0.05310231
14.32000000	0.05193199
14.34000000	0.05200910
14.36000000	0.05092171
14.38000000	0.04820830
14.40000000	0.04448202
14.42000000	0.03867683
14.44000000	0.02820331
14.46000000	0.01425779
14.48000000	0.00378111
14.50000000	0.00110729
14.52000000	0.00303920
14.54000000	0.00664173
14.56000000	0.01278501
14.58000000	0.01960412
14.60000000	0.02260124
14.62000000	0.01983400
14.64000000	0.01076618
14.66000000	-0.00252102
14.68000000	-0.01143982
14.70000000	-0.00945894
14.72000000	-0.00249988
14.74000000	-0.00082803
14.76000000	-0.00526931
14.78000000	-0.00812517
14.80000000	-0.00303326
14.82000000	0.00959171
14.84000000	0.02438896
14.86000000	0.03655216
14.88000000	0.04494708
14.90000000	0.05033619
14.92000000	0.05277790
14.94000000	0.05163705
14.96000000	0.04753402
14.98000000	0.04362323
15.00000000	0.04337071
15.02000000	0.04660394
15.04000000	0.04961013
15.06000000	0.04900121
15.08000000	0.04368194
15.10000000	0.03480524
15.12000000	0.02624627
15.14000000	0.02260643
15.16000000	0.02408921
15.18000000	0.02589285
15.20000000	0.02489795
15.22000000	0.02418919
15.24000000	0.02864566
15.26000000	0.03832306
15.28000000	0.04870674
15.30000000	0.05674308
15.32000000	0.06448920
15.34000000	0.07571408
15.36000000	0.08996554
15.38000000	0.10239667
15.40000000	0.10915387
15.42000000	0.10950248
15.44000000	0.10324466
15.46000000	0.09138359
15.48000000	0.07921793
15.50000000	0.07298590
15.52000000	0.07303774
15.54000000	0.07445881
15.56000000	0.07347215
15.58000000	0.06944875
15.60000000	0.06245347
15.62000000	0.05311667
15.64000000	0.04402296
15.66000000	0.03826131
15.68000000	0.03690276
15.70000000	0.03860569
15.72000000	0.04074835
15.74000000	0.04057504
15.76000000	0.03652207
15.78000000	0.03001864
15.80000000	0.02481293
15.82000000	0.02296458
15.84000000	0.02422930
15.86000000	0.02939408
15.88000000	0.03864487
15.90000000	0.04742424
15.92000000	0.04934109
15.94000000	0.04201999
15.96000000	0.02822607
15.98000000	0.01386685
16.00000000	0.00509304
16.02000000	0.00456188
16.04000000	0.00946510
16.06000000	0.01458097
16.08000000	0.01801732
16.10000000	0.02197243
16.12000000	0.02781607
16.14000000	0.03376958
16.16000000	0.03762141
16.18000000	0.03948489
16.20000000	0.04138593
16.22000000	0.04368846
16.24000000	0.04323233
16.26000000	0.03788174
16.28000000	0.03045538
16.30000000	0.02482058
16.32000000	0.02205812
16.34000000	0.02229405
16.36000000	0.02469795
16.38000000	0.02554872
16.40000000	0.02183229
16.42000000	0.01511582
16.44000000	0.00834936
16.46000000	0.00236016
16.48000000	-0.00287675
16.50000000	-0.00702072
16.52000000	-0.00959487
16.54000000	-0.01040133
16.56000000	-0.01085510
16.58000000	-0.01257010
16.60000000	-0.01260652
16.62000000	-0.00500354
16.64000000	0.01071190
16.66000000	0.02796779
16.68000000	0.04107782
16.70000000	0.04918262
16.72000000	0.05271397
16.74000000	0.05189169
16.76000000	0.04845045
16.78000000	0.04435416
16.80000000	0.03984151
16.82000000	0.03564748
16.84000000	0.03432580
16.86000000	0.03646486
16.88000000	0.03874036
16.90000000	0.03773778
16.92000000	0.03256803
16.94000000	0.02350280
16.96000000	0.01140217
16.98000000	-0.00174290
17.00000000	-0.01316638
17.02000000	-0.02049867
17.04000000	-0.02443102
17.06000000	-0.02909241
17.08000000	-0.03661328
17.10000000	-0.04451025
17.12000000	-0.05085791
17.14000000	-0.05708797
17.16000000	-0.06466416
17.18000000	-0.07348600
17.20000000	-0.08318425
17.22000000	-0.09314952
17.24000000	-0.10233622
17.26000000	-0.11042795
17.28000000	-0.11795990
17.30000000	-0.12446932
17.32000000	-0.12794811
17.34000000	-0.12682936
17.36000000	-0.12073281
17.38000000	-0.10933558
17.40000000	-0.09349290
17.42000000	-0.07692665
17.44000000	-0.06352728
17.46000000	-0.05409647
17.48000000	-0.04801793
17.50000000	-0.04561321
17.52000000	-0.04664733
17.54000000	-0.04899176
17.56000000	-0.05059024
17.58000000	-0.05105923
17.60000000	-0.05065996
17.62000000	-0.04937998
17.64000000	-0.04733767
17.66000000	-0.04473853
17.68000000	-0.04144048
17.70000000	-0.03759564
17.72000000	-0.03450707
17.74000000	-0.03378894
17.76000000	-0.03538840
17.78000000	-0.03708725
17.80000000	-0.03664002
17.82000000	-0.03416028
17.84000000	-0.03172726
17.86000000	-0.03119674
17.88000000	-0.03320666
17.90000000	-0.03709870
17.92000000	-0.04058984
17.94000000	-0.04100662
17.96000000	-0.03834430
17.98000000	-0.03609756
18.00000000	-0.03786862
18.02000000	-0.04364403
18.04000000	-0.05017290
18.06000000	-0.05455460
18.08000000	-0.05646658
18.10000000	-0.05709005
18.12000000	-0.05722771
18.14000000	-0.05696687
18.16000000	-0.05624944
18.18000000	-0.05508602
18.20000000	-0.05349149
18.22000000	-0.05147689
18.24000000	-0.04899771
18.26000000	-0.04595058
18.28000000	-0.04226865
18.30000000	-0.03788025
18.32000000	-0.03274796
18.34000000	-0.02702900
18.36000000	-0.02065795
18.38000000	-0.01306200
18.40000000	-0.00438569
18.42000000	0.00366104
18.44000000	0.00937825
18.46000000	0.01237576
18.48000000	0.01270177
18.50000000	0.01071277
18.52000000	0.00829064
18.54000000	0.00791673
18.56000000	0.00956330
18.58000000	0.00968619
18.60000000	0.00446709
18.62000000	-0.00583784
18.64000000	-0.01680671
18.66000000	-0.02445777
18.68000000	-0.02816983
18.70000000	-0.02845551
18.72000000	-0.02485908
18.74000000	-0.01788590
18.76000000	-0.01047253
18.78000000	-0.00558933
18.80000000	-0.00393272
18.82000000	-0.00490605
18.84000000	-0.00851650
18.86000000	-0.01530965
18.88000000	-0.02449523
18.90000000	-0.03292794
18.92000000	-0.03714636
18.94000000	-0.03659397
18.96000000	-0.03389053
18.98000000	-0.03131492
19.00000000	-0.02803445
19.02000000	-0.02250225
19.04000000	-0.01618780
19.06000000	-0.01211548
19.08000000	-0.01142069
19.10000000	-0.01377635
19.12000000	-0.01871892
19.14000000	-0.02495785
19.16000000	-0.03084986
19.18000000	-0.03621663
19.20000000	-0.04199658
19.22000000	-0.04789509
19.24000000	-0.05129191
19.26000000	-0.04931942
19.28000000	-0.04226304
19.30000000	-0.03380201
19.32000000	-0.02741084
19.34000000	-0.02384179
19.36000000	-0.02242701
19.38000000	-0.02326318
19.40000000	-0.02696540
19.42000000	-0.03256777
19.44000000	-0.03695052
19.46000000	-0.03687948
19.48000000	-0.03103596
19.50000000	-0.02073539
19.52000000	-0.00947548
19.54000000	-0.00058748
19.56000000	0.00498476
19.58000000	0.00778648
19.60000000	0.00787428
19.62000000	0.00487838
19.64000000	-0.00088520
19.66000000	-0.00829353
19.68000000	-0.01631813
19.70000000	-0.02470825
19.72000000	-0.03365487
19.74000000	-0.04304569
19.76000000	-0.05226969
19.78000000	-0.06055657
19.80000000	-0.06723908
19.82000000	-0.07171001
19.84000000	-0.07361431
19.86000000	-0.07346674
19.88000000	-0.07269765
19.90000000	-0.07284027
19.92000000	-0.07466751
19.94000000	-0.07738208
19.96000000	-0.07868040
19.98000000	-0.07658797
20.00000000	-0.07054278
20.02000000	-0.06045773
20.04000000	-0.04697942
20.06000000	-0.03258446
20.08000000	-0.01991466
20.10000000	-0.00962461
20.12000000	-0.00132176
20.14000000	0.00488185
20.16000000	0.00862013
20.18000000	0.00985580
20.20000000	0.00880665
20.22000000	0.00544494
20.24000000	-0.00064411
20.26000000	-0.00884004
20.28000000	-0.01635867
20.30000000	-0.02035199
20.32000000	-0.02033831
20.34000000	-0.01678044
20.36000000	-0.00917501
20.38000000	0.00193449
20.40000000	0.01306919
20.42000000	0.02072462
20.44000000	0.02441021
20.46000000	0.02464789
20.48000000	0.02077689
20.50000000	0.01352837
20.52000000	0.00676754
20.54000000	0.00398538
20.56000000	0.00596479
20.58000000	0.01271463
20.60000000	0.02343683
20.62000000	0.03469126
20.64000000	0.04276036
20.66000000	0.04684433
20.68000000	0.04748658
20.70000000	0.04452667
20.72000000	0.03802836
20.74000000	0.02812256
20.76000000	0.01409333
20.78000000	-0.00299421
20.80000000	-0.01846436
20.82000000	-0.02797199
20.84000000	-0.03045348
20.86000000	-0.02599465
20.88000000	-0.01555258
20.90000000	-0.00289540
20.92000000	0.00777300
20.94000000	0.01547014
20.96000000	0.02171993
20.98000000	0.02796297
21.00000000	0.03369620
21.02000000	0.03639624
21.04000000	0.03510542
21.06000000	0.03298061
21.08000000	0.03370856
21.10000000	0.03814947
21.12000000	0.04605408
21.14000000	0.05683383
21.16000000	0.06801938
21.18000000	0.07676029
21.20000000	0.08237665
21.22000000	0.08536043
21.24000000	0.08564938
21.26000000	0.08316806
21.28000000	0.07856817
21.30000000	0.07269778
21.32000000	0.06568811
21.34000000	0.05701980
21.36000000	0.04724766
21.38000000	0.03883705
21.40000000	0.03360507
21.42000000	0.03049916
21.44000000	0.02752785
21.46000000	0.02437044
21.48000000	0.02209028
21.50000000	0.02157623
21.52000000	0.02247438
21.54000000	0.02318387
21.56000000	0.02223759
21.58000000	0.01924977
21.60000000	0.01428978
21.62000000	0.00765535
21.64000000	0.00047055
21.66000000	-0.00583365
21.68000000	-0.01098126
21.70000000	-0.01625435
21.72000000	-0.02292349
21.74000000	-0.03065111
21.76000000	-0.03913768
21.78000000	-0.04976603
21.80000000	-0.06107861
21.82000000	-0.06574833
21.84000000	-0.05903889
21.86000000	-0.04599397
21.88000000	-0.03406695
21.90000000	-0.02484371
21.92000000	-0.01690486
21.94000000	-0.00968867
21.96000000	-0.00258953
21.98000000	0.00442528
22.00000000	0.00957078
22.02000000	0.01127337
22.04000000	0.00924229
22.06000000	0.00315499
22.08000000	-0.00614071
22.10000000	-0.01501508
22.12000000	-0.01995661
22.14000000	-0.02009796
22.16000000	-0.01554545
22.18000000	-0.00701990
22.20000000	0.00266527
22.22000000	0.01047412
22.24000000	0.01562304
22.26000000	0.01844332
22.28000000	0.01927865
22.30000000	0.01927734
22.32000000	0.01993801
22.34000000	0.02176554
22.36000000	0.02431273
22.38000000	0.02687365
22.40000000	0.02890873
22.42000000	0.03023663
22.44000000	0.03081884
22.46000000	0.03076280
22.48000000	0.03061089
22.50000000	0.03058437
22.52000000	0.02958574
22.54000000	0.02623340
22.56000000	0.02044858
22.58000000	0.01251931
22.60000000	0.00181199
22.62000000	-0.01086460
22.64000000	-0.02061232
22.66000000	-0.02185519
22.68000000	-0.01453269
22.70000000	-0.00399349
22.72000000	0.00507879
22.74000000	0.01200745
22.76000000	0.01809369
22.78000000	0.02414276
22.80000000	0.02997184
22.82000000	0.03463004
22.84000000	0.03714771
22.86000000	0.03740174
22.88000000	0.03556714
22.90000000	0.03132022
22.92000000	0.02500727
22.94000000	0.01857219
22.96000000	0.01353706
22.98000000	0.00927999
23.00000000	0.00463971
23.02000000	-0.00056720
23.04000000	-0.00632741
23.06000000	-0.01236723
23.08000000	-0.01689008
23.10000000	-0.01766932
23.12000000	-0.01472215
23.14000000	-0.01026137
23.16000000	-0.00615957
23.18000000	-0.00281036
23.20000000	0.00004199
23.22000000	0.00264503
23.24000000	0.00493979
23.26000000	0.00621026
23.28000000	0.00560527
23.30000000	0.00300739
23.32000000	-0.00142279
23.34000000	-0.00794909
23.36000000	-0.01625176
23.38000000	-0.02447479
23.40000000	-0.03072506
23.42000000	-0.03473719
23.44000000	-0.03681118
23.46000000	-0.03656283
23.48000000	-0.03435565
23.50000000	-0.03214744
23.52000000	-0.03138863
23.54000000	-0.03235696
23.56000000	-0.03561949
23.58000000	-0.04025932
23.60000000	-0.04206476
23.62000000	-0.03837406
23.64000000	-0.03234466
23.66000000	-0.02883135
23.68000000	-0.02931191
23.70000000	-0.03217876
23.72000000	-0.03476705
23.74000000	-0.03490933
23.76000000	-0.03168754
23.78000000	-0.02494923
23.80000000	-0.01582401
23.82000000	-0.00763565
23.84000000	-0.00418354
23.86000000	-0.00710317
23.88000000	-0.01477453
23.90000000	-0.02313127
23.92000000	-0.02863198
23.94000000	-0.03021024
23.96000000	-0.02795115
23.98000000	-0.02266011
24.00000000	-0.01695816
24.02000000	-0.01370011
24.04000000	-0.01376056
24.06000000	-0.01672684
24.08000000	-0.02225678
24.10000000	-0.03067822
24.12000000	-0.04264228
24.14000000	-0.05658044
24.16000000	-0.06730181
24.18000000	-0.06904317
24.20000000	-0.05938579
24.22000000	-0.04106180
24.24000000	-0.02128329
24.26000000	-0.00736120
24.28000000	-0.00173269
24.30000000	-0.00252826
24.32000000	-0.00935897
24.34000000	-0.02496332
24.36000000	-0.04655687
24.38000000	-0.06134924
24.40000000	-0.06043863
24.42000000	-0.05024522
24.44000000	-0.04113381
24.46000000	-0.03516513
24.48000000	-0.03094338
24.50000000	-0.02801328
24.52000000	-0.02348547
24.54000000	-0.01420549
24.56000000	-0.00186043
24.58000000	0.00991481
24.60000000	0.02070896
24.62000000	0.03218168
24.64000000	0.04428468
24.66000000	0.05488778
24.68000000	0.06213583
24.70000000	0.06554994
24.72000000	0.06517185
24.74000000	0.06140401
24.76000000	0.05557019
24.78000000	0.04918222
24.80000000	0.04279636
24.82000000	0.03596739
24.84000000	0.02791068
24.86000000	0.01826697
24.88000000	0.00692709
24.90000000	-0.00665116
24.92000000	-0.02159338
24.94000000	-0.03306245
24.96000000	-0.03545916
24.98000000	-0.02886989
25.00000000	-0.01892818
25.02000000	-0.01056459
25.04000000	-0.00500436
25.06000000	-0.00114803
25.08000000	0.00370337
25.10000000	0.01262431
25.12000000	0.02565412
25.14000000	0.03921215
25.16000000	0.05003917
25.18000000	0.05757551
25.20000000	0.06224761
25.22000000	0.06401647
25.24000000	0.06314448
25.26000000	0.06039585
25.28000000	0.05579905
25.30000000	0.04886164
25.32000000	0.04018245
25.34000000	0.03004776
25.36000000	0.01675809
25.38000000	0.00214929
25.40000000	-0.00454578
25.42000000	0.00286504
25.44000000	0.01791138
25.46000000	0.03058091
25.48000000	0.03949630
25.50000000	0.04874747
25.52000000	0.06008656
25.54000000	0.07343246
25.56000000	0.08941668
25.58000000	0.10721982
25.60000000	0.12310516
25.62000000	0.13355757
25.64000000	0.13760803
25.66000000	0.13563330
25.68000000	0.12810439
25.70000000	0.11469457
25.72000000	0.09439148
25.74000000	0.06933032
25.76000000	0.04694320
25.78000000	0.03509958
25.80000000	0.03680988
25.82000000	0.04920054
25.84000000	0.06483626
25.86000000	0.07662441
25.88000000	0.08288475
25.90000000	0.08473878
25.92000000	0.08142873
25.94000000	0.07378153
25.96000000	0.06904569
25.98000000	0.07553646
26.00000000	0.09320677
26.02000000	0.11416150
26.04000000	0.13170076
26.06000000	0.14463208
26.08000000	0.15374612
26.10000000	0.15893901
26.12000000	0.16000939
26.14000000	0.15706435
26.16000000	0.15006132
26.18000000	0.13911848
26.20000000	0.12424546
26.22000000	0.10494990
26.24000000	0.08207426
26.26000000	0.05909152
26.28000000	0.03953689
26.30000000	0.02439484
26.32000000	0.01291628
26.34000000	0.00416246
26.36000000	-0.00256471
26.38000000	-0.00750539
26.40000000	-0.01070642
26.42000000	-0.01258019
26.44000000	-0.01365519
26.46000000	-0.01410350
26.48000000	-0.01382485
26.50000000	-0.01270330
26.52000000	-0.01094814
26.54000000	-0.00919750
26.56000000	-0.00794672
26.58000000	-0.00734713
26.60000000	-0.00757228
26.62000000	-0.00823554
26.64000000	-0.00784644
26.66000000	-0.00506347
26.68000000	0.00046741
26.70000000	0.00886792
26.72000000	0.01959375
26.74000000	0.03044507
26.76000000	0.03912973
26.78000000	0.04508755
26.80000000	0.04861380
26.82000000	0.04984048
26.84000000	0.04931115
26.86000000	0.04791285
26.88000000	0.04582050
26.90000000	0.04266668
26.92000000	0.03887559
26.94000000	0.03593584
26.96000000	0.03533894
26.98000000	0.03772261
27.00000000	0.04244070
27.02000000	0.04756826
27.04000000	0.05124231
27.06000000	0.05303293
27.08000000	0.05322599
27.10000000	0.05167000
27.12000000	0.04850645
27.14000000	0.04509478
27.16000000	0.04295017
27.18000000	0.04211020
27.20000000	0.04120585
27.22000000	0.03894198
27.24000000	0.03528850
27.26000000	0.03145756
27.28000000	0.02870509
27.30000000	0.02696351
27.32000000	0.02495543
27.34000000	0.02166864
27.36000000	0.01690552
27.38000000	0.01059840
27.40000000	0.00303574
27.42000000	-0.00442348
27.44000000	-0.01032553
27.46000000	-0.01441730
27.48000000	-0.01692976
27.50000000	-0.01763922
27.52000000	-0.01679589
27.54000000	-0.01585871
27.56000000	-0.01625799
27.58000000	-0.01829127
27.60000000	-0.02165216
27.62000000	-0.02614476
27.64000000	-0.03181906
27.66000000	-0.03885521
27.68000000	-0.04691244
27.70000000	-0.05471623
27.72000000	-0.06098900
27.74000000	-0.06537271
27.76000000	-0.06806683
27.78000000	-0.06912213
27.80000000	-0.06800648
27.82000000	-0.06389750
27.84000000	-0.05730642
27.86000000	-0.05071740
27.88000000	-0.04641051
27.90000000	-0.04494475
27.92000000	-0.04624193
27.94000000	-0.04983750
27.96000000	-0.05394445
27.98000000	-0.05648643
28.00000000	-0.05689090
28.02000000	-0.05565160
28.04000000	-0.05276953
28.06000000	-0.04773815
28.08000000	-0.04115410
28.10000000	-0.03519577
28.12000000	-0.03172468
28.14000000	-0.03123051
28.16000000	-0.03382614
28.18000000	-0.03889184
28.20000000	-0.04404688
28.22000000	-0.04689939
28.24000000	-0.04682759
28.26000000	-0.04396756
28.28000000	-0.03877137
28.30000000	-0.03291970
28.32000000	-0.02837661
28.34000000	-0.02571061
28.36000000	-0.02443692
28.38000000	-0.02405414
28.40000000	-0.02419546
28.42000000	-0.02460412
28.44000000	-0.02536226
28.46000000	-0.02687749
28.48000000	-0.02922831
28.50000000	-0.03145817
28.52000000	-0.03226873
28.54000000	-0.03177238
28.56000000	-0.03161100
28.58000000	-0.03308371
28.60000000	-0.03644199
28.62000000	-0.04180836
28.64000000	-0.04875384
28.66000000	-0.05527457
28.68000000	-0.05924411
28.70000000	-0.06027827
28.72000000	-0.05871243
28.74000000	-0.05425440
28.76000000	-0.04722291
28.78000000	-0.03956628
28.80000000	-0.03322943
28.82000000	-0.02863382
28.84000000	-0.02545057
28.86000000	-0.02371449
28.88000000	-0.02362662
28.90000000	-0.02493509
28.92000000	-0.02690584
28.94000000	-0.02878328
28.96000000	-0.03026996
28.98000000	-0.03167938
29.00000000	-0.03357885
29.02000000	-0.03638433
29.04000000	-0.04042977
29.06000000	-0.04576217
29.08000000	-0.05175316
29.10000000	-0.05775214
29.12000000	-0.06300809
29.14000000	-0.06543647
29.16000000	-0.06369712
29.18000000	-0.06026063
29.20000000	-0.05830914
29.22000000	-0.05753646
29.24000000	-0.05639851
29.26000000	-0.05504523
29.28000000	-0.05395618
29.30000000	-0.05287070
29.32000000	-0.05168573
29.34000000	-0.05056704
29.36000000	-0.04948812
29.38000000	-0.04838372
29.40000000	-0.04729581
29.42000000	-0.04623564
29.44000000	-0.04517851
29.46000000	-0.04413084
29.48000000	-0.04310152
29.50000000	-0.04208324
29.52000000	-0.04107481
29.54000000	-0.04008020
29.56000000	-0.03909818
29.58000000	-0.03812737
29.60000000	-0.03716905
29.62000000	-0.03622328
29.64000000	-0.03528937
29.66000000	-0.03436767
29.68000000	-0.03345834
29.70000000	-0.03256108
29.72000000	-0.03167602
29.74000000	-0.03080324
29.76000000	-0.02994258
29.78000000	-0.02909413
29.80000000	-0.02825794
29.82000000	-0.02743387
29.84000000	-0.02662202
29.86000000	-0.02582243
29.88000000	-0.02503494
29.90000000	-0.02425970
29.92000000	-0.02349670
29.94000000	-0.02274581
29.96000000	-0.02200716
29.98000000	-0.02128076
30.00000000	-0.02056646
30.02000000	-0.01986441
30.04000000	-0.01917460
30.06000000	-0.01849690
30.08000000	-0.01783144
30.10000000	-0.01717823
30.12000000	-0.01653713
30.14000000	-0.01590826
30.16000000	-0.01529164
30.18000000	-0.01468714
30.20000000	-0.01409487
30.22000000	-0.01351485
30.24000000	-0.01294693
30.26000000	-0.01239126
30.28000000	-0.01184783
30.30000000	-0.01131651
30.32000000	-0.01079744
30.34000000	-0.01029060
30.36000000	-0.00979588
30.38000000	-0.00931340
30.40000000	-0.00884317
30.42000000	-0.00838503
30.44000000	-0.00793915
30.46000000	-0.00750551
30.48000000	-0.00708397
30.50000000	-0.00667468
30.52000000	-0.00627766
30.54000000	-0.00589269
30.56000000	-0.00551998
30.58000000	-0.00515960
30.60000000	-0.00481123
30.62000000	-0.00447498
30.64000000	-0.00415140
30.66000000	-0.00384049
30.68000000	-0.00354170
30.70000000	-0.00325492
30.72000000	-0.00298048
30.74000000	-0.00271828
30.76000000	-0.00246814
30.78000000	-0.00223027
30.80000000	-0.00200465
30.82000000	-0.00179114
30.84000000	-0.00158986
30.86000000	-0.00140083
30.88000000	-0.00122391
30.90000000	-0.00105923
30.92000000	-0.00090679
30.94000000	-0.00076647
30.96000000	-0.00063839
30.98000000	-0.00052253
31.00000000	-0.00041879
31.02000000	-0.00032736
31.04000000	-0.00024808
31.06000000	-0.00018086
31.08000000	-0.00012612
31.10000000	-0.00008350
31.12000000	-0.00005258
31.14000000	-0.00003467
31.16000000	-0.00002880
31.18000000	-0.00002835
