0.00000000	-0.00062369
0.01000000	-0.00042897
0.02000000	-0.00033556
0.03000000	-0.00032662
0.04000000	-0.00024665
0.05000000	0.00009886
0.06000000	0.00078611
0.07000000	0.00167962
0.08000000	0.00249175
0.09000000	0.00296650
0.10000000	0.00304917
0.11000000	0.00290532
0.12000000	0.00277462
0.13000000	0.00277973
0.14000000	0.00284436
0.15000000	0.00278108
0.16000000	0.00246999
0.17000000	0.00197893
0.18000000	0.00153007
0.19000000	0.00134564
0.20000000	0.00149791
0.21000000	0.00186987
0.22000000	0.00223253
0.23000000	0.00236317
0.24000000	0.00212673
0.25000000	0.00149685
0.26000000	0.00053896
0.27000000	-0.00061885
0.28000000	-0.00182040
0.29000000	-0.00291969
0.30000000	-0.00380800
0.31000000	-0.00441252
0.32000000	-0.00467090
0.33000000	-0.00451265
0.34000000	-0.00387900
0.35000000	-0.00277951
0.36000000	-0.00134564
0.37000000	0.00016641
0.38000000	0.00144076
0.39000000	0.00221083
0.40000000	0.00236098
0.41000000	0.00196752
0.42000000	0.00125121
0.43000000	0.00046341
0.44000000	-0.00022057
0.45000000	-0.00072094
0.46000000	-0.00097319
0.47000000	-0.00083606
0.48000000	-0.00011108
0.49000000	0.00129774
0.50000000	0.00320881
0.51000000	0.00515177
0.52000000	0.00658173
0.53000000	0.00718458
0.54000000	0.00704267
0.55000000	0.00652953
0.56000000	0.00601383
0.57000000	0.00559313
0.58000000	0.00504152
0.59000000	0.00399135
0.60000000	0.00220912
0.61000000	-0.00022708
0.62000000	-0.00295998
0.63000000	-0.00555240
0.64000000	-0.00769531
0.65000000	-0.00927918
0.66000000	-0.01030921
0.67000000	-0.01077493
0.68000000	-0.01060531
0.69000000	-0.00974097
0.70000000	-0.00823584
0.71000000	-0.00628049
0.72000000	-0.00412857
0.73000000	-0.00200088
0.74000000	-0.00004810
0.75000000	0.00162146
0.76000000	0.00290785
0.77000000	0.00372861
0.78000000	0.00405919
0.79000000	0.00395898
0.80000000	0.00355614
0.81000000	0.00299663
0.82000000	0.00237653
0.83000000	0.00168566
0.84000000	0.00080394
0.85000000	-0.00041176
0.86000000	-0.00196292
0.87000000	-0.00355844
0.88000000	-0.00460963
0.89000000	-0.00444233
0.90000000	-0.00265426
0.91000000	0.00058259
0.92000000	0.00448654
0.93000000	0.00797522
0.94000000	0.01017616
0.95000000	0.01082873
0.96000000	0.01030477
0.97000000	0.00923786
0.98000000	0.00804644
0.99000000	0.00670429
1.00000000	0.00489359
1.01000000	0.00237384
1.02000000	-0.00073992
1.03000000	-0.00398953
1.04000000	-0.00684031
1.05000000	-0.00899165
1.06000000	-0.01051630
1.07000000	-0.01174819
1.08000000	-0.01300976
1.09000000	-0.01436842
1.10000000	-0.01557447
1.11000000	-0.01618594
1.12000000	-0.01575557
1.13000000	-0.01396074
1.14000000	-0.01066778
1.15000000	-0.00599493
1.16000000	-0.00039068
1.17000000	0.00535131
1.18000000	0.01023427
1.19000000	0.01334634
1.20000000	0.01416398
1.21000000	0.01272782
1.22000000	0.00963389
1.23000000	0.00586142
1.24000000	0.00248778
1.25000000	0.00037012
1.26000000	-0.00008749
1.27000000	0.00102370
1.28000000	0.00327293
1.29000000	0.00613125
1.30000000	0.00914000
1.31000000	0.01191929
1.32000000	0.01406480
1.33000000	0.01507710
1.34000000	0.01445490
1.35000000	0.01196615
1.36000000	0.00795452
1.37000000	0.00344330
1.38000000	-0.00014057
1.39000000	-0.00157087
1.40000000	-0.00044066
1.41000000	0.00259769
1.42000000	0.00615262
1.43000000	0.00877730
1.44000000	0.00956766
1.45000000	0.00831710
1.46000000	0.00523966
1.47000000	0.00060396
1.48000000	-0.00537202
1.49000000	-0.01231823
1.50000000	-0.01946779
1.51000000	-0.02566387
1.52000000	-0.02967388
1.53000000	-0.03063019
1.54000000	-0.02835246
1.55000000	-0.02337669
1.56000000	-0.01666004
1.57000000	-0.00911947
1.58000000	-0.00129470
1.59000000	0.00664151
1.60000000	0.01455415
1.61000000	0.02195880
1.62000000	0.02787603
1.63000000	0.03106978
1.64000000	0.03057717
1.65000000	0.02625578
1.66000000	0.01903029
1.67000000	0.01064631
1.68000000	0.00300311
1.69000000	-0.00259339
1.70000000	-0.00584504
1.71000000	-0.00734995
1.72000000	-0.00810064
1.73000000	-0.00888710
1.74000000	-0.00985091
1.75000000	-0.01035459
1.76000000	-0.00927159
1.77000000	-0.00564862
1.78000000	0.00056862
1.79000000	0.00820187
1.80000000	0.01517323
1.81000000	0.01934413
1.82000000	0.01936287
1.83000000	0.01508148
1.84000000	0.00745736
1.85000000	-0.00186231
1.86000000	-0.01105200
1.87000000	-0.01859033
1.88000000	-0.02361715
1.89000000	-0.02603573
1.90000000	-0.02627736
1.91000000	-0.02483105
1.92000000	-0.02183061
1.93000000	-0.01698643
1.94000000	-0.00992179
1.95000000	-0.00070015
1.96000000	0.00980037
1.97000000	0.01993456
1.98000000	0.02780045
1.99000000	0.03198037
2.00000000	0.03210760
2.01000000	0.02890736
2.02000000	0.02366054
2.03000000	0.01742768
2.04000000	0.01056899
2.05000000	0.00290718
2.06000000	-0.00560337
2.07000000	-0.01424908
2.08000000	-0.02151427
2.09000000	-0.02571573
2.10000000	-0.02587037
2.11000000	-0.02217304
2.12000000	-0.01577657
2.13000000	-0.00809151
2.14000000	-0.00014881
2.15000000	0.00753026
2.16000000	0.01454044
2.17000000	0.02009003
2.18000000	0.02291446
2.19000000	0.02181804
2.20000000	0.01653533
2.21000000	0.00827373
2.22000000	-0.00055264
2.23000000	-0.00733411
2.24000000	-0.01042543
2.25000000	-0.00977650
2.26000000	-0.00674676
2.27000000	-0.00331605
2.28000000	-0.00116596
2.29000000	-0.00105542
2.30000000	-0.00267909
2.31000000	-0.00495141
2.32000000	-0.00653111
2.33000000	-0.00641000
2.34000000	-0.00442412
2.35000000	-0.00149818
2.36000000	0.00061837
2.37000000	0.00021351
2.38000000	-0.00325722
2.39000000	-0.00851094
2.40000000	-0.01291193
2.41000000	-0.01401681
2.42000000	-0.01123470
2.43000000	-0.00639722
2.44000000	-0.00273466
2.45000000	-0.00289119
2.46000000	-0.00730757
2.47000000	-0.01402616
2.48000000	-0.01994377
2.49000000	-0.02253659
2.50000000	-0.02086731
2.51000000	-0.01539039
2.52000000	-0.00706739
2.53000000	0.00327250
2.54000000	0.01482673
2.55000000	0.02627606
2.56000000	0.03556474
2.57000000	0.04050177
2.58000000	0.03992885
2.59000000	0.03458312
2.60000000	0.02685955
2.61000000	0.01947777
2.62000000	0.01395705
2.63000000	0.01000211
2.64000000	0.00619038
2.65000000	0.00132511
2.66000000	-0.00464759
2.67000000	-0.01078554
2.68000000	-0.01603848
2.69000000	-0.01999245
2.70000000	-0.02283354
2.71000000	-0.02463608
2.72000000	-0.02467188
2.73000000	-0.02144749
2.74000000	-0.01362286
2.75000000	-0.00125830
2.76000000	0.01350413
2.77000000	0.02691534
2.78000000	0.03508904
2.79000000	0.03564758
2.80000000	0.02861721
2.81000000	0.01613825
2.82000000	0.00127895
2.83000000	-0.01329177
2.84000000	-0.02605540
2.85000000	-0.03654282
2.86000000	-0.04465420
2.87000000	-0.05000706
2.88000000	-0.05183262
2.89000000	-0.04947220
2.90000000	-0.04302605
2.91000000	-0.03358899
2.92000000	-0.02285345
2.93000000	-0.01235418
2.94000000	-0.00287162
2.95000000	0.00564109
2.96000000	0.01361848
2.97000000	0.02124986
2.98000000	0.02804821
2.99000000	0.03287543
3.00000000	0.03441835
3.01000000	0.03185092
3.02000000	0.02531665
3.03000000	0.01600665
3.04000000	0.00587021
3.05000000	-0.00285910
3.06000000	-0.00818316
3.07000000	-0.00884825
3.08000000	-0.00475569
3.09000000	0.00291611
3.10000000	0.01205339
3.11000000	0.02035935
3.12000000	0.02617742
3.13000000	0.02896854
3.14000000	0.02923069
3.15000000	0.02795927
3.16000000	0.02595442
3.17000000	0.02331660
3.18000000	0.01937006
3.19000000	0.01306973
3.20000000	0.00372627
3.21000000	-0.00830323
3.22000000	-0.02135991
3.23000000	-0.03289136
3.24000000	-0.04039562
3.25000000	-0.04242387
3.26000000	-0.03906596
3.27000000	-0.03162593
3.28000000	-0.02173297
3.29000000	-0.01055437
3.30000000	0.00130003
3.31000000	0.01319483
3.32000000	0.02386453
3.33000000	0.03151324
3.34000000	0.03472162
3.35000000	0.03349361
3.36000000	0.02955076
3.37000000	0.02552564
3.38000000	0.02356382
3.39000000	0.02428822
3.40000000	0.02676920
3.41000000	0.02938248
3.42000000	0.03085068
3.43000000	0.03076734
3.44000000	0.02940310
3.45000000	0.02713314
3.46000000	0.02400575
3.47000000	0.01973563
3.48000000	0.01401128
3.49000000	0.00678615
3.50000000	-0.00167421
3.51000000	-0.01093207
3.52000000	-0.02048105
3.53000000	-0.02970831
3.54000000	-0.03785089
3.55000000	-0.04413567
3.56000000	-0.04808414
3.57000000	-0.04973763
3.58000000	-0.04957394
3.59000000	-0.04814099
3.60000000	-0.04568799
3.61000000	-0.04209001
3.62000000	-0.03713163
3.63000000	-0.03094081
3.64000000	-0.02424858
3.65000000	-0.01824698
3.66000000	-0.01404929
3.67000000	-0.01200070
3.68000000	-0.01123686
3.69000000	-0.00985003
3.70000000	-0.00573839
3.71000000	0.00222738
3.72000000	0.01338801
3.73000000	0.02536199
3.74000000	0.03499398
3.75000000	0.03965297
3.76000000	0.03820509
3.77000000	0.03128116
3.78000000	0.02089702
3.79000000	0.00972763
3.80000000	0.00031822
3.81000000	-0.00558195
3.82000000	-0.00742896
3.83000000	-0.00593925
3.84000000	-0.00277424
3.85000000	0.00005932
3.86000000	0.00092834
3.87000000	-0.00080443
3.88000000	-0.00449096
3.89000000	-0.00842379
3.90000000	-0.01057556
3.91000000	-0.00956097
3.92000000	-0.00530203
3.93000000	0.00105363
3.94000000	0.00795703
3.95000000	0.01443381
3.96000000	0.02042026
3.97000000	0.02616689
3.98000000	0.03126971
3.99000000	0.03430172
4.00000000	0.03354011
4.01000000	0.02829512
4.02000000	0.01973955
4.03000000	0.01050201
4.04000000	0.00330293
4.05000000	-0.00035126
4.06000000	-0.00054946
4.07000000	0.00162399
4.08000000	0.00499360
4.09000000	0.00874514
4.10000000	0.01221180
4.11000000	0.01440987
4.12000000	0.01393303
4.13000000	0.00945982
4.14000000	0.00056265
4.15000000	-0.01179308
4.16000000	-0.02547388
4.17000000	-0.03802194
4.18000000	-0.04758571
4.19000000	-0.05339106
4.20000000	-0.05557371
4.21000000	-0.05462638
4.22000000	-0.05091158
4.23000000	-0.04456997
4.24000000	-0.03583459
4.25000000	-0.02545522
4.26000000	-0.01483289
4.27000000	-0.00564447
4.28000000	0.00088896
4.29000000	0.00461545
4.30000000	0.00647393
4.31000000	0.00784036
4.32000000	0.00962457
4.33000000	0.01175217
4.34000000	0.01338280
4.35000000	0.01366062
4.36000000	0.01240777
4.37000000	0.01025417
4.38000000	0.00815525
4.39000000	0.00669802
4.40000000	0.00570567
4.41000000	0.00439099
4.42000000	0.00191221
4.43000000	-0.00206113
4.44000000	-0.00712824
4.45000000	-0.01239183
4.46000000	-0.01697636
4.47000000	-0.02050338
4.48000000	-0.02322470
4.49000000	-0.02569690
4.50000000	-0.02814798
4.51000000	-0.02992370
4.52000000	-0.02944479
4.53000000	-0.02485185
4.54000000	-0.01506798
4.55000000	-0.00066566
4.56000000	0.01604880
4.57000000	0.03189434
4.58000000	0.04419411
4.59000000	0.05188419
4.60000000	0.05568051
4.61000000	0.05720588
4.62000000	0.05765545
4.63000000	0.05689433
4.64000000	0.05359458
4.65000000	0.04630450
4.66000000	0.03469720
4.67000000	0.02013403
4.68000000	0.00517361
4.69000000	-0.00761726
4.70000000	-0.01675260
4.71000000	-0.02215135
4.72000000	-0.02461929
4.73000000	-0.02500668
4.74000000	-0.02371569
4.75000000	-0.02084504
4.76000000	-0.01669225
4.77000000	-0.01208608
4.78000000	-0.00824490
4.79000000	-0.00626374
4.80000000	-0.00657015
4.81000000	-0.00865057
4.82000000	-0.01117136
4.83000000	-0.01246212
4.84000000	-0.01120835
4.85000000	-0.00707378
4.86000000	-0.00091469
4.87000000	0.00559196
4.88000000	0.01073841
4.89000000	0.01354275
4.90000000	0.01404025
4.91000000	0.01299522
4.92000000	0.01129631
4.93000000	0.00945992
4.94000000	0.00753099
4.95000000	0.00536995
4.96000000	0.00305106
4.97000000	0.00101759
4.98000000	-0.00019341
4.99000000	-0.00049846
5.00000000	-0.00063552
5.01000000	-0.00193327
5.02000000	-0.00548383
5.03000000	-0.01125092
5.04000000	-0.01781767
5.05000000	-0.02306129
5.06000000	-0.02533982
5.07000000	-0.02439302
5.08000000	-0.02139153
5.09000000	-0.01816878
5.10000000	-0.01616085
5.11000000	-0.01566908
5.12000000	-0.01579361
5.13000000	-0.01500399
5.14000000	-0.01201326
5.15000000	-0.00649107
5.16000000	0.00077087
5.17000000	0.00834542
5.18000000	0.01504278
5.19000000	0.02066032
5.20000000	0.02614017
5.21000000	0.03298021
5.22000000	0.04217304
5.23000000	0.05326044
5.24000000	0.06409252
5.25000000	0.07152691
5.26000000	0.07276182
5.27000000	0.06659400
5.28000000	0.05390757
5.29000000	0.03715597
5.30000000	0.01920255
5.31000000	0.00221922
5.32000000	-0.01279696
5.33000000	-0.02579245
5.34000000	-0.03705035
5.35000000	-0.04667509
5.36000000	-0.05443285
5.37000000	-0.05989797
5.38000000	-0.06268909
5.39000000	-0.06264368
5.40000000	-0.05992665
5.41000000	-0.05509890
5.42000000	-0.04908531
5.43000000	-0.04295326
5.44000000	-0.03754803
5.45000000	-0.03321028
5.46000000	-0.02981639
5.47000000	-0.02715857
5.48000000	-0.02538598
5.49000000	-0.02513044
5.50000000	-0.02715571
5.51000000	-0.03173783
5.52000000	-0.03820482
5.53000000	-0.04495931
5.54000000	-0.04998565
5.55000000	-0.05156735
5.56000000	-0.04886296
5.57000000	-0.04207897
5.58000000	-0.03217601
5.59000000	-0.02029647
5.60000000	-0.00728016
5.61000000	0.00642198
5.62000000	0.02042141
5.63000000	0.03395663
5.64000000	0.04573464
5.65000000	0.05421306
5.66000000	0.05816536
5.67000000	0.05721429
5.68000000	0.05207746
5.69000000	0.04440885
5.70000000	0.03626718
5.71000000	0.02941321
5.72000000	0.02475700
5.73000000	0.02220488
5.74000000	0.02091974
5.75000000	0.01980861
5.76000000	0.01800860
5.77000000	0.01520358
5.78000000	0.01168723
5.79000000	0.00818045
5.80000000	0.00550991
5.81000000	0.00430857
5.82000000	0.00485367
5.83000000	0.00703846
5.84000000	0.01038800
5.85000000	0.01406255
5.86000000	0.01689789
5.87000000	0.01757666
5.88000000	0.01494885
5.89000000	0.00839096
5.90000000	-0.00197351
5.91000000	-0.01531476
5.92000000	-0.03037013
5.93000000	-0.04577896
5.94000000	-0.06030311
5.95000000	-0.07290902
5.96000000	-0.08282719
5.97000000	-0.08966038
5.98000000	-0.09345133
5.99000000	-0.09458195
6.00000000	-0.09352117
6.01000000	-0.09057814
6.02000000	-0.08578377
6.03000000	-0.07888137
6.04000000	-0.06936397
6.05000000	-0.05662070
6.06000000	-0.04034902
6.07000000	-0.02121228
6.08000000	-0.00135572
6.09000000	0.01577039
6.10000000	0.02651052
6.11000000	0.02860419
6.12000000	0.02237542
6.13000000	0.01071914
6.14000000	-0.00219030
6.15000000	-0.01272521
6.16000000	-0.01911046
6.17000000	-0.02157893
6.18000000	-0.02154441
6.19000000	-0.02050013
6.20000000	-0.01930999
6.21000000	-0.01812464
6.22000000	-0.01672696
6.23000000	-0.01494924
6.24000000	-0.01289770
6.25000000	-0.01091089
6.26000000	-0.00934114
6.27000000	-0.00832982
6.28000000	-0.00772409
6.29000000	-0.00716516
6.30000000	-0.00626746
6.31000000	-0.00480885
6.32000000	-0.00291993
6.33000000	-0.00124933
6.34000000	-0.00096954
6.35000000	-0.00344498
6.36000000	-0.00956798
6.37000000	-0.01908406
6.38000000	-0.03034995
6.39000000	-0.04069723
6.40000000	-0.04716498
6.41000000	-0.04723416
6.42000000	-0.03936813
6.43000000	-0.02330258
6.44000000	-0.00002083
6.45000000	0.02859650
6.46000000	0.06027260
6.47000000	0.09272224
6.48000000	0.12383361
6.49000000	0.15179771
6.50000000	0.17531653
6.51000000	0.19370869
6.52000000	0.20658424
6.53000000	0.21316119
6.54000000	0.21187159
6.55000000	0.20087341
6.56000000	0.17931186
6.57000000	0.14841515
6.58000000	0.11152710
6.59000000	0.07296766
6.60000000	0.03647032
6.61000000	0.00415618
6.62000000	-0.02353006
6.63000000	-0.04723023
6.64000000	-0.06803135
6.65000000	-0.08707982
6.66000000	-0.10530282
6.67000000	-0.12300451
6.68000000	-0.13942924
6.69000000	-0.15268425
6.70000000	-0.16033081
6.71000000	-0.16049247
6.72000000	-0.15275885
6.73000000	-0.13795924
6.74000000	-0.11656865
6.75000000	-0.08696008
6.76000000	-0.04561525
6.77000000	0.00969671
6.78000000	0.07551242
6.79000000	0.14076040
6.80000000	0.18996568
6.81000000	0.21033451
6.82000000	0.19811428
6.83000000	0.16000321
6.84000000	0.10914586
6.85000000	0.05885245
6.86000000	0.01788156
6.87000000	-0.01078154
6.88000000	-0.02818903
6.89000000	-0.03665174
6.90000000	-0.03774256
6.91000000	-0.03190964
6.92000000	-0.01939593
6.93000000	-0.00145449
6.94000000	0.01917210
6.95000000	0.03892017
6.96000000	0.05476438
6.97000000	0.06528535
6.98000000	0.07068032
6.99000000	0.07177499
7.00000000	0.06887193
7.01000000	0.06135811
7.02000000	0.04836107
7.03000000	0.02995315
7.04000000	0.00802631
7.05000000	-0.01383393
7.06000000	-0.03153749
7.07000000	-0.04213695
7.08000000	-0.04498631
7.09000000	-0.04169787
7.10000000	-0.03490926
7.11000000	-0.02665390
7.12000000	-0.01742625
7.13000000	-0.00658079
7.14000000	0.00624731
7.15000000	0.01979363
7.16000000	0.03098178
7.17000000	0.03615145
7.18000000	0.03287328
7.19000000	0.02110663
7.20000000	0.00303070
7.21000000	-0.01807360
7.22000000	-0.03894271
7.23000000	-0.05686678
7.24000000	-0.06980745
7.25000000	-0.07648668
7.26000000	-0.07644041
7.27000000	-0.06974673
7.28000000	-0.05643027
7.29000000	-0.03603338
7.30000000	-0.00786851
7.31000000	0.02810382
7.32000000	0.07041802
7.33000000	0.11588332
7.34000000	0.16001713
7.35000000	0.19769346
7.36000000	0.22377571
7.37000000	0.23404277
7.38000000	0.22669971
7.39000000	0.20386981
7.40000000	0.17167972
7.41000000	0.13814276
7.42000000	0.10978190
7.43000000	0.08911694
7.44000000	0.07456505
7.45000000	0.06250780
7.46000000	0.04985524
7.47000000	0.03548304
7.48000000	0.02010245
7.49000000	0.00522803
7.50000000	-0.00783654
7.51000000	-0.01848656
7.52000000	-0.02677552
7.53000000	-0.03310936
7.54000000	-0.03795422
7.55000000	-0.04171299
7.56000000	-0.04477043
7.57000000	-0.04759470
7.58000000	-0.05077041
7.59000000	-0.05492126
7.60000000	-0.06057747
7.61000000	-0.06806127
7.62000000	-0.07741985
7.63000000	-0.08841336
7.64000000	-0.10057970
7.65000000	-0.11337785
7.66000000	-0.12633771
7.67000000	-0.13910709
7.68000000	-0.15136702
7.69000000	-0.16271899
7.70000000	-0.17264525
7.71000000	-0.18047840
7.72000000	-0.18527051
7.73000000	-0.18572303
7.74000000	-0.18056423
7.75000000	-0.16941474
7.76000000	-0.15346849
7.77000000	-0.13509778
7.78000000	-0.11622471
7.79000000	-0.09648324
7.80000000	-0.07283920
7.81000000	-0.04170078
7.82000000	-0.00269918
7.83000000	0.03856284
7.84000000	0.07154622
7.85000000	0.08578382
7.86000000	0.07670429
7.87000000	0.04811174
7.88000000	0.00962094
7.89000000	-0.02885546
7.90000000	-0.06158360
7.91000000	-0.08787365
7.92000000	-0.10984828
7.93000000	-0.12955249
7.94000000	-0.14740773
7.95000000	-0.16235570
7.96000000	-0.17284124
7.97000000	-0.17769379
7.98000000	-0.17655371
7.99000000	-0.17000593
8.00000000	-0.15959119
8.01000000	-0.14746980
8.02000000	-0.13526849
8.03000000	-0.12213573
8.04000000	-0.10324757
8.05000000	-0.07083311
8.06000000	-0.01861603
8.07000000	0.05260209
8.08000000	0.13275422
8.09000000	0.20643221
8.10000000	0.26063802
8.11000000	0.29065772
8.12000000	0.30000000
8.13000000	0.29552389
8.14000000	0.28257498
8.15000000	0.26373718
8.16000000	0.24057574
8.17000000	0.21529545
8.18000000	0.19047728
8.19000000	0.16760663
8.20000000	0.14615760
8.21000000	0.12417811
8.22000000	0.09990760
8.23000000	0.07315589
8.24000000	0.04544534
8.25000000	0.01896057
8.26000000	-0.00473525
8.27000000	-0.02525390
8.28000000	-0.04301567
8.29000000	-0.05848083
8.30000000	-0.07158785
8.31000000	-0.08166053
8.32000000	-0.08770450
8.33000000	-0.08887238
8.34000000	-0.08486704
8.35000000	-0.07609003
8.36000000	-0.06346099
8.37000000	-0.04805119
8.38000000	-0.03082154
8.39000000	-0.01263398
8.40000000	0.00559288
8.41000000	0.02285928
8.42000000	0.03830689
8.43000000	0.05152318
8.44000000	0.06264152
8.45000000	0.07209355
8.46000000	0.08015620
8.47000000	0.08662753
8.48000000	0.09088993
8.49000000	0.09231512
8.50000000	0.09069181
8.51000000	0.08636115
8.52000000	0.07999400
8.53000000	0.07218897
8.54000000	0.06315128
8.55000000	0.05265052
8.56000000	0.04029872
8.57000000	0.02597625
8.58000000	0.01009581
8.59000000	-0.00649711
8.60000000	-0.02288105
8.61000000	-0.03834390
8.62000000	-0.05236912
8.63000000	-0.06443733
8.64000000	-0.07397252
8.65000000	-0.08058662
8.66000000	-0.08439015
8.67000000	-0.08599006
8.68000000	-0.08606123
8.69000000	-0.08478490
8.70000000	-0.08161892
8.71000000	-0.07566356
8.72000000	-0.06646054
8.73000000	-0.05471089
8.74000000	-0.04237700
8.75000000	-0.03199338
8.76000000	-0.02552003
8.77000000	-0.02338162
8.78000000	-0.02424616
8.79000000	-0.02568203
8.80000000	-0.02534310
8.81000000	-0.02203834
8.82000000	-0.01611117
8.83000000	-0.00896502
8.84000000	-0.00209298
8.85000000	0.00374213
8.86000000	0.00870161
8.87000000	0.01348104
8.88000000	0.01880224
8.89000000	0.02519849
8.90000000	0.03307963
8.91000000	0.04275614
8.92000000	0.05421335
8.93000000	0.06679088
8.94000000	0.07914005
8.95000000	0.08967588
8.96000000	0.09733533
8.97000000	0.10214933
8.98000000	0.10519458
8.99000000	0.10788503
9.00000000	0.11100614
9.01000000	0.11407377
9.02000000	0.11541086
9.03000000	0.11292463
9.04000000	0.10517352
9.05000000	0.09214209
9.06000000	0.07530498
9.07000000	0.05698873
9.08000000	0.03944801
9.09000000	0.02415602
9.10000000	0.01155341
9.11000000	0.00118440
9.12000000	-0.00797412
9.13000000	-0.01711851
9.14000000	-0.02721599
9.15000000	-0.03869044
9.16000000	-0.05134126
9.17000000	-0.06454121
9.18000000	-0.07756370
9.19000000	-0.08981816
9.20000000	-0.10090218
9.21000000	-0.11055455
9.22000000	-0.11863759
9.23000000	-0.12518096
9.24000000	-0.13041009
9.25000000	-0.13467674
9.26000000	-0.13830281
9.27000000	-0.14143967
9.28000000	-0.14404349
9.29000000	-0.14597643
9.30000000	-0.14714796
9.31000000	-0.14758919
9.32000000	-0.14740894
9.33000000	-0.14665653
9.34000000	-0.14517282
9.35000000	-0.14252794
9.36000000	-0.13809287
9.37000000	-0.13117116
9.38000000	-0.12103595
9.39000000	-0.10683011
9.40000000	-0.08758048
9.41000000	-0.06273726
9.42000000	-0.03328374
9.43000000	-0.00266561
9.44000000	0.02360829
9.45000000	0.04007627
9.46000000	0.04404151
9.47000000	0.03701985
9.48000000	0.02385825
9.49000000	0.01022348
9.50000000	0.00028195
9.51000000	-0.00409395
9.52000000	-0.00270808
9.53000000	0.00393929
9.54000000	0.01514848
9.55000000	0.02991285
9.56000000	0.04656241
9.57000000	0.06259506
9.58000000	0.07499128
9.59000000	0.08103604
9.60000000	0.07931767
9.61000000	0.07033613
9.62000000	0.05630368
9.63000000	0.04026288
9.64000000	0.02513015
9.65000000	0.01320176
9.66000000	0.00611998
9.67000000	0.00489347
9.68000000	0.00968753
9.69000000	0.01953245
9.70000000	0.03235035
9.71000000	0.04551626
9.72000000	0.05674002
9.73000000	0.06478055
9.74000000	0.06959822
9.75000000	0.07190670
9.76000000	0.07244829
9.77000000	0.07147336
9.78000000	0.06875554
9.79000000	0.06408738
9.80000000	0.05783460
9.81000000	0.05107153
9.82000000	0.04514826
9.83000000	0.04100092
9.84000000	0.03873286
9.85000000	0.03777703
9.86000000	0.03748086
9.87000000	0.03763706
9.88000000	0.03856476
9.89000000	0.04072053
9.90000000	0.04416230
9.91000000	0.04824823
9.92000000	0.05174597
9.93000000	0.05326343
9.94000000	0.05176100
9.95000000	0.04689659
9.96000000	0.03905893
9.97000000	0.02911623
9.98000000	0.01806674
9.99000000	0.00681157
10.00000000	-0.00386812
10.01000000	-0.01325462
10.02000000	-0.02075103
10.03000000	-0.02608339
10.04000000	-0.02946261
10.05000000	-0.03151716
10.06000000	-0.03301401
10.07000000	-0.03455677
10.08000000	-0.03642903
10.09000000	-0.03861877
10.10000000	-0.04094976
10.11000000	-0.04320343
10.12000000	-0.04513478
10.13000000	-0.04636804
10.14000000	-0.04627634
10.15000000	-0.04401636
10.16000000	-0.03880682
10.17000000	-0.03033086
10.18000000	-0.01899198
10.19000000	-0.00583978
10.20000000	0.00776514
10.21000000	0.02051024
10.22000000	0.03132962
10.23000000	0.03942732
10.24000000	0.04422866
10.25000000	0.04536477
10.26000000	0.04272565
10.27000000	0.03654731
10.28000000	0.02747069
10.29000000	0.01652323
10.30000000	0.00501082
10.31000000	-0.00565364
10.32000000	-0.01414199
10.33000000	-0.01939471
10.34000000	-0.02079380
10.35000000	-0.01831586
10.36000000	-0.01261113
10.37000000	-0.00491592
10.38000000	0.00325352
10.39000000	0.01054847
10.40000000	0.01617423
10.41000000	0.02001687
10.42000000	0.02246458
10.43000000	0.02406496
10.44000000	0.02523427
10.45000000	0.02615223
10.46000000	0.02682378
10.47000000	0.02719772
10.48000000	0.02724851
10.49000000	0.02699936
10.50000000	0.02651874
10.51000000	0.02593208
10.52000000	0.02546236
10.53000000	0.02547076
10.54000000	0.02643829
10.55000000	0.02884217
10.56000000	0.03294677
10.57000000	0.03860550
10.58000000	0.04518090
10.59000000	0.05161114
10.60000000	0.05657840
10.61000000	0.05875568
10.62000000	0.05714538
10.63000000	0.05143831
10.64000000	0.04218745
10.65000000	0.03062760
10.66000000	0.01821264
10.67000000	0.00615121
10.68000000	-0.00481268
10.69000000	-0.01435533
10.70000000	-0.02243204
10.71000000	-0.02918083
10.72000000	-0.03485839
10.73000000	-0.03971584
10.74000000	-0.04379636
10.75000000	-0.04675663
10.76000000	-0.04785717
10.77000000	-0.04619717
10.78000000	-0.04111416
10.79000000	-0.03251988
10.80000000	-0.02096512
10.81000000	-0.00747315
10.82000000	0.00659377
10.83000000	0.01947777
10.84000000	0.02898647
10.85000000	0.03285257
10.86000000	0.02956709
10.87000000	0.01922426
10.88000000	0.00370710
10.89000000	-0.01404116
10.90000000	-0.03121666
10.91000000	-0.04606220
10.92000000	-0.05803660
10.93000000	-0.06739146
10.94000000	-0.07462835
10.95000000	-0.08018005
10.96000000	-0.08432089
10.97000000	-0.08713252
10.98000000	-0.08843953
10.99000000	-0.08779345
11.00000000	-0.08461072
11.01000000	-0.07844599
11.02000000	-0.06924537
11.03000000	-0.05741630
11.04000000	-0.04368485
11.05000000	-0.02887357
11.06000000	-0.01378229
11.07000000	0.00075638
11.08000000	0.01375145
11.09000000	0.02405359
11.10000000	0.03060115
11.11000000	0.03284213
11.12000000	0.03109192
11.13000000	0.02656267
11.14000000	0.02095810
11.15000000	0.01578744
11.16000000	0.01175620
11.17000000	0.00858948
11.18000000	0.00540045
11.19000000	0.00136624
11.20000000	-0.00372966
11.21000000	-0.00941138
11.22000000	-0.01485175
11.23000000	-0.01932147
11.24000000	-0.02242429
11.25000000	-0.02403730
11.26000000	-0.02411369
11.27000000	-0.02253945
11.28000000	-0.01911043
11.29000000	-0.01360030
11.30000000	-0.00589818
11.31000000	0.00379313
11.32000000	0.01476532
11.33000000	0.02575155
11.34000000	0.03511069
11.35000000	0.04121066
11.36000000	0.04285588
11.37000000	0.03960909
11.38000000	0.03193799
11.39000000	0.02115541
11.40000000	0.00912142
11.41000000	-0.00225591
11.42000000	-0.01154566
11.43000000	-0.01809952
11.44000000	-0.02199853
11.45000000	-0.02372104
11.46000000	-0.02377205
11.47000000	-0.02249134
11.48000000	-0.02009107
11.49000000	-0.01681192
11.50000000	-0.01304033
11.51000000	-0.00929621
11.52000000	-0.00610488
11.53000000	-0.00384029
11.54000000	-0.00263262
11.55000000	-0.00238102
11.56000000	-0.00284380
11.57000000	-0.00374178
11.58000000	-0.00481858
11.59000000	-0.00583725
11.60000000	-0.00653546
11.61000000	-0.00659545
11.62000000	-0.00568137
11.63000000	-0.00353926
11.64000000	-0.00008300
11.65000000	0.00461953
11.66000000	0.01046349
11.67000000	0.01742072
11.68000000	0.02551723
11.69000000	0.03465240
11.70000000	0.04439569
11.71000000	0.05395040
11.72000000	0.06236070
11.73000000	0.06885561
11.74000000	0.07312466
11.75000000	0.07537672
11.76000000	0.07617686
11.77000000	0.07616272
11.78000000	0.07575991
11.79000000	0.07499445
11.80000000	0.07348193
11.81000000	0.07063648
11.82000000	0.06604615
11.83000000	0.05983140
11.84000000	0.05274729
11.85000000	0.04590415
11.86000000	0.04022706
11.87000000	0.03597696
11.88000000	0.03264858
11.89000000	0.02932207
11.90000000	0.02523428
11.91000000	0.02018273
11.92000000	0.01450764
11.93000000	0.00872440
11.94000000	0.00313798
11.95000000	-0.00226243
11.96000000	-0.00761301
11.97000000	-0.01293381
11.98000000	-0.01808417
11.99000000	-0.02293357
12.00000000	-0.02754520
12.01000000	-0.03217468
12.02000000	-0.03708413
12.03000000	-0.04234292
12.04000000	-0.04777625
12.05000000	-0.05308033
12.06000000	-0.05799614
12.07000000	-0.06241624
12.08000000	-0.06637324
12.09000000	-0.06994305
12.10000000	-0.07313442
12.11000000	-0.07582453
12.12000000	-0.07776495
12.13000000	-0.07864616
12.14000000	-0.07818815
12.15000000	-0.07622518
12.16000000	-0.07276407
12.17000000	-0.06800579
12.18000000	-0.06232770
12.19000000	-0.05623307
12.20000000	-0.05027372
12.21000000	-0.04493680
12.22000000	-0.04049196
12.23000000	-0.03684994
12.24000000	-0.03353964
12.25000000	-0.02987928
12.26000000	-0.02529256
12.27000000	-0.01960342
12.28000000	-0.01313757
12.29000000	-0.00657366
12.30000000	-0.00063172
12.31000000	0.00423868
12.32000000	0.00803599
12.33000000	0.01119971
12.34000000	0.01444588
12.35000000	0.01851782
12.36000000	0.02394331
12.37000000	0.03088685
12.38000000	0.03914582
12.39000000	0.04826680
12.40000000	0.05769526
12.41000000	0.06687062
12.42000000	0.07522670
12.43000000	0.08211063
12.44000000	0.08668156
12.45000000	0.08790180
12.46000000	0.08473842
12.47000000	0.07657817
12.48000000	0.06366325
12.49000000	0.04725012
12.50000000	0.02931694
12.51000000	0.01193938
12.52000000	-0.00332391
12.53000000	-0.01573939
12.54000000	-0.02533323
12.55000000	-0.03256248
12.56000000	-0.03787588
12.57000000	-0.04133127
12.58000000	-0.04245650
12.59000000	-0.04046662
12.60000000	-0.03474907
12.61000000	-0.02534389
12.62000000	-0.01314317
12.63000000	0.00027700
12.64000000	0.01305620
12.65000000	0.02346193
12.66000000	0.03017494
12.67000000	0.03243362
12.68000000	0.03008489
12.69000000	0.02357697
12.70000000	0.01389002
12.71000000	0.00237879
12.72000000	-0.00948027
12.73000000	-0.02039378
12.74000000	-0.02951563
12.75000000	-0.03657000
12.76000000	-0.04176744
12.77000000	-0.04551676
12.78000000	-0.04804202
12.79000000	-0.04912340
12.80000000	-0.04816550
12.81000000	-0.04458005
12.82000000	-0.03821050
12.83000000	-0.02949538
12.84000000	-0.01930390
12.85000000	-0.00863553
12.86000000	0.00158015
12.87000000	0.01050916
12.88000000	0.01737738
12.89000000	0.02152896
12.90000000	0.02261896
12.91000000	0.02082699
12.92000000	0.01691560
12.93000000	0.01203015
12.94000000	0.00730241
12.95000000	0.00346863
12.96000000	0.00071949
12.97000000	-0.00116570
12.98000000	-0.00254814
12.99000000	-0.00372094
13.00000000	-0.00484785
13.01000000	-0.00600417
13.02000000	-0.00723641
13.03000000	-0.00858525
13.04000000	-0.01005585
13.05000000	-0.01155698
13.06000000	-0.01286386
13.07000000	-0.01366137
13.08000000	-0.01367574
13.09000000	-0.01282793
13.10000000	-0.01130439
13.11000000	-0.00948461
13.12000000	-0.00776389
13.13000000	-0.00638341
13.14000000	-0.00536998
13.15000000	-0.00460958
13.16000000	-0.00399324
13.17000000	-0.00353706
13.18000000	-0.00340533
13.19000000	-0.00383042
13.20000000	-0.00498336
13.21000000	-0.00686904
13.22000000	-0.00929585
13.23000000	-0.01192188
13.24000000	-0.01433876
13.25000000	-0.01614241
13.26000000	-0.01696464
13.27000000	-0.01648210
13.28000000	-0.01443893
13.29000000	-0.01069299
13.30000000	-0.00525550
13.31000000	0.00170600
13.32000000	0.00989146
13.33000000	0.01887993
13.34000000	0.02810827
13.35000000	0.03683923
13.36000000	0.04416809
13.37000000	0.04910923
13.38000000	0.05077179
13.39000000	0.04859444
13.40000000	0.04256264
13.41000000	0.03329733
13.42000000	0.02193435
13.43000000	0.00983171
13.44000000	-0.00174687
13.45000000	-0.01184052
13.46000000	-0.01987679
13.47000000	-0.02568871
13.48000000	-0.02948063
13.49000000	-0.03171115
13.50000000	-0.03289560
13.51000000	-0.03341625
13.52000000	-0.03345590
13.53000000	-0.03308708
13.54000000	-0.03242566
13.55000000	-0.03171672
13.56000000	-0.03129141
13.57000000	-0.03143661
13.58000000	-0.03226694
13.59000000	-0.03366808
13.60000000	-0.03532810
13.61000000	-0.03682855
13.62000000	-0.03774991
13.63000000	-0.03775422
13.64000000	-0.03662857
13.65000000	-0.03429119
13.66000000	-0.03077405
13.67000000	-0.02620382
13.68000000	-0.02080042
13.69000000	-0.01489076
13.70000000	-0.00890327
13.71000000	-0.00329852
13.72000000	0.00157065
13.73000000	0.00560492
13.74000000	0.00900706
13.75000000	0.01217619
13.76000000	0.01549842
13.77000000	0.01916130
13.78000000	0.02310132
13.79000000	0.02709798
13.80000000	0.03093199
13.81000000	0.03449951
13.82000000	0.03782761
13.83000000	0.04101175
13.84000000	0.04412482
13.85000000	0.04711885
13.86000000	0.04972292
13.87000000	0.05138798
13.88000000	0.05138803
13.89000000	0.04913462
13.90000000	0.04458129
13.91000000	0.03843573
13.92000000	0.03195700
13.93000000	0.02641150
13.94000000	0.02254902
13.95000000	0.02044895
13.96000000	0.01977623
13.97000000	0.02017587
13.98000000	0.02148595
13.99000000	0.02365264
14.00000000	0.02647680
14.01000000	0.02942017
14.02000000	0.03162436
14.03000000	0.03214839
14.04000000	0.03030797
14.05000000	0.02594311
14.06000000	0.01947228
14.07000000	0.01171095
14.08000000	0.00356959
14.09000000	-0.00420257
14.10000000	-0.01112653
14.11000000	-0.01696317
14.12000000	-0.02161508
14.13000000	-0.02502977
14.14000000	-0.02714363
14.15000000	-0.02788880
14.16000000	-0.02726859
14.17000000	-0.02546522
14.18000000	-0.02290333
14.19000000	-0.02020903
14.20000000	-0.01807480
14.21000000	-0.01709785
14.22000000	-0.01765348
14.23000000	-0.01982135
14.24000000	-0.02336090
14.25000000	-0.02775365
14.26000000	-0.03234195
14.27000000	-0.03653770
14.28000000	-0.03998458
14.29000000	-0.04254326
14.30000000	-0.04408850
14.31000000	-0.04427989
14.32000000	-0.04252584
14.33000000	-0.03821658
14.34000000	-0.03106700
14.35000000	-0.02130581
14.36000000	-0.00957124
14.37000000	0.00339183
14.38000000	0.01699430
14.39000000	0.03083997
14.40000000	0.04454752
14.41000000	0.05754045
14.42000000	0.06900320
14.43000000	0.07805472
14.44000000	0.08401561
14.45000000	0.08659476
14.46000000	0.08591701
14.47000000	0.08243693
14.48000000	0.07682143
14.49000000	0.06983419
14.50000000	0.06221018
14.51000000	0.05453019
14.52000000	0.04714921
14.53000000	0.04021284
14.54000000	0.03372443
14.55000000	0.02759736
14.56000000	0.02167884
14.57000000	0.01579210
14.58000000	0.00983128
14.59000000	0.00386872
14.60000000	-0.00181259
14.61000000	-0.00680437
14.62000000	-0.01072213
14.63000000	-0.01331761
14.64000000	-0.01450222
14.65000000	-0.01431428
14.66000000	-0.01289736
14.67000000	-0.01051472
14.68000000	-0.00755689
14.69000000	-0.00448646
14.70000000	-0.00172667
14.71000000	0.00042480
14.72000000	0.00177939
14.73000000	0.00216251
14.74000000	0.00136318
14.75000000	-0.00077265
14.76000000	-0.00415296
14.77000000	-0.00832853
14.78000000	-0.01259880
14.79000000	-0.01629259
14.80000000	-0.01902866
14.81000000	-0.02078917
14.82000000	-0.02180746
14.83000000	-0.02239502
14.84000000	-0.02281830
14.85000000	-0.02324899
14.86000000	-0.02375614
14.87000000	-0.02430937
14.88000000	-0.02478744
14.89000000	-0.02500243
14.90000000	-0.02474796
14.91000000	-0.02386708
14.92000000	-0.02232105
14.93000000	-0.02023141
14.94000000	-0.01787277
14.95000000	-0.01561445
14.96000000	-0.01383206
14.97000000	-0.01281819
14.98000000	-0.01271580
14.99000000	-0.01349135
15.00000000	-0.01495715
15.01000000	-0.01683505
15.02000000	-0.01883078
15.03000000	-0.02068125
15.04000000	-0.02215882
15.05000000	-0.02305124
15.06000000	-0.02315591
15.07000000	-0.02231461
15.08000000	-0.02047908
15.09000000	-0.01776761
15.10000000	-0.01446933
15.11000000	-0.01098219
15.12000000	-0.00771235
15.13000000	-0.00498907
15.14000000	-0.00303391
15.15000000	-0.00197454
15.16000000	-0.00185910
15.17000000	-0.00264379
15.18000000	-0.00417500
15.19000000	-0.00620795
15.20000000	-0.00847537
15.21000000	-0.01077611
15.22000000	-0.01303471
15.23000000	-0.01529582
15.24000000	-0.01765035
15.25000000	-0.02012752
15.26000000	-0.02260959
15.27000000	-0.02481560
15.28000000	-0.02635942
15.29000000	-0.02684606
15.30000000	-0.02595889
15.31000000	-0.02351394
15.32000000	-0.01948908
15.33000000	-0.01404579
15.34000000	-0.00754469
15.35000000	-0.00053370
15.36000000	0.00631565
15.37000000	0.01232862
15.38000000	0.01697232
15.39000000	0.01996447
15.40000000	0.02129159
15.41000000	0.02113366
15.42000000	0.01974791
15.43000000	0.01737361
15.44000000	0.01418608
15.45000000	0.01030056
15.46000000	0.00582041
15.47000000	0.00091131
15.48000000	-0.00414399
15.49000000	-0.00896182
15.50000000	-0.01315546
15.51000000	-0.01646401
15.52000000	-0.01883449
15.53000000	-0.02041153
15.54000000	-0.02145259
15.55000000	-0.02222708
15.56000000	-0.02294905
15.57000000	-0.02375264
15.58000000	-0.02468011
15.59000000	-0.02564666
15.60000000	-0.02638745
15.61000000	-0.02645462
15.62000000	-0.02534340
15.63000000	-0.02273766
15.64000000	-0.01873657
15.65000000	-0.01388711
15.66000000	-0.00896328
15.67000000	-0.00461764
15.68000000	-0.00112756
15.69000000	0.00161957
15.70000000	0.00393856
15.71000000	0.00611656
15.72000000	0.00828364
15.73000000	0.01041606
15.74000000	0.01241009
15.75000000	0.01414582
15.76000000	0.01550565
15.77000000	0.01636277
15.78000000	0.01657519
15.79000000	0.01600704
15.80000000	0.01457560
15.81000000	0.01230577
15.82000000	0.00936884
15.83000000	0.00608480
15.84000000	0.00287628
15.85000000	0.00017750
15.86000000	-0.00167659
15.87000000	-0.00253818
15.88000000	-0.00247122
15.89000000	-0.00170051
15.90000000	-0.00051286
15.91000000	0.00083805
15.92000000	0.00218007
15.93000000	0.00341341
15.94000000	0.00446802
15.95000000	0.00526676
15.96000000	0.00572319
15.97000000	0.00577676
15.98000000	0.00544309
15.99000000	0.00484808
16.00000000	0.00422353
16.01000000	0.00385874
16.02000000	0.00402191
16.03000000	0.00488018
16.04000000	0.00645017
16.05000000	0.00859460
16.06000000	0.01105591
16.07000000	0.01350606
16.08000000	0.01559716
16.09000000	0.01700934
16.10000000	0.01749596
16.11000000	0.01692533
16.12000000	0.01531551
16.13000000	0.01285439
16.14000000	0.00988636
16.15000000	0.00684121
16.16000000	0.00410519
16.17000000	0.00188807
16.18000000	0.00017404
16.19000000	-0.00119767
16.20000000	-0.00237292
16.21000000	-0.00335633
16.22000000	-0.00400189
16.23000000	-0.00411267
16.24000000	-0.00356868
16.25000000	-0.00240137
16.26000000	-0.00078794
16.27000000	0.00101205
16.28000000	0.00274395
16.29000000	0.00424578
16.30000000	0.00551452
16.31000000	0.00671958
16.32000000	0.00813582
16.33000000	0.01000431
16.34000000	0.01238029
16.35000000	0.01505460
16.36000000	0.01760479
16.37000000	0.01955633
16.38000000	0.02056321
16.39000000	0.02050607
16.40000000	0.01946533
16.41000000	0.01761192
16.42000000	0.01510570
16.43000000	0.01206952
16.44000000	0.00863848
16.45000000	0.00502495
16.46000000	0.00153240
16.47000000	-0.00150542
16.48000000	-0.00382664
16.49000000	-0.00531853
16.50000000	-0.00601478
16.51000000	-0.00600545
16.52000000	-0.00531523
16.53000000	-0.00384348
16.54000000	-0.00143064
16.55000000	0.00197987
16.56000000	0.00620223
16.57000000	0.01080058
16.58000000	0.01521999
16.59000000	0.01896324
16.60000000	0.02170883
16.61000000	0.02333457
16.62000000	0.02388349
16.63000000	0.02351991
16.64000000	0.02248672
16.65000000	0.02105137
16.66000000	0.01944414
16.67000000	0.01781612
16.68000000	0.01624015
16.69000000	0.01474720
16.70000000	0.01336315
16.71000000	0.01211350
16.72000000	0.01099553
16.73000000	0.00995101
16.74000000	0.00887691
16.75000000	0.00768223
16.76000000	0.00635856
16.77000000	0.00501363
16.78000000	0.00383747
16.79000000	0.00301504
16.80000000	0.00263549
16.81000000	0.00264949
16.82000000	0.00289672
16.83000000	0.00318854
16.84000000	0.00340443
16.85000000	0.00355073
16.86000000	0.00374535
16.87000000	0.00413591
16.88000000	0.00480515
16.89000000	0.00572522
16.90000000	0.00677945
16.91000000	0.00781716
16.92000000	0.00869259
16.93000000	0.00927348
16.94000000	0.00944398
16.95000000	0.00912360
16.96000000	0.00828904
16.97000000	0.00697122
16.98000000	0.00522580
16.99000000	0.00310727
17.00000000	0.00067261
17.01000000	-0.00199489
17.02000000	-0.00477572
17.03000000	-0.00753712
17.04000000	-0.01017006
17.05000000	-0.01260414
17.06000000	-0.01478615
17.07000000	-0.01664432
17.08000000	-0.01807399
17.09000000	-0.01896019
17.10000000	-0.01921842
17.11000000	-0.01882183
17.12000000	-0.01779923
17.13000000	-0.01621510
17.14000000	-0.01415407
17.15000000	-0.01172240
17.16000000	-0.00906076
17.17000000	-0.00635309
17.18000000	-0.00381826
17.19000000	-0.00167979
17.20000000	-0.00011826
17.21000000	0.00077842
17.22000000	0.00104648
17.23000000	0.00084380
17.24000000	0.00041017
17.25000000	-0.00000154
17.26000000	-0.00020599
17.27000000	-0.00015098
17.28000000	0.00006279
17.29000000	0.00022424
17.30000000	0.00009993
17.31000000	-0.00047850
17.32000000	-0.00157176
17.33000000	-0.00314523
17.34000000	-0.00510886
17.35000000	-0.00735050
17.36000000	-0.00975100
17.37000000	-0.01219201
17.38000000	-0.01456905
17.39000000	-0.01681045
17.40000000	-0.01889159
17.41000000	-0.02083176
17.42000000	-0.02266605
17.43000000	-0.02439855
17.44000000	-0.02595912
17.45000000	-0.02719454
17.46000000	-0.02791117
17.47000000	-0.02795504
17.48000000	-0.02728645
17.49000000	-0.02600474
17.50000000	-0.02430720
17.51000000	-0.02240413
17.52000000	-0.02043499
17.53000000	-0.01842830
17.54000000	-0.01632392
17.55000000	-0.01404170
17.56000000	-0.01155453
17.57000000	-0.00892475
17.58000000	-0.00628845
17.59000000	-0.00380423
17.60000000	-0.00159857
17.61000000	0.00026512
17.62000000	0.00178569
17.63000000	0.00300093
17.64000000	0.00395798
17.65000000	0.00469254
17.66000000	0.00522612
17.67000000	0.00558376
17.68000000	0.00582710
17.69000000	0.00608765
17.70000000	0.00657689
17.71000000	0.00755027
17.72000000	0.00922383
17.73000000	0.01167751
17.74000000	0.01480087
17.75000000	0.01831624
17.76000000	0.02186345
17.77000000	0.02509049
17.78000000	0.02770301
17.79000000	0.02947011
17.80000000	0.03022240
17.81000000	0.02987509
17.82000000	0.02847207
17.83000000	0.02621526
17.84000000	0.02344427
17.85000000	0.02056045
17.86000000	0.01792367
17.87000000	0.01576565
17.88000000	0.01415472
17.89000000	0.01301978
17.90000000	0.01221245
17.91000000	0.01156972
17.92000000	0.01094611
17.93000000	0.01021235
17.94000000	0.00924642
17.95000000	0.00794584
17.96000000	0.00626203
17.97000000	0.00422568
17.98000000	0.00192976
17.99000000	-0.00052774
18.00000000	-0.00309827
18.01000000	-0.00578755
18.02000000	-0.00860176
18.03000000	-0.01147203
18.04000000	-0.01420899
18.05000000	-0.01651770
18.06000000	-0.01806803
18.07000000	-0.01859066
18.08000000	-0.01796078
18.09000000	-0.01623518
18.10000000	-0.01362612
18.11000000	-0.01043009
18.12000000	-0.00695976
18.13000000	-0.00352082
18.14000000	-0.00042936
18.15000000	0.00197964
18.16000000	0.00339969
18.17000000	0.00365019
18.18000000	0.00276110
18.19000000	0.00097998
18.20000000	-0.00130872
18.21000000	-0.00369922
18.22000000	-0.00584603
18.23000000	-0.00748102
18.24000000	-0.00839023
18.25000000	-0.00839927
18.26000000	-0.00739818
18.27000000	-0.00539780
18.28000000	-0.00257886
18.29000000	0.00071030
18.30000000	0.00402625
18.31000000	0.00694819
18.32000000	0.00918383
18.33000000	0.01061491
18.34000000	0.01127577
18.35000000	0.01129670
18.36000000	0.01085081
18.37000000	0.01012109
18.38000000	0.00928257
18.39000000	0.00849076
18.40000000	0.00787585
18.41000000	0.00754189
18.42000000	0.00756277
18.43000000	0.00796710
18.44000000	0.00871790
18.45000000	0.00970529
18.46000000	0.01076541
18.47000000	0.01171951
18.48000000	0.01241039
18.49000000	0.01271514
18.50000000	0.01253210
18.51000000	0.01176253
18.52000000	0.01031443
18.53000000	0.00814090
18.54000000	0.00529785
18.55000000	0.00198610
18.56000000	-0.00145666
18.57000000	-0.00462833
18.58000000	-0.00717980
18.59000000	-0.00892540
18.60000000	-0.00988662
18.61000000	-0.01024134
18.62000000	-0.01020954
18.63000000	-0.00994710
18.64000000	-0.00950732
18.65000000	-0.00887455
18.66000000	-0.00802437
18.67000000	-0.00696079
18.68000000	-0.00571718
18.69000000	-0.00434140
18.70000000	-0.00288835
18.71000000	-0.00142569
18.72000000	-0.00004229
18.73000000	0.00115315
18.74000000	0.00204730
18.75000000	0.00254525
18.76000000	0.00259073
18.77000000	0.00217583
18.78000000	0.00134109
18.79000000	0.00017680
18.80000000	-0.00116673
18.81000000	-0.00247078
18.82000000	-0.00346857
18.83000000	-0.00390821
18.84000000	-0.00363513
18.85000000	-0.00264497
18.86000000	-0.00107054
18.87000000	0.00089066
18.88000000	0.00306157
18.89000000	0.00532978
18.90000000	0.00762699
18.91000000	0.00986571
18.92000000	0.01188504
18.93000000	0.01344982
18.94000000	0.01430936
18.95000000	0.01428048
18.96000000	0.01330414
18.97000000	0.01144418
18.98000000	0.00883634
18.99000000	0.00562721
19.00000000	0.00194463
19.01000000	-0.00208625
19.02000000	-0.00630274
19.03000000	-0.01047794
19.04000000	-0.01433157
19.05000000	-0.01757223
19.06000000	-0.01994699
19.07000000	-0.02128011
19.08000000	-0.02149805
19.09000000	-0.02064265
19.10000000	-0.01886904
19.11000000	-0.01642869
19.12000000	-0.01364804
19.13000000	-0.01090883
19.14000000	-0.00861652
19.15000000	-0.00713525
19.16000000	-0.00669156
19.17000000	-0.00728844
19.18000000	-0.00868629
19.19000000	-0.01047587
19.20000000	-0.01221308
19.21000000	-0.01355084
19.22000000	-0.01431458
19.23000000	-0.01450863
19.24000000	-0.01427463
19.25000000	-0.01382980
19.26000000	-0.01339947
19.27000000	-0.01314921
19.28000000	-0.01312658
19.29000000	-0.01323042
19.30000000	-0.01322335
19.31000000	-0.01278943
19.32000000	-0.01162221
19.33000000	-0.00951667
19.34000000	-0.00643650
19.35000000	-0.00253427
19.36000000	0.00188436
19.37000000	0.00644186
19.38000000	0.01078202
19.39000000	0.01462984
19.40000000	0.01779045
19.41000000	0.02010690
19.42000000	0.02143264
19.43000000	0.02165924
19.44000000	0.02078271
19.45000000	0.01895013
19.46000000	0.01644174
19.47000000	0.01359749
19.48000000	0.01074075
19.49000000	0.00814792
19.50000000	0.00606373
19.51000000	0.00471411
19.52000000	0.00426922
19.53000000	0.00476366
19.54000000	0.00603735
19.55000000	0.00775849
19.56000000	0.00952782
19.57000000	0.01100100
19.58000000	0.01196056
19.59000000	0.01231876
19.60000000	0.01208277
19.61000000	0.01131953
19.62000000	0.01012964
19.63000000	0.00862272
19.64000000	0.00689512
19.65000000	0.00502050
19.66000000	0.00305734
19.67000000	0.00106632
19.68000000	-0.00087417
19.69000000	-0.00266463
19.70000000	-0.00419806
19.71000000	-0.00538313
19.72000000	-0.00615995
19.73000000	-0.00649724
19.74000000	-0.00637853
19.75000000	-0.00579604
19.76000000	-0.00476380
19.77000000	-0.00334647
19.78000000	-0.00168925
19.79000000	-0.00003031
19.80000000	0.00131836
19.81000000	0.00202199
19.82000000	0.00178934
19.83000000	0.00043205
19.84000000	-0.00209542
19.85000000	-0.00567542
19.86000000	-0.01002774
19.87000000	-0.01474661
19.88000000	-0.01938705
19.89000000	-0.02358087
19.90000000	-0.02712560
19.91000000	-0.02999561
19.92000000	-0.03227104
19.93000000	-0.03402325
19.94000000	-0.03521058
19.95000000	-0.03563565
19.96000000	-0.03500132
19.97000000	-0.03306294
19.98000000	-0.02981171
19.99000000	-0.02557810
20.00000000	-0.02096862
20.01000000	-0.01665074
20.02000000	-0.01310851
20.03000000	-0.01051156
20.04000000	-0.00875565
20.05000000	-0.00761783
20.06000000	-0.00690991
20.07000000	-0.00653870
20.08000000	-0.00645825
20.09000000	-0.00657292
20.10000000	-0.00667697
20.11000000	-0.00648362
20.12000000	-0.00572992
20.13000000	-0.00428992
20.14000000	-0.00222439
20.15000000	0.00025623
20.16000000	0.00287896
20.17000000	0.00538675
20.18000000	0.00757565
20.19000000	0.00929936
20.20000000	0.01046552
20.21000000	0.01103470
20.22000000	0.01101644
20.23000000	0.01045904
20.24000000	0.00944412
20.25000000	0.00809684
20.26000000	0.00660539
20.27000000	0.00522858
20.28000000	0.00427279
20.29000000	0.00403399
20.30000000	0.00471770
20.31000000	0.00636586
20.32000000	0.00882760
20.33000000	0.01179998
20.34000000	0.01493040
20.35000000	0.01793241
20.36000000	0.02065472
20.37000000	0.02307861
20.38000000	0.02526868
20.39000000	0.02731758
20.40000000	0.02930236
20.41000000	0.03124981
20.42000000	0.03311364
20.43000000	0.03477624
20.44000000	0.03608001
20.45000000	0.03687344
20.46000000	0.03704597
20.47000000	0.03653498
20.48000000	0.03530995
20.49000000	0.03335786
20.50000000	0.03069127
20.51000000	0.02737636
20.52000000	0.02355249
20.53000000	0.01941647
20.54000000	0.01517455
20.55000000	0.01099590
20.56000000	0.00699967
20.57000000	0.00327441
20.58000000	-0.00010296
20.59000000	-0.00307420
20.60000000	-0.00562280
20.61000000	-0.00778225
20.62000000	-0.00961473
20.63000000	-0.01117457
20.64000000	-0.01248360
20.65000000	-0.01353276
20.66000000	-0.01430269
20.67000000	-0.01478345
20.68000000	-0.01497946
20.69000000	-0.01490306
20.70000000	-0.01456978
20.71000000	-0.01400106
20.72000000	-0.01322463
20.73000000	-0.01226023
20.74000000	-0.01109335
20.75000000	-0.00965731
20.76000000	-0.00784623
20.77000000	-0.00556487
20.78000000	-0.00279399
20.79000000	0.00036620
20.80000000	0.00370300
20.81000000	0.00694403
20.82000000	0.00982236
20.83000000	0.01212004
20.84000000	0.01368296
20.85000000	0.01442406
20.86000000	0.01433084
20.87000000	0.01347511
20.88000000	0.01200920
20.89000000	0.01013846
20.90000000	0.00807705
20.91000000	0.00600540
20.92000000	0.00404392
20.93000000	0.00224595
20.94000000	0.00060475
20.95000000	-0.00093062
20.96000000	-0.00243140
20.97000000	-0.00395638
20.98000000	-0.00551491
20.99000000	-0.00703793
21.00000000	-0.00837355
21.01000000	-0.00931580
21.02000000	-0.00966091
21.03000000	-0.00927323
21.04000000	-0.00813676
21.05000000	-0.00636812
21.06000000	-0.00417968
21.07000000	-0.00180990
21.08000000	0.00053817
21.09000000	0.00271787
21.10000000	0.00462304
21.11000000	0.00616667
21.12000000	0.00727874
21.13000000	0.00791977
21.14000000	0.00808866
21.15000000	0.00781425
21.16000000	0.00714380
21.17000000	0.00614797
21.18000000	0.00494122
21.19000000	0.00368925
21.20000000	0.00257507
21.21000000	0.00172940
21.22000000	0.00116987
21.23000000	0.00079572
21.24000000	0.00044458
21.25000000	-0.00002667
21.26000000	-0.00068608
21.27000000	-0.00151920
21.28000000	-0.00245610
21.29000000	-0.00340186
21.30000000	-0.00425274
21.31000000	-0.00490653
21.32000000	-0.00528425
21.33000000	-0.00536170
21.34000000	-0.00518718
21.35000000	-0.00486777
21.36000000	-0.00453494
21.37000000	-0.00431653
21.38000000	-0.00432703
21.39000000	-0.00466197
21.40000000	-0.00537835
21.41000000	-0.00646678
21.42000000	-0.00784369
21.43000000	-0.00938050
21.44000000	-0.01095407
21.45000000	-0.01248499
21.46000000	-0.01394473
21.47000000	-0.01533723
21.48000000	-0.01667251
21.49000000	-0.01794770
21.50000000	-0.01914346
21.51000000	-0.02023555
21.52000000	-0.02121434
21.53000000	-0.02210029
21.54000000	-0.02294159
21.55000000	-0.02378437
21.56000000	-0.02462149
21.57000000	-0.02534887
21.58000000	-0.02576821
21.59000000	-0.02565073
21.60000000	-0.02483267
21.61000000	-0.02328838
21.62000000	-0.02114166
21.63000000	-0.01861522
21.64000000	-0.01594974
21.65000000	-0.01333258
21.66000000	-0.01086466
21.67000000	-0.00857330
21.68000000	-0.00645749
21.69000000	-0.00453663
21.70000000	-0.00287418
21.71000000	-0.00156636
21.72000000	-0.00070736
21.73000000	-0.00034952
21.74000000	-0.00047093
21.75000000	-0.00096190
21.76000000	-0.00164346
21.77000000	-0.00231954
21.78000000	-0.00283882
21.79000000	-0.00312775
21.80000000	-0.00317356
21.81000000	-0.00297573
21.82000000	-0.00250911
21.83000000	-0.00172695
21.84000000	-0.00059323
21.85000000	0.00088734
21.86000000	0.00266135
21.87000000	0.00463637
21.88000000	0.00669241
21.89000000	0.00868442
21.90000000	0.01043792
21.91000000	0.01175140
21.92000000	0.01242043
21.93000000	0.01228748
21.94000000	0.01130308
21.95000000	0.00956866
21.96000000	0.00733199
21.97000000	0.00492628
21.98000000	0.00267456
21.99000000	0.00080193
22.00000000	-0.00060571
22.01000000	-0.00158414
22.02000000	-0.00223534
22.03000000	-0.00267126
22.04000000	-0.00298555
22.05000000	-0.00325638
22.06000000	-0.00356229
22.07000000	-0.00398814
22.08000000	-0.00460909
22.09000000	-0.00545825
22.10000000	-0.00649731
22.11000000	-0.00761262
22.12000000	-0.00864501
22.13000000	-0.00943752
22.14000000	-0.00987017
22.15000000	-0.00986113
22.16000000	-0.00934157
22.17000000	-0.00823264
22.18000000	-0.00645132
22.19000000	-0.00395147
22.20000000	-0.00078031
22.21000000	0.00288629
22.22000000	0.00676062
22.23000000	0.01051181
22.24000000	0.01384879
22.25000000	0.01656886
22.26000000	0.01855019
22.27000000	0.01971073
22.28000000	0.01998068
22.29000000	0.01932321
22.30000000	0.01779730
22.31000000	0.01562004
22.32000000	0.01317888
22.33000000	0.01097084
22.34000000	0.00948598
22.35000000	0.00907920
22.36000000	0.00987626
22.37000000	0.01174277
22.38000000	0.01432264
22.39000000	0.01713244
22.40000000	0.01968317
22.41000000	0.02159255
22.42000000	0.02265602
22.43000000	0.02286357
22.44000000	0.02236936
22.45000000	0.02142698
22.46000000	0.02030303
22.47000000	0.01919233
22.48000000	0.01816954
22.49000000	0.01720048
22.50000000	0.01620021
22.51000000	0.01509625
22.52000000	0.01385972
22.53000000	0.01249715
22.54000000	0.01102437
22.55000000	0.00944833
22.56000000	0.00776838
22.57000000	0.00599433
22.58000000	0.00417153
22.59000000	0.00239701
22.60000000	0.00080895
22.61000000	-0.00045537
22.62000000	-0.00131564
22.63000000	-0.00178805
22.64000000	-0.00198644
22.65000000	-0.00208554
22.66000000	-0.00226467
22.67000000	-0.00265572
22.68000000	-0.00331294
22.69000000	-0.00421192
22.70000000	-0.00527358
22.71000000	-0.00639584
22.72000000	-0.00747093
22.73000000	-0.00838086
22.74000000	-0.00898873
22.75000000	-0.00915275
22.76000000	-0.00876952
22.77000000	-0.00782306
22.78000000	-0.00640559
22.79000000	-0.00469622
22.80000000	-0.00291295
22.81000000	-0.00126494
22.82000000	0.00007926
22.83000000	0.00100714
22.84000000	0.00146672
22.85000000	0.00146421
22.86000000	0.00105656
22.87000000	0.00033912
22.88000000	-0.00057150
22.89000000	-0.00155651
22.90000000	-0.00251217
22.91000000	-0.00336695
22.92000000	-0.00410251
22.93000000	-0.00477125
22.94000000	-0.00548979
22.95000000	-0.00639449
22.96000000	-0.00757421
22.97000000	-0.00902043
22.98000000	-0.01062718
22.99000000	-0.01223871
23.00000000	-0.01370963
23.01000000	-0.01494037
23.02000000	-0.01587766
23.03000000	-0.01649748
23.04000000	-0.01679422
23.05000000	-0.01678385
23.06000000	-0.01651061
23.07000000	-0.01604260
23.08000000	-0.01545282
23.09000000	-0.01479581
23.10000000	-0.01409209
23.11000000	-0.01332429
23.12000000	-0.01244214
23.13000000	-0.01137460
23.14000000	-0.01005144
23.15000000	-0.00842929
23.16000000	-0.00650576
23.17000000	-0.00430867
23.18000000	-0.00186758
23.19000000	0.00080522
23.20000000	0.00370198
23.21000000	0.00678033
23.22000000	0.00993143
23.23000000	0.01298756
23.24000000	0.01576819
23.25000000	0.01812896
23.26000000	0.01997850
23.27000000	0.02126320
23.28000000	0.02195173
23.29000000	0.02204221
23.30000000	0.02157954
23.31000000	0.02065485
23.32000000	0.01937788
23.33000000	0.01784008
23.34000000	0.01609276
23.35000000	0.01415155
23.36000000	0.01202148
23.37000000	0.00972807
23.38000000	0.00734089
23.39000000	0.00498437
23.40000000	0.00283478
23.41000000	0.00110059
23.42000000	-0.00001866
23.43000000	-0.00039131
23.44000000	-0.00000890
23.45000000	0.00099440
23.46000000	0.00237531
23.47000000	0.00384993
23.48000000	0.00515799
23.49000000	0.00609990
23.50000000	0.00655475
23.51000000	0.00649111
23.52000000	0.00596161
23.53000000	0.00506834
23.54000000	0.00391178
23.55000000	0.00255817
23.56000000	0.00104675
23.57000000	-0.00057885
23.58000000	-0.00225241
23.59000000	-0.00390039
23.60000000	-0.00547610
23.61000000	-0.00698277
23.62000000	-0.00846991
23.63000000	-0.01000562
23.64000000	-0.01163727
23.65000000	-0.01335803
23.66000000	-0.01509763
23.67000000	-0.01674214
23.68000000	-0.01816654
23.69000000	-0.01925792
23.70000000	-0.01992294
23.71000000	-0.02009147
23.72000000	-0.01972618
23.73000000	-0.01883173
23.74000000	-0.01744952
23.75000000	-0.01564239
23.76000000	-0.01349166
23.77000000	-0.01111819
23.78000000	-0.00870548
23.79000000	-0.00649048
23.80000000	-0.00471210
23.81000000	-0.00354115
23.82000000	-0.00302886
23.83000000	-0.00309849
23.84000000	-0.00357958
23.85000000	-0.00426070
23.86000000	-0.00493070
23.87000000	-0.00539607
23.88000000	-0.00548899
23.89000000	-0.00508847
23.90000000	-0.00415654
23.91000000	-0.00276566
23.92000000	-0.00109069
23.93000000	0.00063452
23.94000000	0.00217052
23.95000000	0.00331285
23.96000000	0.00391832
23.97000000	0.00392306
23.98000000	0.00335215
23.99000000	0.00232107
24.00000000	0.00103657
24.01000000	-0.00020368
24.02000000	-0.00103553
24.03000000	-0.00110393
24.04000000	-0.00018260
24.05000000	0.00171921
24.06000000	0.00433678
24.07000000	0.00724745
24.08000000	0.01003744
24.09000000	0.01244091
24.10000000	0.01437638
24.11000000	0.01588036
24.12000000	0.01700361
24.13000000	0.01774502
24.14000000	0.01805614
24.15000000	0.01789842
24.16000000	0.01730830
24.17000000	0.01642732
24.18000000	0.01547654
24.19000000	0.01468523
24.20000000	0.01420752
24.21000000	0.01406480
24.22000000	0.01413583
24.23000000	0.01419507
24.24000000	0.01398334
24.25000000	0.01328595
24.26000000	0.01199267
24.27000000	0.01012211
24.28000000	0.00780870
24.29000000	0.00526265
24.30000000	0.00271889
24.31000000	0.00038964
24.32000000	-0.00156736
24.33000000	-0.00305995
24.34000000	-0.00405604
24.35000000	-0.00457565
24.36000000	-0.00469223
24.37000000	-0.00453817
24.38000000	-0.00429389
24.39000000	-0.00414770
24.40000000	-0.00424076
24.41000000	-0.00462930
24.42000000	-0.00528556
24.43000000	-0.00613063
24.44000000	-0.00707037
24.45000000	-0.00800945
24.46000000	-0.00884342
24.47000000	-0.00945227
24.48000000	-0.00971718
24.49000000	-0.00955689
24.50000000	-0.00895789
24.51000000	-0.00797843
24.52000000	-0.00673183
24.53000000	-0.00536771
24.54000000	-0.00405782
24.55000000	-0.00297504
24.56000000	-0.00225452
24.57000000	-0.00194634
24.58000000	-0.00198929
24.59000000	-0.00223301
24.60000000	-0.00250647
24.61000000	-0.00269510
24.62000000	-0.00277833
24.63000000	-0.00280639
24.64000000	-0.00284213
24.65000000	-0.00291834
24.66000000	-0.00304163
24.67000000	-0.00322568
24.68000000	-0.00350790
24.69000000	-0.00392318
24.70000000	-0.00445761
24.71000000	-0.00502979
24.72000000	-0.00552283
24.73000000	-0.00584211
24.74000000	-0.00595042
24.75000000	-0.00585564
24.76000000	-0.00557129
24.77000000	-0.00509077
24.78000000	-0.00439633
24.79000000	-0.00348909
24.80000000	-0.00241132
24.81000000	-0.00124417
24.82000000	-0.00008601
24.83000000	0.00097237
24.84000000	0.00186210
24.85000000	0.00253625
24.86000000	0.00296052
24.87000000	0.00310476
24.88000000	0.00294434
24.89000000	0.00247403
24.90000000	0.00172765
24.91000000	0.00079052
24.92000000	-0.00020738
24.93000000	-0.00112018
24.94000000	-0.00182358
24.95000000	-0.00223806
24.96000000	-0.00232319
24.97000000	-0.00205515
24.98000000	-0.00141862
24.99000000	-0.00042983
25.00000000	0.00083115
25.01000000	0.00222081
25.02000000	0.00358140
25.03000000	0.00480538
25.04000000	0.00586118
25.05000000	0.00676160
25.06000000	0.00751067
25.07000000	0.00807949
25.08000000	0.00842615
25.09000000	0.00853417
25.10000000	0.00843464
25.11000000	0.00819585
25.12000000	0.00788816
25.13000000	0.00754816
25.14000000	0.00716765
25.15000000	0.00671676
25.16000000	0.00618305
25.17000000	0.00559277
25.18000000	0.00499431
25.19000000	0.00442046
25.20000000	0.00386839
25.21000000	0.00331843
25.22000000	0.00277099
25.23000000	0.00226328
25.24000000	0.00185069
25.25000000	0.00157316
25.26000000	0.00143610
25.27000000	0.00141438
25.28000000	0.00146342
25.29000000	0.00152136
25.30000000	0.00150466
25.31000000	0.00131296
25.32000000	0.00085241
25.33000000	0.00007043
25.34000000	-0.00101481
25.35000000	-0.00230609
25.36000000	-0.00364776
25.37000000	-0.00487015
25.38000000	-0.00583978
25.39000000	-0.00649308
25.40000000	-0.00683960
25.41000000	-0.00693813
25.42000000	-0.00686107
25.43000000	-0.00666407
25.44000000	-0.00637201
25.45000000	-0.00598583
25.46000000	-0.00550817
25.47000000	-0.00497417
25.48000000	-0.00446331
25.49000000	-0.00407343
25.50000000	-0.00386510
25.51000000	-0.00381567
25.52000000	-0.00382464
25.53000000	-0.00377425
25.54000000	-0.00360017
25.55000000	-0.00331560
25.56000000	-0.00297322
25.57000000	-0.00260630
25.58000000	-0.00220877
25.59000000	-0.00177359
25.60000000	-0.00135014
25.61000000	-0.00106229
25.62000000	-0.00106621
25.63000000	-0.00147759
25.64000000	-0.00231820
25.65000000	-0.00351140
25.66000000	-0.00492061
25.67000000	-0.00640085
25.68000000	-0.00783330
25.69000000	-0.00913178
25.70000000	-0.01023039
25.71000000	-0.01106941
25.72000000	-0.01159088
25.73000000	-0.01174648
25.74000000	-0.01151557
25.75000000	-0.01092746
25.76000000	-0.01007632
25.77000000	-0.00911399
25.78000000	-0.00821471
25.79000000	-0.00752320
25.80000000	-0.00710925
25.81000000	-0.00694748
25.82000000	-0.00692665
25.83000000	-0.00688382
25.84000000	-0.00665628
25.85000000	-0.00613848
25.86000000	-0.00532292
25.87000000	-0.00430399
25.88000000	-0.00324084
25.89000000	-0.00229875
25.90000000	-0.00159937
25.91000000	-0.00119891
25.92000000	-0.00109057
25.93000000	-0.00121432
25.94000000	-0.00146340
25.95000000	-0.00169184
25.96000000	-0.00173453
25.97000000	-0.00144342
25.98000000	-0.00072723
25.99000000	0.00042482
26.00000000	0.00194794
26.01000000	0.00373283
26.02000000	0.00566581
26.03000000	0.00765284
26.04000000	0.00960889
26.05000000	0.01142088
26.06000000	0.01292152
26.07000000	0.01391120
26.08000000	0.01422816
26.09000000	0.01382488
26.10000000	0.01279804
26.11000000	0.01135270
26.12000000	0.00972657
26.13000000	0.00812125
26.14000000	0.00667032
26.15000000	0.00544174
26.16000000	0.00445199
26.17000000	0.00367441
26.18000000	0.00304154
26.19000000	0.00245459
26.20000000	0.00180830
26.21000000	0.00102455
26.22000000	0.00007675
26.23000000	-0.00100703
26.24000000	-0.00215929
26.25000000	-0.00329554
26.26000000	-0.00433436
26.27000000	-0.00520708
26.28000000	-0.00585167
26.29000000	-0.00619701
26.30000000	-0.00615915
26.31000000	-0.00566833
26.32000000	-0.00471777
26.33000000	-0.00339810
26.34000000	-0.00188481
26.35000000	-0.00038096
26.36000000	0.00094861
26.37000000	0.00201627
26.38000000	0.00281534
26.39000000	0.00340045
26.40000000	0.00385626
26.41000000	0.00426084
26.42000000	0.00465341
26.43000000	0.00501954
26.44000000	0.00530065
26.45000000	0.00542050
26.46000000	0.00531422
26.47000000	0.00495108
26.48000000	0.00435035
26.49000000	0.00358590
26.50000000	0.00276873
26.51000000	0.00200703
26.52000000	0.00136663
26.53000000	0.00086134
26.54000000	0.00047857
26.55000000	0.00021345
26.56000000	0.00007661
26.57000000	0.00006700
26.58000000	0.00013570
26.59000000	0.00017716
26.60000000	0.00006185
26.61000000	-0.00030869
26.62000000	-0.00096028
26.63000000	-0.00184194
26.64000000	-0.00285536
26.65000000	-0.00389271
26.66000000	-0.00485837
26.67000000	-0.00567083
26.68000000	-0.00626045
26.69000000	-0.00657863
26.70000000	-0.00661742
26.71000000	-0.00642204
26.72000000	-0.00607838
26.73000000	-0.00567326
26.74000000	-0.00524665
26.75000000	-0.00476715
26.76000000	-0.00415183
26.77000000	-0.00332176
26.78000000	-0.00225624
26.79000000	-0.00100805
26.80000000	0.00032805
26.81000000	0.00166471
26.82000000	0.00295058
26.83000000	0.00416410
26.84000000	0.00529115
26.85000000	0.00631104
26.86000000	0.00719614
26.87000000	0.00791684
26.88000000	0.00844946
26.89000000	0.00879058
26.90000000	0.00897264
26.91000000	0.00906313
26.92000000	0.00913662
26.93000000	0.00923546
26.94000000	0.00935218
26.95000000	0.00944877
26.96000000	0.00949396
26.97000000	0.00948591
26.98000000	0.00944783
26.99000000	0.00940893
27.00000000	0.00938784
27.01000000	0.00938422
27.02000000	0.00937493
27.03000000	0.00931474
27.04000000	0.00914715
27.05000000	0.00882693
27.06000000	0.00834360
27.07000000	0.00773062
27.08000000	0.00705529
27.09000000	0.00640137
27.10000000	0.00585742
27.11000000	0.00550678
27.12000000	0.00540209
27.13000000	0.00552421
27.14000000	0.00575599
27.15000000	0.00590522
27.16000000	0.00577591
27.17000000	0.00524768
27.18000000	0.00431576
27.19000000	0.00307604
27.20000000	0.00167808
27.21000000	0.00028307
27.22000000	-0.00095542
27.23000000	-0.00189788
27.24000000	-0.00243413
27.25000000	-0.00251579
27.26000000	-0.00219124
27.27000000	-0.00161445
27.28000000	-0.00100827
27.29000000	-0.00059133
27.30000000	-0.00050494
27.31000000	-0.00077987
27.32000000	-0.00135613
27.33000000	-0.00213391
27.34000000	-0.00301810
27.35000000	-0.00393434
27.36000000	-0.00482508
27.37000000	-0.00564941
27.38000000	-0.00639648
27.39000000	-0.00709569
27.40000000	-0.00780087
27.41000000	-0.00854957
27.42000000	-0.00932617
27.43000000	-0.01005482
27.44000000	-0.01062295
27.45000000	-0.01092132
27.46000000	-0.01088949
27.47000000	-0.01055457
27.48000000	-0.01004156
27.49000000	-0.00953699
27.50000000	-0.00921537
27.51000000	-0.00916792
27.52000000	-0.00937606
27.53000000	-0.00974037
27.54000000	-0.01013735
27.55000000	-0.01046375
27.56000000	-0.01064869
27.57000000	-0.01064377
27.58000000	-0.01041459
27.59000000	-0.00994671
27.60000000	-0.00925783
27.61000000	-0.00839642
27.62000000	-0.00741808
27.63000000	-0.00635612
27.64000000	-0.00521468
27.65000000	-0.00399415
27.66000000	-0.00272677
27.67000000	-0.00148867
27.68000000	-0.00037599
27.69000000	0.00053920
27.70000000	0.00124291
27.71000000	0.00178133
27.72000000	0.00223028
27.73000000	0.00265536
27.74000000	0.00309039
27.75000000	0.00354071
27.76000000	0.00399363
27.77000000	0.00442178
27.78000000	0.00478794
27.79000000	0.00506539
27.80000000	0.00526614
27.81000000	0.00545034
27.82000000	0.00570157
27.83000000	0.00608437
27.84000000	0.00661781
27.85000000	0.00728137
27.86000000	0.00803704
27.87000000	0.00884161
27.88000000	0.00964228
27.89000000	0.01036894
27.90000000	0.01093593
27.91000000	0.01125224
27.92000000	0.01123343
27.93000000	0.01081572
27.94000000	0.00997776
27.95000000	0.00876526
27.96000000	0.00729650
27.97000000	0.00572880
27.98000000	0.00419533
27.99000000	0.00275644
28.00000000	0.00140972
28.01000000	0.00015450
28.02000000	-0.00094682
28.03000000	-0.00176882
28.04000000	-0.00218807
28.05000000	-0.00216402
28.06000000	-0.00177990
28.07000000	-0.00121956
28.08000000	-0.00069701
28.09000000	-0.00038264
28.10000000	-0.00036710
28.11000000	-0.00067298
28.12000000	-0.00128732
28.13000000	-0.00218190
28.14000000	-0.00331209
28.15000000	-0.00461076
28.16000000	-0.00599360
28.17000000	-0.00737409
28.18000000	-0.00867314
28.19000000	-0.00981554
28.20000000	-0.01072155
28.21000000	-0.01130800
28.22000000	-0.01150475
28.23000000	-0.01128110
28.24000000	-0.01067037
28.25000000	-0.00977756
28.26000000	-0.00875921
28.27000000	-0.00777945
28.28000000	-0.00696223
28.29000000	-0.00636030
28.30000000	-0.00594906
28.31000000	-0.00564478
28.32000000	-0.00534502
28.33000000	-0.00498126
28.34000000	-0.00455896
28.35000000	-0.00415722
28.36000000	-0.00388068
28.37000000	-0.00379053
28.38000000	-0.00385963
28.39000000	-0.00398071
28.40000000	-0.00401758
28.41000000	-0.00385917
28.42000000	-0.00344119
28.43000000	-0.00273238
28.44000000	-0.00171245
28.45000000	-0.00036866
28.46000000	0.00128645
28.47000000	0.00319445
28.48000000	0.00524498
28.49000000	0.00729055
28.50000000	0.00917879
28.51000000	0.01079077
28.52000000	0.01206761
28.53000000	0.01300897
28.54000000	0.01364452
28.55000000	0.01400098
28.56000000	0.01409053
28.57000000	0.01392173
28.58000000	0.01350772
28.59000000	0.01285404
28.60000000	0.01194152
28.61000000	0.01073462
28.62000000	0.00922074
28.63000000	0.00744944
28.64000000	0.00553396
28.65000000	0.00360995
28.66000000	0.00178406
28.67000000	0.00011128
28.68000000	-0.00138664
28.69000000	-0.00268042
28.70000000	-0.00370064
28.71000000	-0.00433599
28.72000000	-0.00446660
28.73000000	-0.00401625
28.74000000	-0.00299458
28.75000000	-0.00150301
28.76000000	0.00030118
28.77000000	0.00226090
28.78000000	0.00425871
28.79000000	0.00621556
28.80000000	0.00805630
28.81000000	0.00967502
28.82000000	0.01093253
28.83000000	0.01169296
28.84000000	0.01187701
28.85000000	0.01149789
28.86000000	0.01065912
28.87000000	0.00951898
28.88000000	0.00824462
28.89000000	0.00697811
28.90000000	0.00582212
28.91000000	0.00483878
28.92000000	0.00405183
28.93000000	0.00344826
28.94000000	0.00298394
28.95000000	0.00259920
28.96000000	0.00224169
28.97000000	0.00188069
28.98000000	0.00149821
28.99000000	0.00106274
29.00000000	0.00051492
29.01000000	-0.00020861
29.02000000	-0.00111932
29.03000000	-0.00212968
29.04000000	-0.00305936
29.05000000	-0.00370459
29.06000000	-0.00393344
29.07000000	-0.00374988
29.08000000	-0.00328965
29.09000000	-0.00275172
29.10000000	-0.00230573
29.11000000	-0.00202961
29.12000000	-0.00191219
29.13000000	-0.00190850
29.14000000	-0.00199668
29.15000000	-0.00219260
29.16000000	-0.00252357
29.17000000	-0.00299918
29.18000000	-0.00360871
29.19000000	-0.00433782
29.20000000	-0.00517431
29.21000000	-0.00609012
29.22000000	-0.00701912
29.23000000	-0.00785787
29.24000000	-0.00849378
29.25000000	-0.00884322
29.26000000	-0.00888098
29.27000000	-0.00865131
29.28000000	-0.00825646
29.29000000	-0.00782253
29.30000000	-0.00745263
29.31000000	-0.00718985
29.32000000	-0.00701230
29.33000000	-0.00686368
29.34000000	-0.00669638
29.35000000	-0.00649374
29.36000000	-0.00625618
29.37000000	-0.00596918
29.38000000	-0.00559019
29.39000000	-0.00507471
29.40000000	-0.00442382
29.41000000	-0.00371089
29.42000000	-0.00305917
29.43000000	-0.00258103
29.44000000	-0.00231990
29.45000000	-0.00223311
29.46000000	-0.00222393
29.47000000	-0.00220044
29.48000000	-0.00212395
29.49000000	-0.00201650
29.50000000	-0.00192326
29.51000000	-0.00186011
29.52000000	-0.00179015
29.53000000	-0.00164743
29.54000000	-0.00138323
29.55000000	-0.00099641
29.56000000	-0.00053276
29.57000000	-0.00006534
29.58000000	0.00032847
29.59000000	0.00059032
29.60000000	0.00070370
29.61000000	0.00070375
29.62000000	0.00065701
29.63000000	0.00061661
29.64000000	0.00058635
29.65000000	0.00052370
29.66000000	0.00037661
29.67000000	0.00012294
29.68000000	-0.00021015
29.69000000	-0.00054496
29.70000000	-0.00076194
29.71000000	-0.00072332
29.72000000	-0.00032205
29.73000000	0.00045948
29.74000000	0.00152394
29.75000000	0.00269586
29.76000000	0.00379872
29.77000000	0.00471534
29.78000000	0.00539296
29.79000000	0.00580319
29.80000000	0.00590135
29.81000000	0.00562448
29.82000000	0.00493250
29.83000000	0.00386169
29.84000000	0.00254704
29.85000000	0.00118895
29.86000000	-0.00002090
29.87000000	-0.00096689
29.88000000	-0.00162462
29.89000000	-0.00202025
29.90000000	-0.00217583
29.91000000	-0.00208925
29.92000000	-0.00176093
29.93000000	-0.00123598
29.94000000	-0.00061866
29.95000000	-0.00004079
29.96000000	0.00039446
29.97000000	0.00064880
29.98000000	0.00073581
29.99000000	0.00067565
30.00000000	0.00046712
30.01000000	0.00010620
30.02000000	-0.00037381
30.03000000	-0.00089157
30.04000000	-0.00135798
30.05000000	-0.00173646
30.06000000	-0.00207027
30.07000000	-0.00244963
30.08000000	-0.00293832
30.09000000	-0.00350900
30.10000000	-0.00403159
30.11000000	-0.00432922
30.12000000	-0.00427482
30.13000000	-0.00386608
30.14000000	-0.00322125
30.15000000	-0.00249616
30.16000000	-0.00179052
30.17000000	-0.00111819
30.18000000	-0.00045503
30.19000000	0.00018793
30.20000000	0.00072920
30.21000000	0.00104250
30.22000000	0.00101902
30.23000000	0.00062457
30.24000000	-0.00007785
30.25000000	-0.00094944
30.26000000	-0.00183058
30.27000000	-0.00259867
30.28000000	-0.00319190
30.29000000	-0.00358830
30.30000000	-0.00376942
30.31000000	-0.00370724
30.32000000	-0.00338310
30.33000000	-0.00281454
30.34000000	-0.00206264
30.35000000	-0.00121449
30.36000000	-0.00035609
30.37000000	0.00044562
30.38000000	0.00114518
30.39000000	0.00171038
30.40000000	0.00211296
30.41000000	0.00232648
30.42000000	0.00233403
30.43000000	0.00213805
30.44000000	0.00176058
30.45000000	0.00123242
30.46000000	0.00058261
30.47000000	-0.00016301
30.48000000	-0.00097937
30.49000000	-0.00184283
30.50000000	-0.00273054
30.51000000	-0.00361310
30.52000000	-0.00444919
30.53000000	-0.00519652
30.54000000	-0.00583495
30.55000000	-0.00637527
30.56000000	-0.00683486
30.57000000	-0.00719946
30.58000000	-0.00741471
30.59000000	-0.00742332
30.60000000	-0.00721163
30.61000000	-0.00681748
30.62000000	-0.00629422
30.63000000	-0.00567056
30.64000000	-0.00494481
30.65000000	-0.00411302
30.66000000	-0.00319783
30.67000000	-0.00224979
30.68000000	-0.00132185
30.69000000	-0.00043872
30.70000000	0.00041809
30.71000000	0.00130008
30.72000000	0.00225905
30.73000000	0.00330729
30.74000000	0.00439518
30.75000000	0.00542405
30.76000000	0.00628921
30.77000000	0.00692516
30.78000000	0.00732245
30.79000000	0.00750938
30.80000000	0.00752185
30.81000000	0.00739141
30.82000000	0.00715864
30.83000000	0.00689108
30.84000000	0.00668023
30.85000000	0.00661421
30.86000000	0.00674539
30.87000000	0.00707122
30.88000000	0.00753135
30.89000000	0.00801962
30.90000000	0.00841309
30.91000000	0.00861318
30.92000000	0.00857724
30.93000000	0.00831980
30.94000000	0.00788761
30.95000000	0.00733461
30.96000000	0.00671582
30.97000000	0.00609125
30.98000000	0.00551793
30.99000000	0.00502795
31.00000000	0.00461814
31.01000000	0.00426886
31.02000000	0.00397464
31.03000000	0.00375300
31.04000000	0.00362128
31.05000000	0.00356242
31.06000000	0.00350931
31.07000000	0.00336279
31.08000000	0.00303647
31.09000000	0.00250292
31.10000000	0.00181188
31.11000000	0.00106819
31.12000000	0.00038484
31.13000000	-0.00015829
31.14000000	-0.00052960
31.15000000	-0.00073750
31.16000000	-0.00081434
31.17000000	-0.00080196
31.18000000	-0.00073828
31.19000000	-0.00064640
31.20000000	-0.00053583
31.21000000	-0.00041899
31.22000000	-0.00032761
31.23000000	-0.00030874
31.24000000	-0.00039884
31.25000000	-0.00059785
31.26000000	-0.00086793
31.27000000	-0.00115937
31.28000000	-0.00144109
31.29000000	-0.00170959
31.30000000	-0.00197250
31.31000000	-0.00222701
31.32000000	-0.00245599
31.33000000	-0.00264429
31.34000000	-0.00279573
31.35000000	-0.00293172
31.36000000	-0.00307116
31.37000000	-0.00320752
31.38000000	-0.00329951
31.39000000	-0.00328217
31.40000000	-0.00309380
31.41000000	-0.00270657
31.42000000	-0.00214339
31.43000000	-0.00146620
31.44000000	-0.00073771
31.45000000	0.00001528
31.46000000	0.00080153
31.47000000	0.00162333
31.48000000	0.00243142
31.49000000	0.00312132
31.50000000	0.00357564
31.51000000	0.00371670
31.52000000	0.00353274
31.53000000	0.00307178
31.54000000	0.00242255
31.55000000	0.00169829
31.56000000	0.00102215
31.57000000	0.00050826
31.58000000	0.00024261
31.59000000	0.00027229
31.60000000	0.00060294
31.61000000	0.00119812
31.62000000	0.00197838
31.63000000	0.00282591
31.64000000	0.00360227
31.65000000	0.00417992
31.66000000	0.00447914
31.67000000	0.00449604
31.68000000	0.00430829
31.69000000	0.00405234
31.70000000	0.00387551
31.71000000	0.00387666
31.72000000	0.00406027
31.73000000	0.00433326
31.74000000	0.00455531
31.75000000	0.00461354
31.76000000	0.00446876
31.77000000	0.00414463
31.78000000	0.00368427
31.79000000	0.00312160
31.80000000	0.00248672
31.81000000	0.00182307
31.82000000	0.00118656
31.83000000	0.00062640
31.84000000	0.00017079
31.85000000	-0.00017312
31.86000000	-0.00042028
31.87000000	-0.00061700
31.88000000	-0.00083745
31.89000000	-0.00114789
31.90000000	-0.00155754
31.91000000	-0.00199920
31.92000000	-0.00236031
31.93000000	-0.00254136
31.94000000	-0.00249831
31.95000000	-0.00224369
31.96000000	-0.00181801
31.97000000	-0.00126492
31.98000000	-0.00063191
31.99000000	0.00001472
32.00000000	0.00058994
32.01000000	0.00101483
32.02000000	0.00124446
32.03000000	0.00127512
32.04000000	0.00113358
32.05000000	0.00086485
32.06000000	0.00052356
32.07000000	0.00016184
32.08000000	-0.00018523
32.09000000	-0.00050341
32.10000000	-0.00078497
32.11000000	-0.00101049
32.12000000	-0.00114951
32.13000000	-0.00118273
32.14000000	-0.00112142
32.15000000	-0.00100239
32.16000000	-0.00086679
32.17000000	-0.00075024
32.18000000	-0.00069591
32.19000000	-0.00077013
32.20000000	-0.00104718
32.21000000	-0.00155435
32.22000000	-0.00221419
32.23000000	-0.00284459
32.24000000	-0.00324314
32.25000000	-0.00330536
32.26000000	-0.00308243
32.27000000	-0.00273203
32.28000000	-0.00241003
32.29000000	-0.00219024
32.30000000	-0.00205633
32.31000000	-0.00194876
32.32000000	-0.00182507
32.33000000	-0.00169780
32.34000000	-0.00163151
32.35000000	-0.00170466
32.36000000	-0.00196521
32.37000000	-0.00241197
32.38000000	-0.00301017
32.39000000	-0.00372166
32.40000000	-0.00452209
32.41000000	-0.00539575
32.42000000	-0.00632022
32.43000000	-0.00725588
32.44000000	-0.00814375
32.45000000	-0.00890997
32.46000000	-0.00947843
32.47000000	-0.00979058
32.48000000	-0.00982302
32.49000000	-0.00959424
32.50000000	-0.00916320
32.51000000	-0.00862659
32.52000000	-0.00811170
32.53000000	-0.00775436
32.54000000	-0.00765911
32.55000000	-0.00785866
32.56000000	-0.00830094
32.57000000	-0.00887963
32.58000000	-0.00949016
32.59000000	-0.01006683
32.60000000	-0.01056837
32.61000000	-0.01093046
32.62000000	-0.01104295
32.63000000	-0.01078917
32.64000000	-0.01011950
32.65000000	-0.00909442
32.66000000	-0.00785891
32.67000000	-0.00656921
32.68000000	-0.00532539
32.69000000	-0.00414833
32.70000000	-0.00300208
32.71000000	-0.00184011
32.72000000	-0.00065094
32.73000000	0.00052060
32.74000000	0.00159486
32.75000000	0.00251267
32.76000000	0.00328222
32.77000000	0.00397547
32.78000000	0.00467522
32.79000000	0.00541742
32.80000000	0.00617568
32.81000000	0.00689507
32.82000000	0.00754033
32.83000000	0.00811689
32.84000000	0.00865248
32.85000000	0.00916146
32.86000000	0.00962471
32.87000000	0.00999982
32.88000000	0.01024982
32.89000000	0.01036537
32.90000000	0.01036471
32.91000000	0.01027582
32.92000000	0.01011996
32.93000000	0.00991169
32.94000000	0.00967246
32.95000000	0.00943768
32.96000000	0.00924088
32.97000000	0.00908355
32.98000000	0.00892015
32.99000000	0.00867764
33.00000000	0.00829678
33.01000000	0.00776370
33.02000000	0.00711236
33.03000000	0.00640360
33.04000000	0.00569875
33.05000000	0.00504063
33.06000000	0.00444466
33.07000000	0.00390007
33.08000000	0.00338248
33.09000000	0.00287517
33.10000000	0.00238628
33.11000000	0.00194599
33.12000000	0.00158040
33.13000000	0.00128091
33.14000000	0.00099827
33.15000000	0.00067283
33.16000000	0.00027975
33.17000000	-0.00014988
33.18000000	-0.00055205
33.19000000	-0.00087667
33.20000000	-0.00111810
33.21000000	-0.00131055
33.22000000	-0.00150402
33.23000000	-0.00174294
33.24000000	-0.00205066
33.25000000	-0.00241676
33.26000000	-0.00279491
33.27000000	-0.00311985
33.28000000	-0.00333338
33.29000000	-0.00340029
33.30000000	-0.00330757
33.31000000	-0.00305767
33.32000000	-0.00266822
33.33000000	-0.00217870
33.34000000	-0.00165421
33.35000000	-0.00117573
33.36000000	-0.00081559
33.37000000	-0.00061010
33.38000000	-0.00054660
33.39000000	-0.00057493
33.40000000	-0.00063634
33.41000000	-0.00069040
33.42000000	-0.00072347
33.43000000	-0.00073773
33.44000000	-0.00073334
33.45000000	-0.00069651
33.46000000	-0.00059910
33.47000000	-0.00040901
33.48000000	-0.00010883
33.49000000	0.00028526
33.50000000	0.00071760
33.51000000	0.00110883
33.52000000	0.00138674
33.53000000	0.00151406
33.54000000	0.00149725
33.55000000	0.00137211
33.56000000	0.00117607
33.57000000	0.00092647
33.58000000	0.00061973
33.59000000	0.00024709
33.60000000	-0.00019077
33.61000000	-0.00068016
33.62000000	-0.00119481
33.63000000	-0.00169297
33.64000000	-0.00211781
33.65000000	-0.00241047
33.66000000	-0.00253053
33.67000000	-0.00246809
33.68000000	-0.00223822
33.69000000	-0.00186500
33.70000000	-0.00137099
33.71000000	-0.00078135
33.72000000	-0.00013788
33.73000000	0.00049108
33.74000000	0.00101681
33.75000000	0.00135421
33.76000000	0.00145261
33.77000000	0.00131504
33.78000000	0.00099251
33.79000000	0.00055721
33.80000000	0.00007491
33.81000000	-0.00040547
33.82000000	-0.00084584
33.83000000	-0.00121221
33.84000000	-0.00147923
33.85000000	-0.00164252
33.86000000	-0.00172527
33.87000000	-0.00176906
33.88000000	-0.00181193
33.89000000	-0.00186539
33.90000000	-0.00190412
33.91000000	-0.00187735
33.92000000	-0.00173978
33.93000000	-0.00148559
33.94000000	-0.00116145
33.95000000	-0.00084637
33.96000000	-0.00061019
33.97000000	-0.00048028
33.98000000	-0.00043906
33.99000000	-0.00044721
34.00000000	-0.00046665
34.01000000	-0.00046513
34.02000000	-0.00040984
34.03000000	-0.00026865
34.04000000	-0.00002340
34.05000000	0.00031638
34.06000000	0.00071084
34.07000000	0.00109648
34.08000000	0.00139649
34.09000000	0.00154021
34.10000000	0.00149943
34.11000000	0.00132449
34.12000000	0.00113921
34.13000000	0.00107676
34.14000000	0.00119901
34.15000000	0.00146997
34.16000000	0.00180842
34.17000000	0.00216739
34.18000000	0.00256233
34.19000000	0.00302841
34.20000000	0.00356444
34.21000000	0.00412559
34.22000000	0.00466240
34.23000000	0.00515373
34.24000000	0.00559915
34.25000000	0.00598726
34.26000000	0.00627894
34.27000000	0.00642266
34.28000000	0.00638406
34.29000000	0.00616251
34.30000000	0.00578589
34.31000000	0.00529387
34.32000000	0.00472246
34.33000000	0.00409815
34.34000000	0.00344395
34.35000000	0.00279031
34.36000000	0.00217673
34.37000000	0.00163757
34.38000000	0.00118374
34.39000000	0.00079739
34.40000000	0.00044404
34.41000000	0.00009115
34.42000000	-0.00027837
34.43000000	-0.00065981
34.44000000	-0.00102497
34.45000000	-0.00132617
34.46000000	-0.00151005
34.47000000	-0.00153840
34.48000000	-0.00140509
34.49000000	-0.00114055
34.50000000	-0.00080366
34.51000000	-0.00046605
34.52000000	-0.00019375
34.53000000	-0.00003506
34.54000000	-0.00002329
34.55000000	-0.00018822
34.56000000	-0.00055594
34.57000000	-0.00112873
34.58000000	-0.00186527
34.59000000	-0.00268756
34.60000000	-0.00351317
34.61000000	-0.00428241
34.62000000	-0.00495655
34.63000000	-0.00549788
34.64000000	-0.00586502
34.65000000	-0.00603704
34.66000000	-0.00604193
34.67000000	-0.00595462
34.68000000	-0.00585992
34.69000000	-0.00580930
34.70000000	-0.00580337
34.71000000	-0.00580637
34.72000000	-0.00577563
34.73000000	-0.00568583
34.74000000	-0.00553832
34.75000000	-0.00535241
34.76000000	-0.00514144
34.77000000	-0.00488848
34.78000000	-0.00454551
34.79000000	-0.00406485
34.80000000	-0.00344270
34.81000000	-0.00274153
34.82000000	-0.00207459
34.83000000	-0.00156116
34.84000000	-0.00127684
34.85000000	-0.00122489
34.86000000	-0.00134414
34.87000000	-0.00154862
34.88000000	-0.00177195
34.89000000	-0.00198494
34.90000000	-0.00217645
34.91000000	-0.00232245
34.92000000	-0.00237985
34.93000000	-0.00231346
34.94000000	-0.00212514
34.95000000	-0.00185040
34.96000000	-0.00152530
34.97000000	-0.00115883
34.98000000	-0.00073966
34.99000000	-0.00026920
35.00000000	0.00021426
35.01000000	0.00064729
35.02000000	0.00098058
35.03000000	0.00121013
35.04000000	0.00137216
35.05000000	0.00150657
35.06000000	0.00162127
35.07000000	0.00168703
35.08000000	0.00166535
35.09000000	0.00154960
35.10000000	0.00139307
35.11000000	0.00130076
35.12000000	0.00137711
35.13000000	0.00165346
35.14000000	0.00204683
35.15000000	0.00238803
35.16000000	0.00250537
35.17000000	0.00230837
35.18000000	0.00182002
35.19000000	0.00114694
35.20000000	0.00041644
35.21000000	-0.00027635
35.22000000	-0.00088422
35.23000000	-0.00138903
35.24000000	-0.00177467
35.25000000	-0.00202090
35.26000000	-0.00212427
35.27000000	-0.00212082
35.28000000	-0.00207608
35.29000000	-0.00203877
35.30000000	-0.00199767
35.31000000	-0.00188940
35.32000000	-0.00166093
35.33000000	-0.00133673
35.34000000	-0.00102773
35.35000000	-0.00086580
35.36000000	-0.00091392
35.37000000	-0.00112812
35.38000000	-0.00140306
35.39000000	-0.00165586
35.40000000	-0.00186856
35.41000000	-0.00205668
35.42000000	-0.00220719
35.43000000	-0.00225132
35.44000000	-0.00209068
35.45000000	-0.00164604
35.46000000	-0.00089136
35.47000000	0.00013925
35.48000000	0.00136462
35.49000000	0.00268035
35.50000000	0.00398612
35.51000000	0.00520428
35.52000000	0.00627683
35.53000000	0.00714621
35.54000000	0.00774556
35.55000000	0.00801593
35.56000000	0.00793801
35.57000000	0.00755028
35.58000000	0.00694174
35.59000000	0.00622826
35.60000000	0.00552617
35.61000000	0.00492821
35.62000000	0.00448453
35.63000000	0.00419486
35.64000000	0.00401825
35.65000000	0.00389592
35.66000000	0.00377298
35.67000000	0.00361047
35.68000000	0.00339001
35.69000000	0.00311371
35.70000000	0.00279294
35.71000000	0.00242508
35.72000000	0.00197633
35.73000000	0.00139388
35.74000000	0.00064676
35.75000000	-0.00023588
35.76000000	-0.00116366
35.77000000	-0.00202456
35.78000000	-0.00273310
35.79000000	-0.00325109
35.80000000	-0.00357359
35.81000000	-0.00370330
35.82000000	-0.00364140
35.83000000	-0.00340153
35.84000000	-0.00302969
35.85000000	-0.00260604
35.86000000	-0.00222090
35.87000000	-0.00193912
35.88000000	-0.00177847
35.89000000	-0.00171665
35.90000000	-0.00171915
35.91000000	-0.00176285
35.92000000	-0.00183587
35.93000000	-0.00191644
35.94000000	-0.00195538
35.95000000	-0.00188666
35.96000000	-0.00166718
35.97000000	-0.00131830
35.98000000	-0.00093289
35.99000000	-0.00063427
36.00000000	-0.00051097
36.01000000	-0.00057042
36.02000000	-0.00073969
36.03000000	-0.00090774
36.04000000	-0.00097989
36.05000000	-0.00091366
36.06000000	-0.00072140
36.07000000	-0.00044430
36.08000000	-0.00011644
36.09000000	0.00025849
36.10000000	0.00070330
36.11000000	0.00123833
36.12000000	0.00184853
36.13000000	0.00247532
36.14000000	0.00304530
36.15000000	0.00351464
36.16000000	0.00389109
36.17000000	0.00421654
36.18000000	0.00453204
36.19000000	0.00485819
36.20000000	0.00520022
36.21000000	0.00556033
36.22000000	0.00593852
36.23000000	0.00632023
36.24000000	0.00666360
36.25000000	0.00689943
36.26000000	0.00694860
36.27000000	0.00675168
36.28000000	0.00629907
36.29000000	0.00564537
36.30000000	0.00489502
36.31000000	0.00416147
36.32000000	0.00351998
36.33000000	0.00298007
36.34000000	0.00249384
36.35000000	0.00199693
36.36000000	0.00145896
36.37000000	0.00090868
36.38000000	0.00041219
36.39000000	0.00002035
36.40000000	-0.00026808
36.41000000	-0.00049584
36.42000000	-0.00070516
36.43000000	-0.00090743
36.44000000	-0.00108827
36.45000000	-0.00123255
36.46000000	-0.00133887
36.47000000	-0.00141390
36.48000000	-0.00146226
36.49000000	-0.00148830
36.50000000	-0.00150546
36.51000000	-0.00153945
36.52000000	-0.00162214
36.53000000	-0.00178409
36.54000000	-0.00204994
36.55000000	-0.00243108
36.56000000	-0.00291049
36.57000000	-0.00342740
36.58000000	-0.00387920
36.59000000	-0.00414992
36.60000000	-0.00415312
36.61000000	-0.00386346
36.62000000	-0.00331876
36.63000000	-0.00259697
36.64000000	-0.00178857
36.65000000	-0.00098119
36.66000000	-0.00025614
36.67000000	0.00031507
36.68000000	0.00068158
36.69000000	0.00082632
36.70000000	0.00077051
36.71000000	0.00056466
36.72000000	0.00027141
36.73000000	-0.00005028
36.74000000	-0.00035273
36.75000000	-0.00059803
36.76000000	-0.00075116
36.77000000	-0.00077742
36.78000000	-0.00065414
36.79000000	-0.00039354
36.80000000	-0.00005691
36.81000000	0.00025950
36.82000000	0.00046383
36.83000000	0.00050596
36.84000000	0.00038631
36.85000000	0.00013506
36.86000000	-0.00021423
36.87000000	-0.00063530
36.88000000	-0.00110529
36.89000000	-0.00160013
36.90000000	-0.00209617
36.91000000	-0.00257368
36.92000000	-0.00301804
36.93000000	-0.00341876
36.94000000	-0.00376686
36.95000000	-0.00404977
36.96000000	-0.00424568
36.97000000	-0.00432559
36.98000000	-0.00426865
36.99000000	-0.00408206
37.00000000	-0.00380700
37.01000000	-0.00350266
37.02000000	-0.00322177
37.03000000	-0.00299597
37.04000000	-0.00283592
37.05000000	-0.00273935
37.06000000	-0.00270091
37.07000000	-0.00272012
37.08000000	-0.00280159
37.09000000	-0.00294313
37.10000000	-0.00311753
37.11000000	-0.00326607
37.12000000	-0.00331778
37.13000000	-0.00322710
37.14000000	-0.00300119
37.15000000	-0.00269325
37.16000000	-0.00236624
37.17000000	-0.00205521
37.18000000	-0.00175430
37.19000000	-0.00143440
37.20000000	-0.00107536
37.21000000	-0.00068822
37.22000000	-0.00031257
37.23000000	0.00000470
37.24000000	0.00022878
37.25000000	0.00034065
37.26000000	0.00033058
37.27000000	0.00019653
37.28000000	-0.00004715
37.29000000	-0.00036077
37.30000000	-0.00068369
37.31000000	-0.00095368
37.32000000	-0.00113028
37.33000000	-0.00120805
37.34000000	-0.00121237
37.35000000	-0.00117981
37.36000000	-0.00113300
37.37000000	-0.00106424
37.38000000	-0.00093947
37.39000000	-0.00072169
37.40000000	-0.00039781
37.41000000	0.00001072
37.42000000	0.00045949
37.43000000	0.00090180
37.44000000	0.00129845
37.45000000	0.00161290
37.46000000	0.00180624
37.47000000	0.00184598
37.48000000	0.00172407
37.49000000	0.00146821
37.50000000	0.00113740
37.51000000	0.00080426
37.52000000	0.00053212
37.53000000	0.00035597
37.54000000	0.00027535
37.55000000	0.00026238
37.56000000	0.00027825
37.57000000	0.00028629
37.58000000	0.00025577
37.59000000	0.00016380
37.60000000	0.00000547
37.61000000	-0.00019154
37.62000000	-0.00036605
37.63000000	-0.00044641
37.64000000	-0.00038466
37.65000000	-0.00017894
37.66000000	0.00012735
37.67000000	0.00046642
37.68000000	0.00077650
37.69000000	0.00102725
37.70000000	0.00122492
37.71000000	0.00139425
37.72000000	0.00155280
37.73000000	0.00169941
37.74000000	0.00182276
37.75000000	0.00191647
37.76000000	0.00198341
37.77000000	0.00202550
37.78000000	0.00203122
37.79000000	0.00197483
37.80000000	0.00182900
37.81000000	0.00158142
37.82000000	0.00124474
37.83000000	0.00085481
37.84000000	0.00045822
37.85000000	0.00009581
37.86000000	-0.00020802
37.87000000	-0.00044435
37.88000000	-0.00061020
37.89000000	-0.00069890
37.90000000	-0.00069702
37.91000000	-0.00058859
37.92000000	-0.00036301
37.93000000	-0.00002279
37.94000000	0.00041132
37.95000000	0.00090010
37.96000000	0.00139218
37.97000000	0.00183533
37.98000000	0.00218628
37.99000000	0.00241481
38.00000000	0.00250470
38.01000000	0.00245766
38.02000000	0.00229962
38.03000000	0.00208068
38.04000000	0.00186110
38.05000000	0.00168656
38.06000000	0.00156700
38.07000000	0.00147388
38.08000000	0.00135966
38.09000000	0.00118818
38.10000000	0.00095700
38.11000000	0.00069734
38.12000000	0.00045278
38.13000000	0.00025354
38.14000000	0.00010588
38.15000000	0.00000165
38.16000000	-0.00006546
38.17000000	-0.00009425
38.18000000	-0.00008444
38.19000000	-0.00004842
38.20000000	-0.00001368
38.21000000	-0.00001302
38.22000000	-0.00006992
38.23000000	-0.00018953
38.24000000	-0.00036030
38.25000000	-0.00056307
38.26000000	-0.00077978
38.27000000	-0.00099550
38.28000000	-0.00119358
38.29000000	-0.00134961
38.30000000	-0.00143144
38.31000000	-0.00140915
38.32000000	-0.00127102
38.33000000	-0.00103518
38.34000000	-0.00074705
38.35000000	-0.00046179
38.36000000	-0.00022105
38.37000000	-0.00003885
38.38000000	0.00009493
38.39000000	0.00019750
38.40000000	0.00027764
38.41000000	0.00033368
38.42000000	0.00036318
38.43000000	0.00037224
38.44000000	0.00037486
38.45000000	0.00038372
38.46000000	0.00040126
38.47000000	0.00041826
38.48000000	0.00042068
38.49000000	0.00039985
38.50000000	0.00035928
38.51000000	0.00031372
38.52000000	0.00028015
38.53000000	0.00026610
38.54000000	0.00026289
38.55000000	0.00024885
38.56000000	0.00020105
38.57000000	0.00010854
38.58000000	-0.00002074
38.59000000	-0.00016341
38.60000000	-0.00029245
38.61000000	-0.00038963
38.62000000	-0.00045040
38.63000000	-0.00047979
38.64000000	-0.00048565
38.65000000	-0.00047551
38.66000000	-0.00045704
38.67000000	-0.00043780
38.68000000	-0.00042253
38.69000000	-0.00041098
38.70000000	-0.00039908
38.71000000	-0.00038322
38.72000000	-0.00036454
38.73000000	-0.00035057
38.74000000	-0.00035316
38.75000000	-0.00038276
38.76000000	-0.00044133
38.77000000	-0.00051875
38.78000000	-0.00059671
38.79000000	-0.00065819
38.80000000	-0.00069522
38.81000000	-0.00070888
38.82000000	-0.00070321
38.83000000	-0.00067962
38.84000000	-0.00063643
38.85000000	-0.00057286
38.86000000	-0.00049402
38.87000000	-0.00041264
38.88000000	-0.00034512
38.89000000	-0.00030321
38.90000000	-0.00028712
38.91000000	-0.00028580
38.92000000	-0.00028427
38.93000000	-0.00027174
38.94000000	-0.00024428
38.95000000	-0.00020205
38.96000000	-0.00014637
38.97000000	-0.00008065
38.98000000	-0.00001266
38.99000000	0.00004663
39.00000000	0.00008812
39.01000000	0.00010946
39.02000000	0.00011514
39.03000000	0.00011206
39.04000000	0.00010478
39.05000000	0.00009469
39.06000000	0.00008282
39.07000000	0.00007267
39.08000000	0.00007010
39.09000000	0.00008074
39.10000000	0.00010795
39.11000000	0.00015227
39.12000000	0.00021137
39.13000000	0.00027977
39.14000000	0.00034946
39.15000000	0.00041276
39.16000000	0.00046580
39.17000000	0.00050980
39.18000000	0.00054824
39.19000000	0.00058209
39.20000000	0.00060757
39.21000000	0.00061885
39.22000000	0.00061332
39.23000000	0.00059404
39.24000000	0.00056737
39.25000000	0.00053785
39.26000000	0.00050538
39.27000000	0.00046655
39.28000000	0.00041888
39.29000000	0.00036416
39.30000000	0.00030879
39.31000000	0.00026079
39.32000000	0.00022562
39.33000000	0.00020330
39.34000000	0.00018871
39.35000000	0.00017499
39.36000000	0.00015744
39.37000000	0.00013618
39.38000000	0.00011606
39.39000000	0.00010410
39.40000000	0.00010525
39.41000000	0.00011890
39.42000000	0.00013857
39.43000000	0.00015518
39.44000000	0.00016167
39.45000000	0.00015616
39.46000000	0.00014188
39.47000000	0.00012446
39.48000000	0.00010847
39.49000000	0.00009540
39.50000000	0.00008420
39.51000000	0.00007307
39.52000000	0.00006060
39.53000000	0.00004605
39.54000000	0.00002999
39.55000000	0.00001491
39.56000000	0.00000437
39.57000000	0.00000031
39.58000000	0.00000084
39.59000000	0.00000085
39.60000000	-0.00000471
39.61000000	-0.00001717
39.62000000	-0.00003318
39.63000000	-0.00004708
39.64000000	-0.00005485
39.65000000	-0.00005631
39.66000000	-0.00005421
39.67000000	-0.00005176
39.68000000	-0.00005070
39.69000000	-0.00005104
39.70000000	-0.00005190
39.71000000	-0.00005248
39.72000000	-0.00005255
39.73000000	-0.00005230
39.74000000	-0.00005205
39.75000000	-0.00005195
39.76000000	-0.00005199
39.77000000	-0.00005208
39.78000000	-0.00005214
39.79000000	-0.00005215
39.80000000	-0.00005212
39.81000000	-0.00005209
39.82000000	-0.00005208
39.83000000	-0.00005209
39.84000000	-0.00005210
39.85000000	-0.00005211
39.86000000	-0.00005211
39.87000000	-0.00005210
39.88000000	-0.00005210
